2 1000
0.9433828427943477 0.373858320010124
0.2479004217931795 0.2837380888795483
0.3190405352149671 0.43602007663996356
0.8732510329850475 0.25664223408413966
0.18210068751618347 0.39655548598923573
0.6621047743356387 0.752707946594333
0.9323942119946061 0.6615798891789076
0.8107829608721926 0.7365241504513819
0.22608348511443022 0.7863610263152976
0.8580887089213016 0.34449329795036565
0.08699051634169297 0.4944255268883063
0.6395771195193736 0.761437518287787
0.1881394188671982 0.26084775007269334
0.6008232505794475 0.3090269887880255
0.19238463448255716 0.4262301495601938
0.6448398824748262 0.6894974205333377
0.4376271242518355 0.31679528970315973
0.41521061794697744 0.794916291417263
0.8558112039441976 0.7765557858607665
0.4602246000053124 0.23933343339283608
0.872789644966751 0.739074299292013
0.08580313045957444 0.20541107184384588
0.7698617935475047 0.6423636448821121
0.1852731635288022 0.7149136008318057
0.3210468347347022 0.37834486800624445
0.6245377188844158 0.25276188947360023
0.7851859663158076 0.6268968882834332
0.9412602775728527 0.5118946137563396
0.561122452470071 0.48822801560949536
0.929954869123198 0.20538868419451362
0.9403064394763759 0.6092093490621717
0.1867064803724371 0.7737747861819927
0.07945262934526276 0.573484485786739
0.26891771348707694 0.4965329932716399
0.09535076832129918 0.29712310642669737
0.07676196262587232 0.4717422274673012
0.1475179653492229 0.5221157440736184
0.857972896394535 0.49128058767716676
0.5813544233195963 0.7899522443367053
0.7910045981833154 0.24651285439958026
0.46256812436562056 0.2091090307148008
0.3907799500150324 0.5124525335128841
0.6264902517790034 0.7596537367229795
0.33774889454713564 0.639113825776972
0.8627013878014878 0.6231561112369097
0.25154953619334053 0.3903228696383483
0.6891269326711006 0.2259061863563646
0.07261762357767587 0.4534101886760049
0.6697994694681515 0.5048069933359517
0.6263956868208487 0.23659560942758207
0.06254280998546469 0.5284446854601197
0.19125620277611344 0.39015842849272775
0.1613791674100189 0.7314007123886277
0.4802296141226887 0.5399617350622862
0.8165321408490673 0.38537583674276954
0.9198492808350515 0.2215033064119799
0.7964576875855012 0.5232031606325871
0.7615785568165564 0.48167104259389837
0.6135024255674791 0.785154255562754
0.8520700191927314 0.33590169152880067
0.6927493465462549 0.5080239884393188
0.1438068313622789 0.7927162889952662
0.09824884816773383 0.7313745149452613
0.2274317668473509 0.5829274872177157
0.779248928266152 0.4694286891768402
0.12813252052252555 0.5337963869437825
0.13765386739907115 0.2948499282506555
0.6066620438367706 0.5261076876174288
0.07688295110082521 0.24551266768197821
0.9414522794343977 0.34504538956905617
0.2964163568342063 0.7752742149356434
0.1602806846733631 0.7339841198242226
0.2522627891258816 0.6013365009971666
0.8629329081934979 0.7803594675947655
0.4575915639427409 0.5552108046362324
0.07364448748487651 0.5049052592629029
0.17549845705570943 0.26402232219105815
0.14481183649248142 0.3687117350753235
0.7552138884960828 0.7899242671304165
0.10155740850887784 0.37547377737138155
0.778383915806502 0.2550897875449313
0.20926932001015686 0.6614722249134662
0.36122583408010533 0.533552689585298
0.5442813684052092 0.20723406464703498
0.3902036644401138 0.22481153333479775
0.30560145983306497 0.3753691601966096
0.6303213829447941 0.5193249959118488
0.30316116949115257 0.6331312728231692
0.13998256009060817 0.2923810385491854
0.7474722915719169 0.7660788858963801
0.15531443748019202 0.6103467924703586
0.6922786275477326 0.22608074459239047
0.682558475164694 0.2458286244415353
0.6698616427980151 0.47345765545622975
0.323387682480039 0.2675404015259152
0.06867180992213473 0.4050867756766867
0.06460618955147523 0.6235877612435977
0.5234442742432741 0.516443056816584
0.5293736499253803 0.4895502556501332
0.17692048849023723 0.3993606892100392
0.8376316245468294 0.25286041409838733
0.4515131062536748 0.7389877249071735
0.7667295009662198 0.6521296352680396
0.37890328278081387 0.7957535327602285
0.8249597896619861 0.377552009100219
0.5647323276796766 0.22014485676366258
0.85714782432126 0.6590268332118637
0.2488439835866586 0.6078685217022302
0.9469842301339879 0.20214574079213232
0.42720932509248377 0.28022615269230133
0.16036681177925305 0.7561960891278728
0.3602113685017383 0.71003494295622
0.817534357955254 0.3686718328172721
0.32830372567227917 0.35250757496171115
0.6705718371628839 0.7751615966346194
0.10916294316662034 0.6913988451063589
0.5388430377359704 0.4933528208524993
0.10646992328103277 0.28317448108118026
0.22376268213045314 0.4256676702366634
0.18173030890992803 0.6410542044766313
0.5805681938720447 0.7668673994500244
0.8053445481038071 0.7818118958905311
0.9163954472949108 0.3961270897249558
0.21721362099287012 0.5634058105192647
0.856949330921505 0.6165315207114581
0.49399710054576473 0.7564099365847917
0.1728247344170415 0.5975834479384518
0.23707197977693972 0.6281761481748687
0.23303407953569344 0.5475210065303407
0.7376857668091148 0.6215078502786908
0.31784097402187195 0.2272108739827523
0.43179645545848433 0.5409142907952286
0.3199854749013028 0.2569966986335389
0.6999478094720765 0.20927917533067997
0.5857559497454932 0.24814937736588183
0.47643506211690734 0.7017957764886833
0.08157996155122438 0.7063880137113119
0.23256354362342213 0.4314181094427033
0.23105987257628247 0.6982714704199432
0.9406576098820398 0.7703374229340505
0.7160812039558871 0.5111848536437675
0.4399308095992741 0.3062539353543605
0.3795802765493974 0.30802982300745263
0.21248520153111694 0.21180627061282342
0.8695752840850021 0.47039579310859914
0.4931766964555473 0.4810715138433872
0.20979037201717743 0.5823395626686333
0.6898381074985983 0.39809495088240987
0.24932331972929778 0.642162519902486
0.5519560721093137 0.304752593790821
0.7290032147419926 0.7628641084405559
0.24499287036800532 0.5043999829089477
0.6300112774228678 0.7425252573660257
0.7258876392288017 0.2188914630963269
0.3356169221363552 0.22200969988621722
0.19368145296051476 0.4881782505770391
0.4950984856826939 0.790966628643489
0.10437235012551471 0.4758356846717402
0.23637725382457686 0.6969471846542356
0.3550457425690321 0.6938118860546696
0.30368469342067783 0.36216457002839364
0.5113655443994575 0.5371145812576937
0.33254715017665215 0.6950148168429668
0.25597599694148065 0.21249351005778594
0.6706663452321144 0.7853272130453409
0.3467864043732517 0.5835775081301274
0.6926437170356116 0.48307422981973036
0.41440978607343604 0.4731854321783877
0.6950484818227579 0.7826337346166888
0.38266896853536014 0.257370595766478
0.3362412714044667 0.5794228288688194
0.8352496075206816 0.5290042830856846
0.3014548087091483 0.32662728623521975
0.3195034488611421 0.7788652824404287
0.2920050390043525 0.48882730275043096
0.15263242762162976 0.5350035256951702
0.41461955299378117 0.7432634398414657
0.7271572564507048 0.7508478008541202
0.9412593362509912 0.525070089058874
0.5108639078850695 0.5152512085769213
0.2373786564357332 0.3562391207565925
0.30832842477642586 0.535319805324024
0.4742212147000133 0.2130276838279236
0.876536442440074 0.7611240539309766
0.11032406022846097 0.7317304064270137
0.9169622341969463 0.3660600250551652
0.4005450454143733 0.20693495921462524
0.4230197958549732 0.7667692840249302
0.7491324285496872 0.7951442977339837
0.9363655718815868 0.34617637239202925
0.6977299317536516 0.769961840133322
0.1507051105780124 0.6888734940943995
0.4622863015303933 0.44944868066771426
0.19980063017897465 0.2530486628845271
0.5847423334012026 0.20455521858538683
0.5791024076730696 0.23274680541281323
0.6086477483699473 0.5108219919298878
0.22304088519415965 0.6970119066506729
0.5993806490163522 0.2330914382873085
0.7486492650909504 0.6432898380373306
0.8862605209535933 0.7971734583336376
0.46504338673707124 0.7536803130488602
0.09138602041656452 0.38214313099232067
0.345655070820164 0.4856673787690886
0.762475763107986 0.7926054810751888
0.1863495610446586 0.4396329935463248
0.6421232733694066 0.6989133325606923
0.08705846906694314 0.6423168457103
0.22546987162570642 0.6076994936771034
0.27176666787363335 0.22099990729328867
0.23537702264526672 0.7848549559985615
0.3561185373733975 0.28618042095203655
0.5296186167380856 0.7574398035193821
0.145663113770096 0.3630303638196558
0.7444270089836122 0.7871332440899634
0.32768379698998074 0.5468865506054148
0.05694841063925249 0.6526450057008156
0.7987562469498594 0.3707713611636747
0.5106010528522862 0.514853050271443
0.19499046463359704 0.27709375597914276
0.8070373722813643 0.5026691843191081
0.3859247582701578 0.4790948401158408
0.18758289356436164 0.6017442833923003
0.4768229986300937 0.2749337304050721
0.22984955135890328 0.2679258142854284
0.3090713939996619 0.5226750719944593
0.5886649078864119 0.26085760962267734
0.5030959533842692 0.7025219272703483
0.8220446559073784 0.359369584677934
0.39070712126874585 0.47659721976506186
0.9286910820003139 0.797706292238011
0.33172898856398203 0.39968927064086124
0.3225950991250365 0.4143180213691129
0.10279596639697797 0.5268341896314085
0.7987515624506899 0.35580522135810155
0.6827690494796328 0.7755486268350985
0.7671932971146127 0.2473193021634148
0.2818101209998115 0.3371289354480641
0.42607663638494364 0.2900680121015662
0.05085687652213666 0.5093896288550039
0.773371694317243 0.37900199308777893
0.098692265071461 0.7047996550092225
0.40375265308881503 0.7470319634877645
0.8500773689955696 0.35947926143681785
0.8104993640991472 0.7934929268994871
0.4085134706509158 0.7348742546171657
0.7658371001304302 0.35699692290432505
0.29581029515361745 0.3386611603771066
0.8710904331880963 0.6538469802298401
0.6832693121196024 0.6260566175783153
0.5850936523856873 0.7275845039154063
0.32006049584368856 0.39129391797468016
0.7705528292486791 0.21548899456391335
0.3297553839931754 0.509880895742041
0.2081243649903617 0.20928800335823305
0.7747355241632069 0.48208202250990906
0.10797738810324431 0.5236078719485101
0.1242682000808073 0.7197696579489135
0.6569163793469357 0.37876026060245493
0.2595192038372903 0.2615366465411957
0.8367888184146172 0.23853917397161706
0.34340110374052757 0.7495357591269904
0.4299506656571599 0.538042148547635
0.058066353743736476 0.49228357438880843
0.775567133185562 0.36393716053008307
0.7854660214466209 0.734428310196277
0.6921447838002537 0.7973741228929144
0.37827594553679933 0.21582718089931452
0.28933016039041803 0.45487129220628375
0.5983517704528711 0.7415057143816649
0.7981269606682252 0.6152316015687831
0.10110734688726075 0.7150568506171712
0.3219644305549292 0.4915612803526138
0.6675460203157918 0.7407559648626819
0.8946344917447301 0.6466033811163232
0.7428991091741853 0.4693784585266708
0.6390882681462239 0.24980850933036125
0.3433868983721178 0.6228511226459831
0.20078433002895546 0.7512494582186585
0.2052072184757543 0.5155900951003562
0.5405858542937167 0.6988662662575915
0.5629827465360911 0.27911198553887273
0.6217666173645413 0.30383416652986617
0.5230534873693033 0.5357369851985203
0.8617540821864331 0.5083917534786098
0.27163690527772 0.5573795543853775
0.5660732614024934 0.5285866379771473
0.09766079019146479 0.6938041549832561
0.23955601847658092 0.6035750162025695
0.16269464121261257 0.4262812341080907
0.3223768631776287 0.441460039162613
0.3373154357349789 0.4837180896133062
0.168252080100471 0.5201218734291149
0.10143246930573313 0.25009127361619155
0.892884074183976 0.26039110836080104
0.1042274831966703 0.7372945464701334
0.1481491831269829 0.6691790129677425
0.5854598298026912 0.45188334393123764
0.8830747172110894 0.5296508813464439
0.184435271559931 0.4028781016779561
0.45257282252965025 0.7892037271873669
0.22261656911821726 0.42352963794316945
0.3696504230477259 0.4603177718295216
0.31521961042777147 0.5926891444876264
0.8582076791910881 0.4865037131509211
0.48975959753679954 0.24413381813143054
0.5793272378382596 0.47772145037090763
0.09106464791862812 0.3526045948850429
0.8530521523539669 0.78383534766392
0.27522214540178214 0.438837119678375
0.09444546167339574 0.4587165769760213
0.10811080117395866 0.7647204420592751
0.24651759899679226 0.49457952258200133
0.09815141122107329 0.7044504098890013
0.08989544614055744 0.20400006309480645
0.7907470255778027 0.7924230255252159
0.11745918173583658 0.3291070758949748
0.11888219711812698 0.39092605532527713
0.5376770974171129 0.7608161422240625
0.49888338698302737 0.5382239973789967
0.2308617588630263 0.37600871425128124
0.6398267862637282 0.24239213672107784
0.9399332156857848 0.3963104230513873
0.45726910216596284 0.5462092235730269
0.8093423540731202 0.35400044050615254
0.2954304868079912 0.4612696746950241
0.09798388020618731 0.7959677239506716
0.6030375142535598 0.2666816377940995
0.38288593369817203 0.3183716037925792
0.12180966646496716 0.2738794070823457
0.2720573449001329 0.7832017289278823
0.29688492014447565 0.31036890699059516
0.15340615651943568 0.3348689319567928
0.38041268918058646 0.5169363911943177
0.6966835159878508 0.2665911116579516
0.6137859858748741 0.22279528584942998
0.2445072893098632 0.31061606461442415
0.4776920153895622 0.5248167071243841
0.6692344567450492 0.46904992221058717
0.4900252466802626 0.24559791145574905
0.8769356777586528 0.35138063368088823
0.6841898898171743 0.6406636198348764
0.4616514798773006 0.5090181237947802
0.0635853903176603 0.4549650289330779
0.21804306473776036 0.6410284059995682
0.30642072802554776 0.6443430800029268
0.2868378798316844 0.2353171791829739
0.1588103790003279 0.7169894057260411
0.6524725352015305 0.6086130009257488
0.3495088392273814 0.2919515609041202
0.21963966840776306 0.7954197487642463
0.16096367299281722 0.2767657626780011
0.32466936500469734 0.5573985560174858
0.06616712174524475 0.7675385581556611
0.06157691533496468 0.5711790256740439
0.2335522058003333 0.6109863788490039
0.6819509126076162 0.7717484090003857
0.12335250400734588 0.3865420862879865
0.14288642625015846 0.2583493512295031
0.5681429641306185 0.47288714748425575
0.31630534665994503 0.4322225707274958
0.327413397035875 0.3951227245514044
0.21110981530761586 0.6431259401000009
0.730605358441198 0.47360972349549946
0.2721515629710032 0.34768198370005854
0.05555672738742401 0.30806171850795916
0.055749952813783143 0.7127379894111201
0.10187282647216667 0.7005418784617964
0.5363521207821519 0.7796959413956555
0.713879550072249 0.7657829526485093
0.2625145213710298 0.7508965165367928
0.5125379205687771 0.21326707781938958
0.37006761733779603 0.23577186195704547
0.40937990523810264 0.23511599547206752
0.23655513362436176 0.28612304492765717
0.83299301913337 0.47256780981765834
0.3531957300594607 0.7394825178148656
0.7164711879561037 0.5140915230640459
0.5191612885009579 0.5120255296889911
0.3317013044710324 0.6312859308085198
0.08925908246778413 0.46397480425706883
0.18925121794947108 0.44773469989648673
0.2863403147824807 0.7964683964239475
0.19437748958634715 0.7800455757113771
0.8833435654633258 0.336856600429269
0.16960399792983938 0.39126941862420395
0.2632388303731006 0.2646438930486018
0.3193559536693481 0.27375926207652135
0.8275608330151296 0.6310744176426345
0.34017635562878845 0.4543403702518928
0.34540244468375103 0.7040993402230359
0.5321391592386312 0.7381072594345013
0.6465925703853366 0.24368574659058573
0.3617346473884846 0.769192059023619
0.6235864116280052 0.5483174141516689
0.39365616707963946 0.7277743045769729
0.3650444336590559 0.7883449739040007
0.8620235226065985 0.6417154918008263
0.8607139920777066 0.5125299311509033
0.9251488787675696 0.7652847546054613
0.24542246584143756 0.7860257036756172
0.19408739362628546 0.6039175953790631
0.059693649224235146 0.47218283210216194
0.6881358259603932 0.5299104153780394
0.27058659932118034 0.3265667301409598
0.666881385745464 0.6270150977218285
0.11720914109553282 0.5366670463850883
0.1628941870676871 0.2977483328936842
0.1429654708299859 0.25021924046995647
0.3270957863075665 0.4231584560568803
0.8467709238181739 0.37875852255925346
0.8478744059134548 0.779698582041389
0.19226411107330021 0.6480919635118568
0.20774716838128937 0.6945826330358709
0.6405322638099752 0.504019347807242
0.11238324283220669 0.5812363907757495
0.7355061587217043 0.6286983633480044
0.06264958136029852 0.4758031728437372
0.45193273288402913 0.31074432352109804
0.2148011863218482 0.6681630893019468
0.13499879864776865 0.3393495825239585
0.3478690867345292 0.4461539543302786
0.4572390225941705 0.7952464653051879
0.6547414784607423 0.47141571357292367
0.3256529537659767 0.39738898545382806
0.8178586834937861 0.20045828067972915
0.0975316065857279 0.44224578069634735
0.7882996837387232 0.34853474843395205
0.4488122517448627 0.5515576174092233
0.9151012605813454 0.3439490361756222
0.23265028971200308 0.27417411333168895
0.175969708456012 0.6046174365509299
0.9158979269296503 0.49044592741759485
0.6860607385173497 0.37946631339680126
0.49512175054560603 0.758271480684855
0.10030102317642309 0.21310401661455314
0.47537523799748527 0.3040494425201953
0.5445529149623987 0.687002635510142
0.4603979666352003 0.5518926125588977
0.12176332978224447 0.4625986507108433
0.3553414891594412 0.7157026898026005
0.7166809636799083 0.3342138007421148
0.9301349375787024 0.37249264774440527
0.8095400380088102 0.23772214219057985
0.5606538264224027 0.29427331737326445
0.11119408950818144 0.4755080232213098
0.744444016893362 0.4703759495599138
0.8118733876977604 0.47262351503648026
0.8056561277305638 0.5107401109093203
0.3102041420626567 0.3088832005741653
0.6508513122434596 0.7453598986749224
0.34782660936406096 0.537928670924182
0.10210709201257684 0.7322182345771009
0.5965992053030061 0.3199656551739226
0.1629824476271854 0.6049327932343642
0.3220734426655455 0.39598624408850147
0.7811360284612695 0.629379233236272
0.40261360319666306 0.5109192869692052
0.1993222585781781 0.4564318313310376
0.6066968840374388 0.5529040613188304
0.5091343030689623 0.5528840734213761
0.6034935575932676 0.2185151852219278
0.19455842924951616 0.5045432544872639
0.5579183808419493 0.3156219754598175
0.418943668200921 0.46632828866930154
0.8635353215746882 0.21789686862284618
0.28742892955393173 0.2718662039544957
0.37532986617036257 0.7093481585933583
0.42108176347256643 0.23171438232102515
0.15096096388669789 0.5092347963097354
0.8399789446520805 0.37433887390110876
0.748946998687854 0.7966807033843532
0.3005771725292522 0.46160869290689466
0.7451635555220417 0.20833210298378702
0.7866847569955475 0.4870001312464536
0.8313674229212372 0.3751996440042652
0.84092148633781 0.5217598882760769
0.5100092762201335 0.5058788257877231
0.22982838276619733 0.4591880903718615
0.9230871742189128 0.6228094295528039
0.4669191281872841 0.2299202501943728
0.15468400002191185 0.48313736178463595
0.6201468903727282 0.6987021589642539
0.9222896126313445 0.2261499286679871
0.20376965637010125 0.7895002996300317
0.909085912348839 0.4752104875182964
0.2843876326437509 0.3339447410677394
0.6169941971321123 0.6895723286383079
0.5985047629253718 0.44085213631535924
0.1286421285032031 0.7271999972682528
0.09065712549970428 0.42555608184599825
0.1878916006609912 0.669375099649841
0.7045170508955516 0.23716119883776154
0.10598876682743441 0.7012111906965277
0.3689266212719231 0.5283585827552785
0.386417184035738 0.3075239349417622
0.24036284143017816 0.3777452558180747
0.06387572024362353 0.22740703738122592
0.11857634261709216 0.2676930960184062
0.7810870333092015 0.6363408339192113
0.9484643573833437 0.6452224349894464
0.2637235808944527 0.7838240735240455
0.14739497884788577 0.26139045819533224
0.207839257248155 0.7200464871887736
0.15498237800157777 0.2818278354511352
0.052366589253320384 0.7934300863037145
0.7897907390123337 0.3505790796752244
0.12955323090462578 0.3415635695252498
0.4791976464198878 0.7539045781193188
0.12070410202775039 0.31007270918609187
0.710263491780089 0.6520676752338724
0.2508315085606715 0.7500557774462606
0.12781230097620222 0.3503970844043861
0.36853937988576213 0.5516914675171123
0.649247188110461 0.751022376678326
0.05945125802979834 0.3395753289028697
0.8783774605255976 0.24175192854020322
0.8581447164067711 0.741867046173505
0.7254981140643689 0.6243520636392649
0.31960434269555094 0.21289920242055516
0.5572020534319273 0.7096253096257834
0.11623596397751135 0.305371599451398
0.15565925593596985 0.46849111329417237
0.8104763750635355 0.21004313865294433
0.6362140180671867 0.7016349017474146
0.17233439488375502 0.33588497096923475
0.9352202070936813 0.6602030971231247
0.21799735742896487 0.3021865045548834
0.9383442331950507 0.791698188243505
0.33825294804816863 0.7361374841152358
0.22994257207676427 0.7516082360609071
0.24584238418405557 0.22573278732950708
0.11687076035861688 0.38055688237754337
0.665323981029592 0.7992755274293665
0.13745094827865345 0.6058402087470667
0.5218219149455555 0.47634041296084917
0.11054841433219742 0.26935637442937743
0.42348619377645813 0.5216998423393535
0.8894829903054086 0.774422480864121
0.15970577776983907 0.6494632087985738
0.22450535005160677 0.5431379880736156
0.685849191176324 0.642675505880023
0.2817957801938479 0.5557936356252234
0.8889256822196321 0.3490408144306185
0.67629307984849 0.6450621558780559
0.7787607559880622 0.35597491357572164
0.1458574738016578 0.7439936931297481
0.10636493354838839 0.24732430713032216
0.31053380806381337 0.5868069605931695
0.7517828760769463 0.21425365558248766
0.2750038919567468 0.6055336705008517
0.5613081229613615 0.7905950534212166
0.6939712636531623 0.4883215883395663
0.34500135864473547 0.3605126331199743
0.2061528927098475 0.4450268653214915
0.8364955135955077 0.7445387533230386
0.2773075191642487 0.3914819407611173
0.16134574491606213 0.4868278955257127
0.2003924292534136 0.6210892758482297
0.17386739193505374 0.6245843715388866
0.8695097370568529 0.2570094067243496
0.36299582019314613 0.4874590586570017
0.32935419821245504 0.28699835337283064
0.7777919777093312 0.6469973227810365
0.3129444896413661 0.325947512443444
0.32910103529822377 0.2702490648511562
0.2203676184322101 0.37589863996843864
0.4675380584462623 0.7003653320764219
0.8909252749237486 0.35821682115604314
0.2039402670176218 0.5610487651850925
0.7153783356984678 0.7866910652669102
0.8480019904665218 0.622684065898605
0.8283035377610107 0.7613121929619747
0.681000899801478 0.7600715222467626
0.7237914582540437 0.2643098005160307
0.19805991692158265 0.3754682868418856
0.7242261114498412 0.47812921704163236
0.39613572147864284 0.5598580675476824
0.7309084835034158 0.20075921460413826
0.4158868357296711 0.22907803792215653
0.23362408994632788 0.40314346193165485
0.24845022680940532 0.5007351763211325
0.38301541981533627 0.4967335279087347
0.12735049718850033 0.7592148939034348
0.11151848535202569 0.5902736049942984
0.30803565787533416 0.4792735226200415
0.874065622847156 0.6430805111517487
0.12273792154557928 0.48302805708848606
0.19486572580785033 0.4081908999704601
0.30321749106304385 0.6254619648774176
0.4606266489827364 0.45992213210775634
0.14308465848764373 0.5340922100978033
0.16946697822076617 0.6207487716686894
0.5335749033257132 0.5184103145323841
0.6405345685068492 0.47906554175563254
0.6108532997559891 0.7808048888493346
0.22091826689724714 0.5583424757295604
0.18292507767991262 0.23556066295677958
0.6055287915244449 0.5375148637690949
0.8737019071646943 0.7516237796090851
0.0890748924012229 0.5598070942150998
0.5423029802534759 0.7038976453376699
0.7932577512447151 0.633856964060626
0.879217501455313 0.21696719774805318
0.5101253383825266 0.752981017068551
0.333224192260675 0.7119784844646944
0.48972165014041447 0.5411756173676087
0.22067276482222553 0.7987590988075733
0.17954446079500874 0.4420324263537826
0.36098667331142487 0.4546283300040508
0.09332957401165898 0.46295802776906214
0.25361035704395796 0.7247530982258727
0.9162349151767761 0.6294832071561101
0.29552200739538237 0.7688331756097534
0.123253457530488 0.4001327650266334
0.30080817995736664 0.7680268447063221
0.8924542574330744 0.49365440763283575
0.8962370351590284 0.7473976112262665
0.20742826514225332 0.5544321418461678
0.5293931176166987 0.2634163213102695
0.8342272181648637 0.6497210595871743
0.1896948094758223 0.6659800491414917
0.07705069085775285 0.22406783129458396
0.41260260896998846 0.5295093799511732
0.8995773488642022 0.48229905711132715
0.38861177082685283 0.7156900125176658
0.20400283980069744 0.4343589790904602
0.8311284679491342 0.39354186047354855
0.3574013438685092 0.48175269655776953
0.7559015403160749 0.34582797668771303
0.9165052180401579 0.3905703284379659
0.33375272758582397 0.22995597636850473
0.6485691194072677 0.22610729898727144
0.26899516148943503 0.487945662252507
0.20593989303339488 0.656239052244309
0.21194969587781964 0.6654837686578744
0.6763221454879664 0.4945031136779531
0.10047289967160944 0.5708369813624298
0.07859157066516176 0.33583943386396975
0.16818528899006424 0.43453134753803513
0.3239629837423097 0.34440383151506593
0.483425076428047 0.46590790981610086
0.18945223705411063 0.29720200653700646
0.16022663972022722 0.38738446961929707
0.056595298859648535 0.7514769635964663
0.48039700989915524 0.2358865161217274
0.38404389247320314 0.7657418635629993
0.17593783184808476 0.6276167272143353
0.07520664065171079 0.5716647235822065
0.3482839149462883 0.6596441182871187
0.6739344618384161 0.4985676110005782
0.7824866899222535 0.4684067242751965
0.6160599630692658 0.20673106106590633
0.7605045344518765 0.511485940462877
0.08049808097071542 0.4381323299925802
0.6379337448346392 0.7651190095208021
0.1716426298162237 0.5102227368407022
0.30007380905696457 0.6189821186645811
0.06506612896994513 0.7005444742821402
0.7745795818237801 0.4962273412050674
0.2644814255545259 0.40874457052213653
0.5030320614071325 0.7758471272958588
0.8361006533706679 0.5020841061822596
0.09002095345128258 0.42069969410959984
0.8850169706925577 0.527110623309751
0.9116538990739839 0.5031246907180282
0.837053703090921 0.7514673135719707
0.3000795668953111 0.7879225690431124
0.39624078557169573 0.28358200880025464
0.1322675665604286 0.3116762858684402
0.8639036440245044 0.22699259600849242
0.326334392792174 0.6333746968170271
0.13807719317470024 0.43223646422734374
0.35954200578314743 0.7948111936340911
0.08553815850879931 0.5288273277328897
0.09184426181358896 0.4785131936471776
0.059426189443506416 0.534594810144467
0.5135738418531471 0.7044841977984929
0.3487807407060154 0.5524945345677699
0.31998207057070416 0.3307505302191557
0.9059164095297271 0.6044747090924927
0.44829904557510414 0.5205942362438162
0.2573041443362475 0.7603009743042416
0.7910660510598545 0.7491141483729774
0.3075204739075692 0.6827071061603132
0.4898085482581329 0.7454937088508823
0.7902275431470319 0.376311914224017
0.16068004782652068 0.4016753717106727
0.6779307621808303 0.5303173158394296
0.0888712436074598 0.6388835814344858
0.16468663616282486 0.3843206710917201
0.3096973610159732 0.45175482706377157
0.2459631599755806 0.67651581531519
0.12121321963106702 0.7181790872947418
0.2813606525835859 0.5628739233648056
0.2846290166254767 0.5976456900098917
0.058781834945019984 0.7577970972811273
0.4335333715579639 0.22325119471933919
0.2070349677824378 0.4934807252153427
0.3347652087592171 0.4635775654814641
0.33390379518494695 0.7287484829318829
0.2925909604936777 0.5458865230110638
0.33838007770795286 0.6402497499588362
0.08414033776480012 0.3180322989777157
0.7242858811213939 0.7356083290661068
0.5801056357173543 0.4557289797684444
0.20260831582075434 0.7046424593664209
0.05338240102374747 0.6241279225227476
0.7451143995977455 0.6195857772895312
0.6557631490569242 0.2603095726280582
0.21142471891490333 0.33794537718633577
0.2268799492875806 0.36891955881641825
0.08569563872178265 0.7851313864674418
0.5298793951043556 0.29788421163111223
0.5616204952957272 0.25976515479722107
0.9481090744707139 0.7385239128972125
0.2299846773267994 0.5838258727817376
0.11845430730940754 0.4198691495013871
0.2091119106555719 0.4672950868359723
0.247434373110897 0.2285622414190822
0.4093821834312462 0.7190399894354099
0.7607998774389372 0.2188580430977245
0.8330118514905319 0.796201869286097
0.11365686876776004 0.5617243942138817
0.7202077413983431 0.3586812987246045
0.668692110037481 0.6300995075606067
0.57646171958677 0.4999940616262958
0.11943316887813282 0.5017081471383483
0.5296685493065943 0.7544563622511683
0.12012507006046358 0.2397498486564138
0.08805000316768474 0.4676303102399266
0.11671617485760732 0.6074989349101598
0.7333108422493656 0.20248863393738026
0.17964889450259725 0.427305397587571
0.10478010838050056 0.33772619578219865
0.326752985438335 0.369396944431133
0.30005100183275013 0.6745834015873292
0.6736505809057141 0.36293144470697225
0.712027381119872 0.2428296880974803
0.49429465091545466 0.2547916513414711
0.24388791709648194 0.5543862909966015
0.13786118120957735 0.556503067593086
0.3298552196908663 0.5353952699576745
0.6386039855151668 0.7135052807755722
0.636483404759413 0.5131919755579104
0.9155761220015052 0.4831306379806062
0.5579621226979735 0.7808272418739256
0.49078939455873327 0.5059354517287403
0.8390543098277572 0.7773885332329724
0.36805337554631445 0.27713275156172024
0.14469361772568778 0.6398224173400571
0.25185915015849814 0.49965240990740456
0.5579063616918888 0.30327527300625123
0.6304428107318427 0.46113169974183854
0.43545481578099166 0.7965192076972787
0.3150552750200948 0.45783283035393185
0.1947219803234428 0.3528043978638806
0.2527020313328695 0.2366977353094658
0.5166373837452144 0.6817127257582417
0.5203627878229017 0.21202631246642245
0.20147765645956095 0.34041670154049364
0.2762267652908923 0.46918106508725177
0.6144726874314064 0.46566187052124586
0.3943314843029849 0.76458612507629
0.18018579386844624 0.7435772841139201
0.523265366006541 0.27029657930839246
0.4236330615886946 0.5281935486872639
0.2681631375922702 0.3668856963733822
0.059117328926909685 0.2854074221867493
0.0961662557452545 0.663793401804493
0.4800940995916825 0.7837795204526711
0.2841797572839857 0.45649773071217015
0.5036870067731122 0.29872562809041114
0.2786165913167141 0.6270490164304423
0.5020218428001714 0.5269641021416179
0.7908514988679552 0.21581449079459547
0.4687746488203456 0.5372548147507634
0.054908767732494534 0.5216143527710544
0.756083203008833 0.7988656198456758
0.8273073168874985 0.4741630703912558
0.5765019324856426 0.7073692261657589
0.2808678012161129 0.5897054268662815
0.8942664045159919 0.7372764819273875
0.9441518690928254 0.33974108384740853
0.3009604775559669 0.7585194770145285
0.4043050037977577 0.4430313044282007
0.46791003489901184 0.2657180737948316
0.39099091988567114 0.5013575808060243
0.1960424814866697 0.6599574273671179
0.2789902748766844 0.5734300575885853
0.48948320350058716 0.7107992275149095
0.6805456365949768 0.22109474073363722
0.3734254086896355 0.6844539873179409
0.2762068429040524 0.6365432527732738
0.5151286902901113 0.5396629233779052
0.8434163451743397 0.3823215523327689
0.46538718014011826 0.4507145482239192
0.20407006862282095 0.48842270920176567
0.8063689840383519 0.7529295724462255
0.43014100159692614 0.5361251330660392
0.3302961758929337 0.5807956834553204
0.18015349522120672 0.26035213782720645
0.2423601445671726 0.6539853602712687
0.9298886863224924 0.6477084592837572
0.15784617753108177 0.3213150464892972
0.12006634266416716 0.5625237533719794
0.8040514715191265 0.21620030436908522
0.7066036902550332 0.21829367030003577
0.35875861686581045 0.793285307703834
0.48150458796482654 0.7350666510895439
0.7974708217552542 0.7986722679543046
0.08577222865069434 0.5061084571333876
0.8250606022231711 0.6499797163597095
0.45545924271716187 0.7322347066747102
0.7715731960172141 0.6424713629055167
0.9043433763592829 0.6431769886962676
0.8366001039207791 0.2060615707794038
0.914302826537777 0.6530385488979416
0.5668141471759991 0.2981429532897929
0.4466962279427864 0.20054887397642562
0.6520219444616299 0.34925584474265714
0.4546713959888832 0.4513278037823508
0.3110776610340792 0.3005999739238794
0.40708121483247384 0.7072736753027555
0.17251212220918932 0.3351396238890414
0.2561467851541406 0.4538450446055482
0.9072684519142182 0.7983304335206176
0.6836229135095964 0.3953409221830927
0.3229589737600269 0.42946395330375653
0.45736925944939044 0.7706913625753482
0.8503434213380326 0.6122653149005833
0.20531436425893013 0.3340470289229722
0.8761250086637941 0.6565437074533157
0.41102383429463607 0.5345617309172472
0.7453128584849127 0.6176359752667857
0.22171358761594895 0.2948965698899114
0.20395215463556493 0.6691832066940169
0.17236672451986867 0.797127075327857
0.9337728463078367 0.26643522376024686
0.8506984407404413 0.37291436267121547
0.05539990348170243 0.35762873370436454
0.22824126059029726 0.33809622417883656
0.07875322195303258 0.4978103466195296
0.30293668081565317 0.4036312727475987
0.7826208378184516 0.20238350136206185
0.6185945700720471 0.29533424221513416
0.5694517119509281 0.2600470145493289
0.6427347882681341 0.5587257501263946
0.23528666886733185 0.5406622372422395
0.069349762217915 0.6865954880127131
0.09726975047957531 0.6152013534205
0.7919594622857729 0.3993404995081964
0.5865708193090912 0.2455409491078253
0.40357724661864325 0.22198389336998015
0.2320747108208776 0.37883198237361504
0.70974852032457 0.37474530793725236
0.6864262926695193 0.7518641157734911
0.5902678440899279 0.4569154020961128
0.5350122563414789 0.521713333525569
0.2594129053813017 0.7078786832221404
0.39510236401080756 0.5194659743463657
0.5976165213492921 0.7736708628497025
0.5902686642755619 0.7977833228620838
0.1928684315304634 0.5365139591178901
0.6164654701083189 0.5445119981375713
0.6305140047625423 0.754462008685172
0.7566682802516974 0.6164406764801909
0.8430952594656738 0.5277558190122617
0.233834509917069 0.6794273004461028
0.2909323579983428 0.31141564778051734
0.08616471738194564 0.5673244765557447
0.33808334369139237 0.5838997319677592
0.15956272378789738 0.6611768930682768
0.6337716315395311 0.733457720019491
0.8760329589087996 0.6054393112637112
0.3045124793144971 0.7681628839690013
0.2749529961555117 0.6281017087712583
0.7762216993802498 0.2364588147543133
0.5732395210052171 0.5450692718044434
0.13928988524556662 0.4131071470785904
0.6370065471994307 0.6904474280981958
0.21698701191627323 0.33801298351857223
0.4780413939304988 0.785598137391099
0.7452925875357554 0.22215445480480733
0.1955780363344135 0.7517874884769602
0.20626565314789136 0.7130220272813812
0.25816026339737097 0.7665194469812443
0.060534795709011435 0.6909459058278731
0.18589469445768092 0.604810815542673
0.27156280715863335 0.4691444876851393
0.30806253988983057 0.6407883700774388
0.616286583359644 0.5163516451218575
0.13287654312828934 0.316159710786184
0.15165872351419862 0.38942939563044854
0.261607265201389 0.3013926403753936
0.1581374966804746 0.7718595994922547
0.07621895087653408 0.4259775434701837
0.21083127117672096 0.41965011853647494
0.7025790121836931 0.7545807996516924
0.2533791122705039 0.35931485854732836
0.4335153472623804 0.7305770310380744
0.5445908110654046 0.2674341908211366
0.32557699261981166 0.5149110148787213
0.5609520138703682 0.7338142712548179
0.1086214980406035 0.30687346927534076
0.6747208150678823 0.2511911076211595
0.791909971690997 0.6473045929527722
0.2855984355876787 0.4288316952511858
0.257100827125324 0.7946201717151887
0.2066154979284731 0.45776922783119245
0.2396738460343112 0.5793919343060302
0.586347446443406 0.22910652211876859
0.14177938476772256 0.38321295751605744
0.8135888121233279 0.37503655572523975
0.6021129814881473 0.7201873657642217
0.3092457163772445 0.37347239744035565
0.655298574044283 0.6023480901338467
0.6357737676262202 0.5274474643500991
0.3759992900323804 0.7785142889293099
0.2773016020380278 0.768444898425206
0.5612376196342457 0.5307507592071194
0.15550419860546638 0.6198779566925978
0.13822816508220215 0.6564199116623499
0.7079029885046819 0.37050864762815905
0.7324821550830423 0.20094381968982677
0.09884789754508028 0.5757428099558108
0.2207946032098148 0.596659969300319
0.5025267717710391 0.7089538076949329
0.23699656212402032 0.7520074445459981
0.767875961700529 0.34101497267774894
0.9197257844399096 0.4874576323631833
0.15958095610113465 0.7790930320192634
0.818337752073893 0.3697995817832055
0.8056641012146598 0.7795972430118552
0.4028742117523826 0.2064161401980279
0.35926735088609374 0.6957615993258378
0.48267506834468255 0.48838206573954246
0.36290041132663886 0.48189851418699625
0.3168158879541315 0.22827266242582034
0.27327736995605967 0.740561797806149
0.06592602692927607 0.45461952424720686
0.9466019268437834 0.5131059681944181
0.08134343240314468 0.2621812532500619
0.5509672465256658 0.28989827495096
0.38611004119505377 0.279058877405709
0.4210050127614484 0.7604184288804134
0.8172826582042725 0.3591075307914572
0.4748325508014273 0.7591494986904856
0.29964226924742243 0.6084160755687484
0.22120766507469602 0.4888244232284945
0.6105970076866384 0.4777638462661793
0.4104271933745649 0.2154384718651854
0.7498119412815316 0.6471412990272951
0.15290762229337607 0.544355303026558
0.6938244669911664 0.39047726283753237
0.6863616357526712 0.37132065461904573
0.9132893254773142 0.6285042311673197
0.44216195835521954 0.44558101856867516
0.5928083768286845 0.3110755499268347
0.19828800641044864 0.630733303671086
0.18201346362995363 0.26851649013298173
0.1342225592843761 0.3137652221590679
0.2644945376773664 0.5511241133945175
0.8603693581481736 0.6067854720476642
0.23252925878208608 0.4677290277228403
0.35536414524311544 0.7888678275389712
0.3093094725827903 0.7367129281327951
0.20166803160867386 0.6207347524529513
0.9299559583210436 0.6178420722669525
0.2009558303330492 0.2608651238073183
0.2380222936289894 0.2717756109360664
0.7525610669748962 0.6533739201976657
0.2882390033929464 0.7845342898850132
0.24521553286778275 0.7935291315429864
0.7250681228701994 0.7911476380229071
0.7810922453256811 0.7708419495937999
0.8010243757057753 0.4972928634074555
0.2717181906944951 0.2091256671143199
0.733338079468151 0.6637236402822273
0.48954421699451633 0.26711072973963434
0.8469311799704975 0.7348526894041426
0.2849017308981905 0.48070684773406525
0.2012865583613419 0.45365643851478854
0.8176166296726702 0.6535896296502351
0.7667878987636442 0.46714298601520443
0.8268157374153704 0.3804611704866535
0.18531837576194765 0.36367066003947923
0.2696350482545644 0.6309446832246562
0.08353743733300656 0.4609739863913319
0.33051041403613446 0.6584038318047365
0.5168100874079493 0.7973867551737771
0.7788485968518452 0.7642628333562608
0.3023686854363372 0.39063398473409394
0.3589524096002792 0.5406766226136983
0.20099688960662054 0.23159329875323253
0.4642233897472319 0.688583368803686
0.1309821028617889 0.6505053957429923
0.3499393384256223 0.3309612745062983
0.7376583140603844 0.2638395330396016
0.30370230841186596 0.7617090911934827
