2 1000
0.7082261277379024 0.6750033199869001
0.42167921778518647 0.6384509877130002
0.23895635202498222 0.13428950852416843
0.7549708715786133 0.8938447041504498
0.4782868296342897 0.0683544574926318
0.698890657876839 0.8651536528893818
0.37728047612084314 0.40520628949129234
0.2811849703853456 0.9040725420577612
0.38099087413683075 0.9744068345105115
0.9114999821876297 0.8536701812087414
0.1820295814388857 0.8346431500809366
0.39068134109547026 0.03646823039132019
0.9846144483562087 0.48148916207410564
0.029880846957929252 0.7001664124735737
0.6362719856814336 0.11212072326666989
0.9501063522672349 0.10755377811544098
0.35986444872422485 0.8823496367143506
0.8002012071847198 0.0955157777726433
0.7242082135923162 0.008973052665704584
0.7992177628836965 0.14365807863388969
0.8153650541967099 0.01284217613002947
0.1492029053933447 0.08761981030342403
0.6165827258208194 0.14086217475189566
0.7654462586145665 0.43664753470106443
0.08221512621394711 0.9396508160981308
0.6497026974771581 0.1344998114413457
0.6347345064031286 0.14616230469589875
0.5108427112630772 0.04721684076211374
0.5860182997746933 0.8427212081391946
0.29570277469974804 0.9917263547783444
0.9107382403496205 0.8089058971638545
0.2844214594332666 0.9922254085040273
0.7858559387968155 0.8162422854055841
0.17455847063587604 0.040752906969348635
0.07904748790289517 0.9227316524905499
0.8620310949324236 0.9001463082942743
0.2428632485790173 0.1640322638086451
0.8032377930993074 0.2930535464857834
0.3605165756269716 0.8830793055308327
0.015532855837310233 0.4966820298733958
0.2586286239612883 0.9182875032919235
0.516376378497484 0.09711994725738848
0.7825907647551064 0.4564809086261341
0.4981284643911764 0.8108467103836574
0.7703730773610517 0.8139799833623128
0.4122359980624176 0.021111668829043362
0.9821243064723573 0.4592659122581644
0.38935259739443173 0.8170049840658284
0.5859748143706796 0.05664849627952262
0.44948211764706625 0.9984975420991293
0.28787232112840544 0.0630355497834304
0.5441107011731195 0.1483017270056266
0.30596924086345334 0.16546034991438585
0.2692488310729553 0.8965898867732605
0.18500878380455166 0.043557434550030694
0.6303892929440057 0.841545025169607
0.9914962517838428 0.1359241093609993
0.8341076173795153 0.4490817967539047
0.5538795757994173 0.051212498491864045
0.23261168183076308 0.9674854253555474
0.653023800995502 0.8678892991854021
0.473839135647088 0.9651641150819636
0.2680661308823773 0.11521581069453701
0.2891410361022356 0.8574433284284875
0.2656116464790166 0.8339118884484608
0.006386134952595324 0.1785658178779541
0.41715780273580017 0.8794530480597478
0.4645221958330218 0.18699012241285518
0.34023766662460975 0.8838440909182695
0.40120300240069595 0.8266629073417717
0.05569275354680692 0.09189117569364724
0.12520796983268345 0.004069596352072047
0.37642290056175753 0.8552305384484372
0.5841593546118534 0.3423939836005764
0.9749570548436386 0.5876930729247353
0.9443125702606406 0.5456090357002475
0.01487978122430722 0.8183542205154756
0.18437085229784167 0.19075952906610893
0.4178011072442477 0.6562969967365648
0.1945891471020954 0.9788113425771764
0.680597274249404 0.9199622116776323
0.914605783597206 0.894610680241984
0.9190525451373198 0.9538696342094996
0.9824553183982477 0.9218204902227476
0.28955724297617624 0.9529414542154386
0.12893055733130188 0.8347373958937042
0.955932349634575 0.3491347796574805
0.6276807623279227 0.8250137195100977
0.4505164088340027 0.5940180598969637
0.12642167557442985 0.0677338581344551
0.036131766249575814 0.016584798021925584
0.4360418023068807 0.16850388589314347
0.7990139063745153 0.049044622431054674
0.8831965436049333 0.9643997223274665
0.3955624534472202 0.10612450350909275
0.5011599666223987 0.39422485409032204
0.394026542915469 0.01689131183982484
0.8986655658833204 0.8093148950253856
0.6870578066049026 0.9160638796663391
0.5224257592353515 0.06466256458757935
0.5426304776620903 0.9710198213032977
0.0038242617234865994 0.6709306244854151
0.4019217431017593 0.060721000612367404
0.2761080466199729 0.10651507211960565
0.8241828392283496 0.1646053415764267
0.8385088355366986 0.3096774263536588
0.6656460117267665 0.28400875120646674
0.5952400513417693 0.09384545819817869
0.5134328841097602 0.03071478853495324
0.26810656093809493 0.9194321007877042
0.8373201136055127 0.586320726661855
0.3313261485080341 0.980561419219327
0.32276140095175676 0.08982882431436512
0.5983008305925713 0.06671819567125814
0.7462491858850884 0.008329933788586708
0.5634242921311464 0.06135812447063882
0.3816978940123258 0.8312441795012774
0.5419515121513447 0.9422358852118555
0.9691565918442434 0.798504881240425
0.7231788878871623 0.7043045832046194
0.87211906208778 0.7217614422198879
0.4337850023470665 0.8752004508719696
0.3590735883636451 0.13817591449186906
0.6768288880901167 0.5775827130080362
0.9610268167841529 0.25517336573670857
0.6552189873756351 0.9495449409667034
0.7615808296989539 0.5663134528655795
0.019587528884314698 0.032711858001850946
0.3211115482030459 0.8754841313199585
0.3486523226572562 0.03369525189239053
0.721192518795395 0.8501917485961769
0.9330555769950549 0.05853148615599435
0.72711942229169 0.9570935820371606
0.5839541488101364 0.1677876279354258
0.4207065619946603 0.9521472940033833
0.23308926988614753 0.9009393114151245
0.9364179495147259 0.4370787822273071
0.8630666480304362 0.556653620822747
0.811331268536435 0.7132816200655578
0.8786938007421562 0.4127030260201281
0.351463418845959 0.35721471898710155
0.9921936910658019 0.17655367748818795
0.7149706150947821 0.018206810259968176
0.63226073884952 0.009408639809697195
0.3956745877579684 0.02026464116255211
0.6561619550668942 0.8740332871710722
0.03468003779814177 0.17238751843784406
0.9892652750667357 0.4596730501588988
0.9301726233181312 0.6846737997436871
0.397475919963145 0.43550007112347033
0.008964392215266015 0.6099193322136702
0.4571489948130145 0.8391341895135618
0.8546843703833985 0.08953341156493122
0.6790230737727762 0.8702722424622152
0.045161677573009706 0.8679017654283894
0.6884550355546402 0.18813939641220545
0.5797054727635735 0.9731942577921815
0.9797058846357329 0.6591479585068755
0.6504255970255605 0.09885567420591856
0.02118287955229403 0.10207382593009218
0.0027373789700568807 0.36321025882775715
0.4702657435877051 0.983733417894875
0.9027222569744151 0.07370769029717317
0.34954226170961866 0.8153083069168446
0.9623287670425574 0.4479688240587325
0.9753341102684019 0.3304524864157615
0.047804508272122126 0.8149906505015331
0.004820793913414834 0.5669254665841822
0.8107494760525643 0.6861563010882682
0.6111709878128727 0.8466534026775692
0.3592484622447113 0.9943927345330817
0.9661368369014954 0.8722871210126508
0.037619060495649004 0.09556130987840628
0.4672070369632466 0.8803710646937665
0.601923647588295 0.4007365453552658
0.6439813952315994 0.9161975943140083
0.861386033283748 0.998746249677435
0.882196979983194 0.9221333299051909
0.03998669987970527 0.5439658938235333
0.30828544363248633 0.9397416338102399
0.7030691860039322 0.9300659198718931
0.9973390499191767 0.8336285658357913
0.6991428685313098 0.4612730394341418
0.5835401096402034 0.8061593433699135
0.7079698294481529 0.7241431178774972
0.018695641712815236 0.2649003009333396
0.9912030892685848 0.6142892931206329
0.3978657416841458 0.04613401092352698
0.37188848018561826 0.4216588253321858
0.6985199065278788 0.44637145562197555
0.3744603644931731 0.35940717680225565
0.14325684683548412 0.14236792463339953
0.5332286482651625 0.6124595498972072
0.020378201917696348 0.54139708715101
0.5879505095162789 0.9117926892600121
0.8373644374108737 0.810210202404337
0.41474315910830617 0.8701034105096521
0.9858009724418468 0.6702984318646407
0.4365682107509271 0.11740159242706061
0.9180675332897568 0.31809558760058
0.9730862215047981 0.2808262980323205
0.5229985510840603 0.9235719523296079
0.7655525747992341 0.9741311930435061
0.4525789191397277 0.8506153588889676
0.6742730970474701 0.8833952739124502
0.5361658840508607 0.9813305020150493
0.7723813702971952 0.016952788698825216
0.6457422253441273 0.07561728947667612
0.5141609633228396 0.8862214006804676
0.4388026634666856 0.019991954094479403
0.5784877211664537 0.09800069174044634
0.5636447833144992 0.1426774171947014
0.7770361982672513 0.19843025521713387
0.21541038391816436 0.07231835493576422
0.8959407378759804 0.44470869536645574
0.5113066199751545 0.6241387022132865
0.41838760791588303 0.9849943032787758
0.22846003091591105 0.002907215843729105
0.43887922058510187 0.9679338665870126
0.9992747607303487 0.8670758627860827
0.6993263356487044 0.8645434855879525
0.6208342679557978 0.656285881796771
0.7024557288075204 0.8059453187829472
0.44678490963745987 0.8078022176463395
0.024213195621992756 0.28730014807399473
0.616557928917128 0.8362710167704639
0.6319703894332422 0.3937864445075563
0.6527225266686439 0.462608723393919
0.860776965583528 0.9069223694056393
0.7817633078652801 0.07305472832051252
0.03845634544883958 0.6958111053776393
0.8594729380561014 0.16304815867849676
0.0461780835816632 0.0437741103135636
0.4060995432008555 0.10379756215717817
0.27837649675353626 0.014211652875413261
0.515624471869434 0.9037407753227302
0.06772293937217799 0.17806478523949587
0.9268942150597954 0.1944089089502944
0.09198043574798298 0.8712646620507172
0.0634474180606932 0.8257306304336612
0.7298819194304255 0.9373455279328614
0.2903634295846851 0.028447279734063025
0.16103438506453227 0.09047475290366336
0.5125136167130137 0.16825868414892908
0.9333094673755783 0.2766987900136174
0.11586887260443013 0.8154371915869313
0.2897449571828494 0.9686925500009721
0.9159225087007463 0.6982256081249327
0.499249018327069 0.003725812144496743
0.03934108570628825 0.1699644463390274
0.00837871912880428 0.3878740880397292
0.48985319496785207 0.08929157881152483
0.374723919972472 0.8236212512804263
0.3249911043060074 0.9256275233464246
0.7976790906918385 0.18558750064440133
0.23810581828677824 0.8015010785735334
0.012549765955780945 0.28774626907594014
0.6357139716972474 0.4051951481099524
0.49775163483838447 0.13101636031897745
0.7377345005050565 0.7136330069905703
0.9887209609921926 0.9744317189008703
0.839568626212504 0.9457164290753669
0.3407825473785351 0.05710616441184779
0.6699660074547614 0.42122077211124864
0.6175331404830782 0.412388395787299
0.6651278531854011 0.716110310883577
0.014214238314641747 0.9629965281463623
0.03646486442664931 0.9762885696461365
0.8885871665760349 0.1427473549512469
0.49989820740746826 0.5901058391215527
0.7564271502249623 0.567048503534845
0.22464338124552985 0.053981715608472425
0.864976129605936 0.9644753447932546
0.8879675786319335 0.32982124839697
0.6860570540289939 0.8777556975049027
0.33978082010999044 0.011170981752701481
0.3582497279540324 0.6216402721991051
0.984619680294197 0.8279334946851449
0.611443551204846 0.5969224408173233
0.7854383993084592 0.14344215529237536
0.7293777885238811 0.8979176172766472
0.01485570182647078 0.5301349623372462
0.6612813845147741 0.8723748642817593
0.6855838429252157 0.5700487165725985
0.8221082382995724 0.8705211103850147
0.5246219347262673 0.8053318946726834
0.8792235813729491 0.978816403833296
0.5849507480351601 0.4184767735988425
0.054231150968024555 0.18465204348848174
0.2673653118522127 0.9737017104016221
0.4169556057733479 0.9928991316192667
0.9417270246453021 0.1662041488992213
0.21654920911511566 0.12789413984807474
0.348579047330022 0.026156132709065028
0.5700945884844311 0.41177688290802983
0.1959554835054449 0.8116557806669086
0.1926288141414627 0.932293379914347
0.06623532762185269 0.8872413328923413
0.431486917647501 0.8786496640980616
0.8021678994670344 0.15311792274000524
0.5953326662145636 0.108301568971373
0.7588171117739935 0.11779183472930332
0.9768117706886931 0.3798274670488089
0.3602784058554067 0.824374876980926
0.41070514490323784 0.38302889456658373
0.3562849322893127 0.058782959500193965
0.7696215455648135 0.3253972836220128
0.017623333032291577 0.04171038741218158
0.0488071228695679 0.4066687081864907
0.42403947653460383 0.1496508000517628
0.0028801604275989767 0.7296543832225564
0.19537279947469033 0.19366869577403667
0.26081748186073006 0.8031500793054245
0.9162108177478616 0.8440546207132327
0.8690507838929036 0.8780629719622094
0.9474172943477657 0.8355868673332075
0.8837723448934238 0.17426524864884985
0.8890889018604594 0.1964460394956279
0.9956604330124469 0.831584849886311
0.8582544694307447 0.04768234290470541
0.4423367300190273 0.3853935355461722
0.699780362020706 0.5497456281982025
0.3020426933549778 0.0853163664758021
0.7686529061642371 0.7074449698250085
0.4416488450074243 0.9727406696763242
0.5453104110900211 0.8266322827669357
0.5471672117654276 0.9808082053284594
0.23819709605988038 0.8331418178705824
0.6008093834251685 0.09974852298920522
0.16337203923062893 0.8522496865421442
0.2427120601974594 0.9323900372990328
6.1729146985101124E-6 0.7218343021149801
1.2659896326383535E-4 0.6490822306081753
0.830776422498888 0.4287014296509195
0.9588133810002473 0.06339371956681694
0.6759843161455347 0.44673616927159754
0.9728425260590854 0.5286611489669772
0.9816221188648744 0.11218218849495698
0.410260750025932 0.1801448219504178
0.9738145547503017 0.8764815457579292
0.07602192131068963 0.9082689486610588
0.3675255172751737 0.430655087890614
0.6392040600988219 0.36254420100308726
0.10696896321839011 0.9784343201705681
0.9034482687278946 0.5762966046047948
0.42876932577184534 0.8667091876438509
0.2355285555650355 0.8873739281338949
0.973838771235774 0.5437499601837431
0.630932555955219 0.05322222349836414
0.3118893599748628 0.8287387592463008
0.2758080085830861 0.9226762298671081
0.4993287689666219 0.9044153880643993
0.5256085631578296 0.15790913152607566
0.7392295220830483 0.4135394839358577
0.9931809961273901 0.31399180469546584
0.9422602533928554 0.5965329213757586
0.02173210544784565 0.5120335163011038
0.5490422667393683 0.013848937145407136
0.5077024012263095 4.2919846502986747E-4
0.9000751124882089 0.8695300039825531
0.11480611461646284 0.03271998737751425
0.8914558084176697 0.03299726803242775
0.03608645330183413 0.6922614156717438
0.7499003230426733 0.10551421302805986
0.9491503068714487 0.30563633899369935
0.5276803557705991 0.09377038903936341
0.9467525637988452 0.6715369819023792
0.6672818277165328 0.007120659281655506
0.17438320096944093 0.9747289078471748
0.5269952911930835 0.0726136952709856
0.890490302049977 0.026283963145179112
0.9862333485752347 0.501296683220701
0.7151248630848657 0.8147447326755587
0.43632969455783566 0.3526882653163774
0.7943511667048198 0.2786964660969511
0.5312725126271269 0.3379496059450383
0.9707970299298022 0.41088552896035835
0.7639890499802088 0.1886380935868962
0.7176687673146757 0.05372118832096351
0.8750702463286391 0.04638697895281496
0.46622958574695517 0.5600242416886189
0.9003856363678895 0.46235192375976875
0.8144588640739175 0.836194871371356
0.685913439990363 0.06281743444966414
0.4576131130510076 0.8703610687607272
0.38058705399305137 0.6643927991872156
0.9508536423962127 0.9130642301058355
0.8862722766204304 0.9011600714549788
0.14993387806665248 0.9724395983242777
0.993593943281167 0.035598895632037775
0.6539414137664185 0.01966566378440937
0.6809741637440516 0.9966278476456909
0.2980840559942318 0.9046531773302738
0.9743881207975682 0.2542893302373601
0.7095090430270923 0.9288909668355826
0.6662478949658444 0.7229815165304566
0.6211505413696431 0.8849926632213186
0.1620467022633122 0.059742312034395506
0.011023851672820162 0.5156070787172268
0.9917057189048014 0.7741096870613781
0.407669570949603 0.4106371833822484
0.8950161170087111 0.9826453809245158
0.612271590215844 0.3981317854149804
0.26874411870553805 0.03016378176360579
0.5258125772670715 0.5671882336793888
0.5418664238888105 0.9401025715023865
0.4442285098856871 0.6039893080945973
0.9845609186805305 0.28073487785056017
0.6653714613266546 0.4381569083829545
0.862008853749273 0.4606103820586622
0.6759001134444633 0.9189257085465241
0.5531973333327667 0.8383353468032099
0.024072459485874442 0.24345403618807093
0.2682942990543943 0.9176367436377327
0.4142890054049947 0.06469387896550949
0.517939190346409 0.8328265610043404
0.7749145140071916 0.9878515417134673
0.18271689711909422 0.00794907372651843
0.5191523037827505 0.8522977453218038
0.4556714982867207 0.01339690733320853
0.6226103491580025 0.9800817996146648
0.1572474907869651 0.012867771262242367
0.8590849453079116 0.18939945606028963
0.6975535386337226 0.5644130645254939
0.11902026416472178 0.04895838787174367
0.0446521854316696 0.11090864121690136
0.6859939302257566 0.45779806187160255
0.674805432114323 0.9432146311567401
0.23242219908127393 0.8385489339278361
0.37575405860391153 0.4022181996109645
0.4200009995567916 0.40545572398370955
0.824298469857055 0.8372522057025894
0.32439534360963695 0.8223226393702328
0.2991833082037161 0.9307720733372901
0.9457466006644152 0.5662878238670553
0.5639013800947109 0.3542711656957802
0.5721116242244528 0.33519399806362593
0.06578607604315401 0.9618002205019109
0.04927045869114144 0.10923035628082522
0.46664154378539635 0.8646916436220143
0.39824839991009386 0.9014182378917411
0.9271114549190425 0.5465143087732315
0.8835601277294326 0.5655719362771717
0.5864677077634626 0.5634640654990587
0.6541687337028614 0.06548130097601701
0.638998185633927 0.823416403304371
0.11262730560066614 0.873746389649996
0.10294986329733236 0.10853159834032167
0.7628113444310903 0.03226051036919064
0.7179195131223745 0.6698259789474872
0.5119752383008997 0.18903541413432257
0.01545801403082514 0.4888435328607872
0.23169256417008222 0.8661403619303141
0.4066687915170767 0.6040133664953194
0.07929864840698186 0.059873514612364565
0.1188584961567567 0.11134028365782922
0.03851632173792763 0.16734951464778214
0.5068933213754989 0.6655992493758482
0.588294639524856 0.11428516389486376
0.6146262201269304 0.6781784613975305
0.7253421473777075 0.10081036724555759
0.47455380024890526 0.6569674251051713
0.859094749267435 0.8172457832130593
0.43022348076027883 0.082130697426401
0.21584913925076266 0.9056144742335469
0.01592776755526737 0.39436506696137297
0.05067498458449127 0.05744715503705977
0.023678454304597252 0.5658935603714154
0.960223731951553 0.34607471337092477
0.006758477250518258 0.014794626630354912
0.7579031084896922 0.3165327868418101
0.1791025122408595 0.05108060986323626
0.8631166745242004 0.7005167914889495
0.9310538704179923 0.9791578212729778
0.27250075400991036 0.1282771884183208
0.5477988281826046 0.6331158507544693
0.36815954699287057 0.8693735062015663
0.011376330987298733 0.3330031444273571
0.18303596719151372 0.0925027068037555
0.6550828759891462 0.06677090126479845
0.10060818005716043 0.10139553582785998
0.6609927091555708 0.7136001805570401
0.2669443940232451 0.0035902706175932053
0.003468954305724803 0.5921119324674047
0.816491080433274 0.0404404637393011
0.3725840777544245 0.015523435947806696
0.09227519336530943 0.9085035335925286
0.7438447165895241 0.42554052782814056
0.794340960909563 0.9182333251295223
0.5276287819788875 0.6419768084789963
0.7693450459223026 0.14675113773141024
0.5638196158201222 0.423993559357436
0.044718093092209865 0.37031826951360414
0.6025517261646114 0.8901255414604522
0.3495482035521844 0.9676213839745698
0.31147873495065914 0.9119736222475585
0.4411926388910665 0.9536563829248511
0.11031825139434215 0.8638132155432994
0.9481207317550985 0.2822642241319273
0.5674162509132771 0.0715794562556844
0.9742436762077717 0.030245947652151828
0.5185189390029944 0.020502527254425362
0.33840838963401254 0.8910069598335862
0.26250606212569894 0.19925296958651473
0.20651619875281502 0.12865024187882346
0.3154835973481511 0.07536368036688057
0.8265545481349081 0.28342973698786866
0.001544696881516927 0.10140204711838274
0.8865502035290037 0.4067151592818615
0.266671519367628 0.1710443184547249
0.029416074414688298 0.9640004063362856
0.5024687445504913 0.8127057152842817
0.027878142810149997 0.6816055101170477
0.7347998119212843 0.1696913501988887
0.7816821054354042 0.41100975204254764
0.8419633240905344 0.10222775324568534
0.11726447280320751 0.9026712950077692
0.5054713241879986 0.8971206090648152
0.4789170278919015 0.3288865294985356
0.6737484756613956 0.026396431163562384
0.36068008984582023 0.4123505293813967
0.5390355642306818 0.9438786032425306
0.4309119743476163 0.19121137250905507
0.5844477516896027 0.04861120156609955
0.8210400747985039 0.30838706724646614
0.6069208497434002 0.6500625392759503
0.6062114476814843 0.9152449977088238
0.05274614143702194 0.8959853632476932
0.8908733767749973 0.42942901609743334
0.42586317953867125 0.42439370723636893
0.9338364453423892 0.41799145341375044
0.9315298361273062 0.927001868710894
0.3879668394674719 0.17008544907578094
0.6058929899707864 0.6619089455880641
0.7353317874663524 0.02974070942453433
0.7845695279378673 0.9416368928464044
0.8370564901885684 0.8767970254179497
0.08670345949748914 0.8788707966629615
0.4597096308497277 0.6615059315147749
0.5150857794937135 0.07042154055686922
0.3392256160625118 0.9299546407036416
0.8563890627649925 0.10333201239476963
0.6698455704600524 0.5883655983860472
0.4459835725944642 0.3761014640673265
0.7568008120928317 0.14749010506068916
0.7315366938060719 0.08468017903347491
0.2723950586788003 0.007851100069392491
0.12617798632716215 0.06109038528596844
0.6555322701298153 0.03086901514209317
0.8529025195151889 0.01027923762794325
0.8223250776225126 0.689314732797246
0.48395042342318595 0.6530850489115188
0.268722864163372 0.9787937885310536
0.4882439837716419 0.05949480520172434
0.020968282514183034 0.32661251788616996
0.9707828164136614 0.872452818532612
0.37307487595873845 0.19802477817063413
0.767542052389965 0.6983218507344487
0.17840357475853463 0.835602211850869
0.6165598444933714 0.9119586198682261
0.034530089986275714 0.4473121626956421
0.8531438104519299 0.9187588881917254
0.5891306530621765 0.4019289930284209
0.9415547390217763 0.8358199299371531
0.9514079757470068 0.4805288050895904
0.4631327633362158 0.9253529103959905
0.5115432136108018 0.6459018812937225
0.7777203155735486 0.9157851880534087
0.9174506937644029 0.9076041618626187
0.5499927984889234 0.17826214411791097
0.9600786155731618 0.007567520518610649
0.04398365486648803 0.478810002468929
0.7017755965782263 0.976101894381383
0.4589433481625397 0.6695080348223186
0.012052560483824193 0.5856761396507678
0.7868787425142033 0.31471713067953333
0.65380178595479 0.012170092612154737
0.8617004476147379 0.4558048068119065
0.4758928816868202 0.19889629913181062
0.7217032695308139 0.45754486555506724
0.7025971262291019 0.6781201444565458
0.18846161963432173 0.8622014104588376
0.900030184208794 0.9694341165990207
0.5546842737352863 0.1578341778961947
0.5320186479172497 0.054288652889797895
0.14635370342480636 0.9828845525008593
0.140970660531474 0.8042464600339883
0.8639475820732431 0.9576041231350894
0.8091405791973995 0.12771838301190463
0.5460885622925983 0.6736843168571126
0.9624964955238975 0.32403893629703084
0.25586181939876307 0.08140943140354262
0.016738071003070898 0.5733326597464269
0.47963765963644267 0.06802994163190135
0.05806126431271197 0.0518859576056937
0.4295932846237044 0.9930518706092357
0.2454804154199941 0.9738919103147808
0.08445553814208229 0.05166833887839717
0.4805412998466768 0.0029244156006563715
0.7356277004864326 0.09363065830736306
0.5250230969154563 0.8449781513644554
0.3713653186958469 0.9501921752797655
0.8691914730162048 0.5800534637859147
0.44474391373241284 0.049441238135456644
0.762550842077591 0.014131368522338206
0.4639541245469395 0.8752932608207504
0.004382514764534662 0.4938600802523485
0.54586932474443 0.620046356240235
0.5008485304773576 0.4041873024283159
0.5674967307137161 0.1852604557563733
0.09114294648515853 0.8693356014476322
0.5116651193776678 0.6346359848249707
0.19701018646641155 0.8733795356626308
0.037405098710335816 0.7635628361543917
0.42026223270779306 0.9002704112545936
0.9333555201343893 0.5790954525648173
0.35361132672390305 0.41213044998680715
0.4490326127645673 0.6147388340993757
0.5057323922909057 0.8948387088858221
0.2302050760571227 0.9801002353964013
0.6640018364008116 0.9677576163939073
0.20191357341332306 0.819062866654576
0.027210904992597706 0.39091457312564626
0.507197963334995 0.10344935519417864
0.02599330035609726 0.12644387562257642
0.2702261086884271 0.8813648235327904
0.841946367185508 0.847749191883751
0.0030501727970457804 0.051364704980619624
0.1746141134238851 0.005481053954460413
0.5624547667209546 0.8036675879844712
0.023111896528007825 0.8630127914508284
0.9971009062443141 0.5381762819189844
0.21303477206813692 0.07210859257475155
0.9608197269743795 0.20940947735982052
0.6423764889230971 0.9660719182700772
0.6133539391881608 0.6642655451810431
0.4993482959098393 0.5954736167438035
0.03434876337201298 0.9764101462080846
0.11269417958847305 0.05570013624651371
0.9931983707014955 0.4291726525010474
0.5861655603480072 0.05790971807568657
0.6711969229453126 0.6978683978782567
0.5594637434807893 0.9539228196013791
0.1331636165340303 0.19664965458607386
0.28122129385275996 0.15524712255841033
0.6578288065171175 0.8673398924381079
0.3383501254474889 0.12191371335465595
0.3799359066766518 0.36381942412651025
0.8419572242160016 0.443646226649307
0.3225559682678558 0.9185258341423297
0.6422595515907655 0.9931959085976398
0.0822120281048353 0.029767961136091814
0.4635136664339736 0.9304579529153105
0.626313273709487 0.40037869346388033
0.27059592988774406 0.8581983498286684
0.14975577440492882 0.11784009300034959
0.6313518205713452 0.36969904975300083
0.4418928160462946 0.11620127885580933
0.6831447591341138 0.542967438102837
0.35840706099508146 0.1346600106589836
0.5531096499374797 0.9709343175315601
0.46566581088572656 0.12427319516708657
0.291807500896444 0.10836102628100808
0.8633068158932469 0.28168230499513214
0.8191303076235341 0.6777952750388552
0.4834120962448073 0.36000903799541917
0.9862731801290235 0.4468266863560181
0.6622849227578044 0.6700650757542673
0.15729950902466672 0.9347889000147542
0.015445299403151647 0.7412126056175549
0.9127768431573846 0.05517946461332257
0.02543349886293489 0.01690333692738244
0.47199672178390495 0.006220103886162898
0.6009622098421861 0.08123121534702837
0.8094774730106155 0.7199766110138023
0.4310538998772572 0.5988503510177908
0.7105533953680272 0.5353649095758973
0.25330317642201505 0.15814777618436493
0.11413733177557484 0.0031999457434979117
0.3909670938960469 0.4214806759922547
0.6160036521294562 0.1419794750293608
0.8800175748781561 0.03634630032176578
0.625871199651634 0.5796682693683584
0.5189905888260327 0.9126089190481073
0.6919227403579804 0.15743988466874081
0.5608190007194426 0.8860591487308437
0.43378765359974525 0.9918621521506137
0.12028241084963454 0.1804955779124241
0.5785310643095408 0.8833424692100321
0.6283426059853873 0.08081676212680178
0.9614861641044372 0.38591250583747216
0.9778976556595937 0.9384792611055786
0.7946600497560931 0.9784834737350055
0.009727690687246104 0.5270131950340491
0.7264277509066378 0.8688274677885329
0.63869586428378 0.06230893094776602
0.3406518367158803 0.08142823102920205
0.13225925851296683 0.16167366357339508
0.5767928695032201 0.8016811544422163
0.8802958053726364 0.30199973975368555
0.938928697252712 0.5665962409287327
0.6959465000393845 0.03611483304665086
0.8646635209760997 0.9620261557514705
0.2502203692527153 0.8074723341695863
0.3571853192280693 0.03744060584758491
0.39811172489225133 0.07355994195387705
0.8819258299695432 0.4527468417661171
0.6615531751766542 0.1464495213178708
0.6186073434986634 0.5751997289660437
0.5699638568170516 0.806593418314657
0.3986132262618902 0.571751132995962
0.5993940647977734 0.6417592967497776
0.4970175716234584 0.8721307578075246
0.33482344279801823 0.08560543471280668
0.8232864119022648 0.8410014178497969
0.2197335545550344 0.80727345159457
0.02083548602977514 0.3965262656449011
0.04477262625555822 0.2063672331799955
0.9333032852232089 0.11096854222112795
0.36035863347608255 0.862570665525995
0.8841977991950006 0.8486355226767828
0.793251364242152 0.114936121791677
0.97560338645604 0.07591294912708046
0.38633836510733477 0.911405028360631
0.41525767901044885 0.11410780328068404
0.8349734022034332 0.8302791410262476
0.20319880722322958 0.1260804469992256
0.6475318328384423 0.3856351311703716
0.7563032127634796 0.7251887377549728
0.5146639670568379 0.08582677286539198
0.9628100244999944 0.7953071368899997
0.6379512714597111 0.10933684517484188
0.5125302513891847 0.06698183463348695
0.6336330514171395 0.0255456391188833
0.4480847203360593 0.3322513836886407
0.0945552424796201 0.9179604620601615
0.9348137864298844 0.006480084469517422
0.28953894585598694 0.05013238115403773
0.5080182731939232 0.6532242079739107
0.39729356094245116 0.36803600777429446
0.6096278309368776 0.5705271140286484
0.4041812023385831 0.672497769876293
0.8291831979824907 0.8214414752378248
0.4548375729446795 0.5784389470787474
0.05741809719822644 0.9673458392539444
0.756795823832208 0.05897558346034859
0.025646048915997643 0.23064565731128672
0.040144105778312844 0.2558020264837446
0.7726014490560126 0.9656744248972746
0.01665010571865233 0.8586088376523953
0.5598228295693267 0.3469301559189967
0.03939743263230544 0.24342942810792634
0.8626867364983211 0.5372502042218783
0.9300182665726311 0.0671541555140438
0.5928372195170658 0.022256585190411626
0.6272606973328819 0.3271496406918897
0.18190330114301279 0.047336633489154845
0.9507031004572085 0.3706342851140355
0.035691700905233326 0.37805660731167134
0.8146610584106126 0.4430591473714014
0.8438086731928621 0.8439109544671396
0.18377155372498322 0.9078391646001651
0.17732295727441338 0.9629775879933794
0.4746327027668642 0.4281520942326049
0.29734909021415756 0.04200028849822224
0.19855399020142916 0.08989945098003216
0.8903653617348474 0.9278026458340841
0.47118181407541604 0.8864432592733408
0.4569341483644799 0.06226410605306443
0.10201288383255613 0.15091926912549647
0.7454489676523892 0.02481947589430078
0.2588845458965904 0.9197285524186886
0.953463874725041 0.3137133368478664
0.7253702769184326 0.7259708403844138
0.9668924352102612 0.1891653301117464
0.6448571688634573 0.08991081191697059
0.28293889938592154 0.08597620483132795
0.8699653791224772 0.9670430761244461
0.9500245032383774 0.894406061265098
0.9167073645252141 0.10622044451120649
0.48382503214162986 0.8830792420023612
0.9605338985901005 0.925230357821452
0.49066150455646285 0.5903382011524877
0.6377168185909389 0.8608463323296268
0.7566165357776048 0.13189145501676258
0.9404099187788865 0.06442114326774195
0.1577855212009298 0.8418477253492083
0.33101212807946423 0.975820934820308
0.8189507422571192 0.7282673848423117
0.16203354563754213 0.9752806399509145
0.9568610540258368 0.6336037954363415
0.8433733039423457 0.5362157582525171
0.5671581125695557 0.42237983192841355
0.8485877949985455 0.9396576282172178
0.10620849011502587 0.8647234688802703
0.893856037676312 0.17446916891040476
0.5976634439791269 0.10191915753537717
0.8656565632066497 0.40445232603418846
0.9587610570129027 0.5135146908176341
0.3808401231187606 0.6782887159512688
0.3955475526408502 0.5902165471623353
0.7582756811585463 0.9383410987831857
0.8913020121114831 0.9241697645195679
0.48517473277555123 0.031630463711996515
0.6848039840644808 0.0880192924934885
0.6229305588770317 0.6489582178107416
0.15088891245348257 0.9381912954683954
0.10981050072633214 7.427090522647006E-4
0.5231092006332804 0.08559651277798741
0.8881566742823812 0.40825996969287925
0.02131139642662827 0.8517641050690069
0.7218537295105873 0.41801352680475345
0.4302358203535315 0.43345820601585794
0.350719486576758 0.8629942568507646
0.523499920534368 0.369517398545015
0.9623598291434329 0.8344449393596005
0.03317003550351727 0.5224550760311611
0.9575095990263002 0.06016590099615626
0.5150475348340222 0.5855551574971568
0.807063540335083 0.9745790644669197
0.40518403598691555 0.9896961630551394
0.2672025206491241 0.8805355276876421
0.0015063227059879392 0.3885551338291374
0.5113820671745694 0.08057103877706195
0.3574458691452447 0.0623567078657814
0.8329395667579103 0.40663831048624144
0.23704091248308257 0.14803354516144995
0.005791018032004769 0.38749810031289333
0.9098824734123429 8.637453839225318E-4
0.9388053576337891 0.8149390182981837
0.9527452224710727 0.007428797899678208
0.798469822202014 0.27365463077153496
0.5063295837524436 0.40286866293828705
0.4787174883213471 0.029467910697045463
0.12144479080682791 0.1838121967814964
0.9532623289300167 0.6623716282933962
0.9596153394414486 0.4064242712930527
0.44490230164590294 0.8112632734820607
0.6951031231453634 0.002671302253841601
0.737758415485841 0.06542203543120584
0.5675127018258784 0.3948575575523635
0.5099477099470028 0.6623956392879259
0.5950005805933526 0.3565974730101451
0.8266776182368388 0.9608100750876641
0.296632510830925 0.15448814988165283
0.7095699336225469 0.0054863761601353644
0.02406280277267514 0.853328293667809
0.6482146128131338 0.5607733236395855
0.6633712890259128 0.06924362351804991
0.3589414559461377 0.0390623898267789
0.9954266337808156 0.008311471567686968
0.3556409346404714 0.6755794895691126
0.3804732937772183 0.41321010519288925
0.9433655745949681 0.5370333470985088
0.4626028557597126 0.1742248693846703
0.6072748058419866 0.3647815982097522
0.950642020211705 0.17230202737504385
0.5115657888841091 0.899982548665001
0.7885563993035596 0.45886301941475016
0.7939994018866354 0.15899581768255244
0.7431121889226475 0.5375706663469049
0.027402038600575884 0.05636846841342702
0.727029741557714 0.5790388817101559
0.16863248263802122 0.124161321526149
0.9892810621351966 0.893493255262145
0.8906003198244253 0.4130647463148519
0.9988232395451746 0.3948203740160928
0.029614409383190154 0.3939559392318751
0.8985161830644718 0.4648967339143243
0.8114117493304739 0.7092746226441294
0.9556826965018881 0.6966230367549251
0.40993411062129803 0.16247451412855973
0.9943611982667655 0.8616715194668547
0.9863328075734713 0.013299049426304776
0.5423769716221775 0.09815704195833364
0.6035304594989682 0.1541134092455375
0.8921550520637255 0.1543045730130147
0.40549253919709605 0.6386040350206058
0.7747407624578038 0.4376893371873264
0.5921536523034279 0.1540957168089213
0.4193844125231212 0.4070750229296344
0.6930021257892017 0.1620881999779632
0.9482560575879405 0.3275465792939486
0.8205718494325385 0.032899583458063764
0.9366427544620468 0.0080677479225445
0.8818790709166285 0.16297573017290967
0.8949496318168774 0.028151894573339886
0.945295300166168 0.42493803299110267
0.650400644150227 0.7172958375705538
0.28108857955810473 0.1829987266195121
0.1338662736509464 0.8405181245647665
0.6441255697543061 0.9886191167302436
0.9677264435285567 0.15520770406565787
0.8313877295086406 0.9026244106025147
0.16641911423359712 0.06599708964706452
0.840355344204243 0.54560839063114
0.737102824858867 0.5796446588259953
0.7717623450701517 0.03195003889626025
0.9316536340269348 0.2796573015037698
0.8452052112722508 0.8721519608453477
0.16412232759200995 0.9812504822876645
0.590573767114322 0.18176222234921724
0.6273773640966809 0.8386244501055907
0.033759442406134155 0.8909228223993273
0.9430710895921285 0.8288773550569877
0.45082876301442565 0.66840033007672
0.9545692889913961 0.5444674492002977
0.3737243355242249 0.9272349474622624
0.6371825358904926 0.8229627546906231
0.08699814753207602 0.16825065131140093
0.7845976719484116 0.9037947418211709
0.4886737547702822 0.8656815748901391
0.839839364390681 0.5344593563616968
0.22157948009593575 0.0897700966725482
0.386149207439919 0.06782377751340418
0.5056426419128035 0.8389697697030482
0.1940252775681791 0.01889431319416801
0.967271526286435 0.22714473939944468
0.30995596321113517 0.014865819337022912
0.4899648927672373 0.40810995524263083
0.4929171464062919 0.34647591062836103
0.2698279379897557 0.10663291868378522
0.474169977592211 0.38242546555515655
0.4922313257363038 0.33732563283741424
0.22987211607525537 0.09809124999245233
0.5545797552151295 0.1910317480174054
0.017753321189017957 0.411191632079119
0.24195695256008187 0.08862649920035992
0.9652594696421173 0.04256855978635077
0.27717536376664276 0.03274406811094177
0.6699178662127917 0.5355830888256524
0.6356015515929628 0.3479718176181986
0.08835049394217909 0.19197782109567219
0.5118283879543356 0.334690701730639
0.8139694016560097 0.0015559188421723213
0.20577015408161026 0.18276881696350478
0.9834567576250702 0.08086442885534062
0.051283841539189634 0.951636483723766
0.6002010846021135 0.34998298956274243
0.7255105799313758 0.6701190122718399
0.4090478048263322 0.07164944954801622
0.7527766074008502 0.6897561811083083
0.47809549169097365 0.8095346829158785
0.10090044668055942 0.9847014720416704
0.11861100698581217 0.9332259271205305
0.6748238943731077 0.573808784531698
0.030776595555332076 0.9418517525291056
0.9361391601288583 0.9675656997454796
0.6130715813721467 0.09736362617607686
0.047792941686988666 0.5506243015287686
0.3589628216596755 0.030977208369452724
0.7255597910344357 0.14705688241312143
0.48728116628607643 0.13595754641605506
0.18260109507011357 0.05106087383816915
0.9562461525985007 0.4253243189398901
0.6509333623633442 0.9041159579904219
0.3677919562386235 0.17487440097625329
0.5358304237180072 0.17128464970924362
0.5402710421452438 0.5864623093616249
0.047716070228683405 0.22885315625041924
0.7440231761945151 0.9047119821604708
0.40403323553816717 0.3637361102861816
0.666348775568037 0.3065030146874468
0.5728584252264577 0.01494082873550362
0.9625182125567101 0.1735645259267411
0.1988314545539266 0.8434168288179191
0.9704219766438391 0.27961617777415093
0.5358208159575024 0.33611343807542093
0.9635923810463418 0.2876901573962739
0.4789309688895844 0.332986388408941
0.720064100103896 0.0689406280855932
0.851001557734796 0.5900960554584735
0.26517100930036996 0.8793629193399415
0.993379893651864 0.4657358372129684
0.17367064069661475 0.8679087792650511
0.9598312654124075 0.8662475882901415
0.5443530474216319 0.41391772541221317
0.9123917394546555 0.9187298758996467
0.7229604542553981 0.18025791417978176
0.7190747849433698 0.06659369825652217
0.4242876613933958 0.3681572471506308
0.7221438777158236 0.4087788259988151
0.6161136118366715 0.5826818913361655
0.9034808644596711 0.05912364685404281
0.03572732575333759 0.7810665270340664
0.5280363944599837 0.9166430626385073
0.3196656245814177 0.8465984286931779
0.6812264780922774 0.1970792731850176
0.8918007128089496 0.16863282027326842
0.32579077518785615 0.9029148323380887
0.2987103067660677 0.03563179113084847
0.7241979816351743 0.14707936237190422
0.7534846167807916 0.8562074335264444
0.1811540227668368 0.9438949983919294
0.3105708632406122 0.9963628673398798
0.02433490863307619 0.9925437930253127
0.528240586644717 0.562370479633179
0.6612767179630061 0.5879353379137162
0.9589991160755881 0.21549477797578065
0.1694403219768542 0.18200830097930665
