2 1000
0.5272640067538417 0.04835319646109071
0.1610146805620124 0.5308044572785001
0.5058227370600187 0.2816726034447895
0.7417389960731668 0.4823997981396779
0.23262627945708403 0.5130141765448238
0.060867857142869686 0.5037452982843657
0.5961744169637081 0.45917134577702645
0.9838833319154441 0.5227137197229675
0.5292358777848363 0.26731986106980776
0.8032201565652064 0.4750357408521543
0.4550918517565906 0.9661322582674463
0.49155776604191326 0.5455383507441192
0.4612800517705755 0.09106149310462874
0.41208232112601306 0.5225187834612838
0.5296889242931327 0.8725754338218056
0.14869339769138334 0.5244748832766034
0.45825953753351467 0.631328715562287
0.49275556436513135 0.6033881134780699
0.6768154607418204 0.5457697380486786
0.07009475920613362 0.4575322890068596
0.532472061649473 0.15429339899630334
0.5086534966794073 0.9954759848268977
0.5284926422652917 0.7708227491230011
0.5375469948056756 0.4880558394047442
0.5220328964063813 0.17705834724367364
0.5124755426834139 0.8832489965589885
0.8472520907558946 0.4544989512259495
0.009766659906387032 0.5238455421363192
0.5320884085896422 0.03762298889835258
0.6277568052803216 0.4770844092641223
0.2182610876458153 0.5471561689654562
0.45696495702191264 0.052586098150784744
0.4691217570162616 0.46332235513222075
0.4637253586196588 0.4390648095204165
0.8904519230567461 0.5010680691697202
0.5243777174664503 0.048208154501906963
0.5261217915769887 0.9115432209066306
0.4707438714978497 0.49916865378752573
0.5304264375000834 0.1720803619159026
0.5225158103434828 0.6918322353061837
0.7773845451379305 0.48800554621081094
0.8064918651555607 0.4671579264380342
0.3409616727490554 0.5189546648903125
0.14680686170418455 0.4851682782950969
0.8291524536432592 0.514642879377316
0.4580964785675541 0.368840848674612
0.4920115446832254 0.8857631334424176
0.40522710915265625 0.5124307478585702
0.7353510248109536 0.4966959972267472
0.5158792843782166 0.7909263857486583
0.4913657652410075 0.12353890324501171
0.4868115629373435 0.7748941027612574
0.5409730258922468 0.7923501724872597
0.13061458813240856 0.494750939828397
0.2669594595898017 0.4617683540724301
0.5187406545249583 0.9815048137785662
0.2727007857091335 0.5346563163513507
0.965536820913965 0.48331014568332953
0.4798915276914343 0.5024851435626615
0.4932880918530249 0.7068995237683161
0.13280910391459444 0.47454567661336866
0.9690431028424634 0.4712676467445357
0.5445451215248688 0.2343153171344765
0.4688805649722658 0.914249921684169
0.46740279525742434 0.66503224743822
0.6215568893054165 0.45041870841215803
0.5355418990752535 0.26487377526881173
0.49586696334395663 0.6913155429945037
0.7308429431261894 0.4540367123644935
0.964147270831365 0.520917155045128
0.478037950554943 0.9870382905050439
0.41458670439181367 0.5333176718829271
0.2332920679078182 0.50543766939088
0.9414889212392104 0.499124321224064
0.5403538457059498 0.6946745167415987
0.4699316198999165 0.9101620627424618
0.5314167913733974 0.09430870014918813
0.5111130674207639 0.8205130021803654
0.469771542277964 0.8174150169145306
0.5026071308737989 0.7569506519740918
0.8674822968043946 0.48460736779220437
0.8965285937665992 0.47544768119966674
0.5194294793608324 0.9078363973964706
0.4913032496384757 0.5803277731033073
0.8606583258240063 0.5152965784673351
0.5263236152384946 0.43410421397382437
0.6464941999566987 0.47219957591666817
0.4968987493609952 0.04627054239601869
0.4552871088004462 0.3731072856613781
0.2999263084557052 0.5174336443245857
0.03536114844465521 0.5201297348485837
0.3899285017780285 0.48866827608275376
0.8851374034199662 0.4891880433527134
0.4883081517898493 0.2109727521043635
0.5247349068607569 0.7162843638225447
0.5168230766515258 0.949277805485634
0.5023720117943394 0.6270247871428846
0.4744670514789945 0.946340549833884
0.5898985062507772 0.5037766853250951
0.5002007216579203 0.45412956074345245
0.4896440200499411 0.3295978173325762
0.47750474262552933 0.8311757442754576
0.5228845254143807 0.34279348576261026
0.41472843209158305 0.5346441515341005
0.6073035015967764 0.45417116465473384
0.3312250390845779 0.4828979852894738
0.36129996131439845 0.5497078057246172
0.48284803666094267 0.8787371044460185
0.5315627308170834 0.22313958129787403
0.6452467389619488 0.4629567872914343
0.46188813942422324 0.9671048712405514
0.22507120792671986 0.5405058775488567
0.6071373752691875 0.46903746729763407
0.09994259732609811 0.5009316490823116
0.3337608830468386 0.4589274730297257
0.6020320405996542 0.5494535587229122
0.6552187248838941 0.4684819614080922
0.4972496144540888 0.4303452686545257
0.5043994308083783 0.6899350869279314
0.5251649318499507 0.6131091646929003
0.5247684056324569 0.24454440429150504
0.9267308993988086 0.511430252958267
0.5126767408635566 0.7190053305129427
0.5329327549269702 0.36060923280494595
0.487384646448738 0.011741110186646808
0.5129340631170126 0.6364935657328955
0.15264208022723014 0.4687865045408093
0.972853526935998 0.46438064954219826
0.7761097725414536 0.5231352914834511
0.4647353057843937 0.2912523975066694
0.20185746685189165 0.5433676956195083
0.7258589384867516 0.5369970284063825
0.22213804461465214 0.5434532473076098
0.715313141473987 0.5265065685868927
0.7622558475530136 0.4558629863561816
0.4325016479506594 0.5319215356568602
0.5538021503064835 0.47719863575011634
0.2988143940611281 0.4904880851206789
0.5082722711146165 0.5019250472267242
0.5339136772049958 0.6383021695610366
0.539644195900966 0.47345381896724126
0.5466526737554055 0.6286348298204475
0.4751271867977134 0.5866708120881478
0.7080894339314444 0.46424105685691686
0.519166359679231 0.6417481443346676
0.45954412513093557 0.14758298315195184
0.19027869636444594 0.5221354259244552
0.4979798260716095 0.6651854054750851
0.8467100952218312 0.5185358501243759
0.918307439737053 0.5268154462983056
0.922049291022977 0.5064233130065443
0.48070977820362026 0.7981839244488951
0.49897997602115995 0.33754753127820314
0.4820904174884757 0.46007138532323566
0.5487187966974353 0.43184479520230445
0.22134372138997194 0.5484158248773304
0.4692024241189805 0.39477934507494705
0.6388798886355432 0.5028914077236744
0.5420178150768177 0.07690740161449727
0.841944300783745 0.5254286832759768
0.6055168453728101 0.5376017687388622
0.02626118707209446 0.4635358400880293
0.4798094477109843 0.9016413158924699
0.7139412045186428 0.49035195467994175
0.5143263280494179 0.4607654517316683
0.6743158033427462 0.45491182744906844
0.4725475751681347 0.02873141892774267
0.9219840096582501 0.5075307799171356
0.41242765336398046 0.4511597080713192
0.2658373907961218 0.4746533028375127
0.7488851587375162 0.46601564595256295
0.4870646122627248 0.5563627633372517
0.3697407313421538 0.4581019322133094
0.4626789182605201 0.033381965085667376
0.6216482116499534 0.47961104392717324
0.5405274059616167 0.9472883309917007
0.46467139285311687 0.7094332019940037
0.27719179411708605 0.48809849815677153
0.48364665446619504 0.7944191228856998
0.14267622220040976 0.4697935160695459
0.8661302210940682 0.5292221514650571
0.4847248271924981 0.4340239615065071
0.3588777909155507 0.5381045475778363
0.5754968803171047 0.5271091657673329
0.4624027067877722 0.5012450993061905
0.49077451613542733 0.3199583580166614
0.47843177134372383 0.4003018578784957
0.49473384752091076 0.6737753181449564
0.4543596138673578 0.4299838235073684
0.020678566851496938 0.5414958557517136
0.18278855947433592 0.4950897219627429
0.44863210700771705 0.517137660592441
0.5020330956010354 0.4940534614282911
0.5267551934182904 0.775455297815306
0.5035941586004783 0.9287971529411245
0.9265005920995402 0.5227670661565683
0.49236746316885016 0.11453565952727973
0.7553554762303497 0.5400099483222676
0.47303641586246925 0.776244167944097
0.8194201137682868 0.5463787098826965
0.7287728429001248 0.4856754330831168
0.21638907873388868 0.48341714188288976
0.18974823588143352 0.48753273543905973
0.24309004497816578 0.5103777360241163
0.9650702707703794 0.5333749870551043
0.5245155225429765 0.5652119896071666
0.11673616526204034 0.49518621800999185
0.2924056719408087 0.5482990491387943
0.3619384660038568 0.5171276839398773
0.3107881512981666 0.4624208132738107
0.49826034971905864 0.8721234603416927
0.7870839266979208 0.5211661117200764
0.5200531129038152 0.7355204257586276
0.35105139191013623 0.5075714002922489
0.4792830745154224 0.655598907831025
0.4752492840137599 0.8855335502837149
0.5345192795350422 0.5092455507322784
0.4985616304657161 0.5965241498384626
0.779948254435405 0.49645700568411666
0.7706099801582633 0.4552364848627648
0.4572940154003322 0.9425563820675072
0.518233422962528 0.9588465165791107
0.47463136267577355 0.8586180426264289
0.6751498842945441 0.5140527953990387
0.1432758651800642 0.4629932380524574
0.4990318187816004 0.3175169451483093
0.5497643156893549 0.735918475987988
0.4643093230880422 0.3321884675437259
0.4534699514445597 0.3506153372532871
0.7856253162740888 0.5312212221301967
0.834281002065652 0.4571207684710683
0.5384199123095114 0.9341215645436791
0.24931443003239606 0.4846388499890649
0.4961827472661561 0.33653990787954713
0.45427965370480783 0.07157024196170636
0.5412686394525015 0.45128032315915356
0.9453137125502952 0.4968943090366261
0.4041944563458024 0.45863773117582185
0.5208939285068487 0.2956787887820662
0.5419947948852154 0.9950411352813668
0.5470362089156693 0.5551465288252633
0.3750539246443102 0.5152622962794997
0.09103634091766344 0.482247923453305
0.5531374285284769 0.5129378251393043
0.45121445102774993 0.9795874649794181
0.7919956681162623 0.5333317519530433
0.46147029860985755 0.11543453025643258
0.5232918134626842 0.28677568871607706
0.4046984637216853 0.4898620739851657
0.45931665530040744 0.525342083923942
0.5294968321925103 0.19198658461432638
0.23425767168506262 0.46536002622407113
0.9321723731569681 0.5253067924637543
0.5453443945118651 0.17078488316050622
0.5389141012177446 0.319132073718264
0.5440670553065987 0.4212304271514373
0.5030861593454539 0.25161370693588614
0.5031870111698304 0.27650289074414625
0.5098510757436081 0.029062205538399666
6.308486606800834E-4 0.4659709909845392
0.7116260367983083 0.4764013466676251
0.1963463629917841 0.4520822723148472
0.32971613428631086 0.48502762834096935
0.5483920720917961 0.335801610181913
0.3350017398766153 0.5452797402580613
0.49680915392223735 0.23965735447073966
0.4512305661407996 0.43285999167601175
0.943834642869367 0.5098213604550896
0.5062903111540528 0.5342550476840776
0.36438480696031506 0.5193694068272077
0.46236712922852496 0.5874905876636265
0.649599351403509 0.5122433900149446
0.26309925168348947 0.5062435816396587
0.5380596972897906 0.354506756195636
0.46462598293641055 0.48619930717619264
0.7967598799052572 0.46194207264559417
0.2832408229713286 0.5020648117559953
0.4639632192656612 0.8564117747131049
0.4539943684198866 0.1868134723738516
0.039844527144164976 0.5058929632850239
0.7541891559842901 0.540941798813218
0.4331107287977135 0.45706627596925087
0.6733312882369984 0.5375730582957834
0.24213246145571887 0.49086913799745935
0.24075614598018524 0.5217818958054226
0.48845829801575147 0.018162681015648663
0.5053600456804962 0.712855438750233
0.43099218349141033 0.4699090281730921
0.500441277331125 0.039821701966021306
0.7199508259350711 0.5057931130032469
0.4626216983411595 0.6181566262348361
0.9492440900310388 0.49390762187717663
0.5345958036489294 0.22599400563678984
0.48634445799236414 0.9902884306977477
0.5441071677444391 0.9424628767753065
0.9598933379650028 0.4591409530002657
0.5001474367933614 0.3843945005234497
0.5473654286885755 0.5714187517178314
0.48222383177472306 0.669344612655286
0.4501384442730456 0.49337451363041673
0.4945146492894028 0.9544154057753711
0.5186867569226159 0.2711930633296352
0.014456094785133211 0.4682141033666629
0.46664668719692115 0.377843757234378
0.4602536638860071 0.6936623132550424
0.49266689921539164 0.020381132740886265
0.5221380543706192 0.6941450861495948
0.44130331766782505 0.46070612937904254
0.7747789103824435 0.495063860831333
0.09154225377786718 0.5382945518796762
0.4840820117697566 0.22404197107799573
0.49487627330254047 0.0624680140575824
0.45290606265886924 0.11996809040574175
0.47032324926626223 0.6145226141692016
0.5024705662219712 0.7550975348836406
0.16952748322039968 0.4594593100577675
0.11987369324350183 0.48486461800315783
0.4542498708385525 0.5007647415938672
0.5324394320145956 0.04124588421123265
0.4838200304550614 0.885139964293025
0.5161548160987824 0.2841252674228749
0.4788018349888633 0.7060579112890734
0.6073734796137342 0.5464403161531816
0.4892472777873069 0.12443254178872276
0.9175673132827877 0.5192534427981597
0.6244545445645322 0.545521421861257
0.511555012384779 0.0824272782316513
0.6039120588899325 0.5090655236287971
0.7453842627412139 0.4648799736437298
0.9092665962861459 0.5455157452168716
0.5141209031856987 0.9300317055561865
0.8878151297973643 0.5180415003897983
0.9056790221915093 0.5278748440858321
0.5068016982067103 0.3692997925662843
0.3271356981856812 0.5023187655065756
0.4663305621767524 0.10427023979772043
0.46001001638646577 0.9576182030964188
0.48207643130575084 0.43125058653337567
0.6438482184713086 0.5281448996725611
0.5704744742007729 0.5076839382469533
0.22654714179657964 0.5257650519064929
0.5005036446969835 0.7561277643239745
0.15104570257589922 0.5462199460658603
0.9876459535988314 0.4796419654620485
0.4709854308315735 0.7473986810368709
0.07213404877048046 0.5205308592048551
0.7405855023329158 0.515679782711009
0.48788620826611073 0.4314753634814702
0.07040169590942613 0.4617461744272665
0.22982309683308055 0.5249299324666755
0.5093445346825171 0.10708426484826783
0.49279343655698604 0.7072516791361987
0.5667296212706976 0.47761969111185276
0.5155467939660349 0.12197076940153684
0.5919698156193867 0.46039037147126627
0.9464693060863022 0.5387952918115837
0.4638274896273533 0.917569401623351
0.4643972648289846 0.178516185078595
0.4612083620626971 0.9955400598924048
0.03768417108594024 0.5126240028296893
0.3858250406751861 0.531400042808113
0.5234757027513168 0.48283812109453916
0.35047210405995344 0.5116149003480644
0.19185378385888496 0.5387511613799192
0.7518838563731682 0.49655311094778287
0.5116608012949643 0.9935147573713364
0.4719691136902815 0.6467064005731792
0.49005699784974266 0.874123718617637
0.4887323933908616 0.900297666351037
0.1280510265225654 0.4849544039794359
0.4853907851083561 0.61900011165375
0.02973799640236341 0.5471019434369709
0.5203194497101059 0.4041131768899804
0.5311380943135875 0.24796759213308617
0.5261438615430962 0.8624582306884271
0.48244103658699156 0.9232310634846518
0.500922576330081 0.6089863960325599
0.422828470271454 0.45566588894182203
0.03598328248940286 0.537958097699554
0.9399144477976258 0.524535680639013
0.49262753406882 0.8755857224461713
0.33777984154934027 0.46997730396910287
0.045947755312336636 0.47678794540461955
0.767245573847706 0.46467045396366013
0.11839671586631773 0.48875395212161454
0.5089941351849625 0.18737287189138763
0.5387612681119892 0.30208099621452467
0.13143235854690338 0.46541199383990717
0.30322870229616816 0.4882138999201553
0.12462257065722626 0.5165690104676676
0.17128139797935937 0.5283576192079906
0.5289022672931321 0.6439100371471574
0.6911705267414481 0.4521576452887318
0.6586340669893097 0.4966868746394034
0.15364443726741772 0.4724544000429445
0.0024464587087266176 0.4987353793511975
0.5231113820025896 0.21852821318476923
0.5428159222959941 0.5256248157473068
0.5486940993571899 0.9582423548282436
0.5154333695014119 0.9920112945923213
0.5807464069866037 0.4738610524896806
0.4780606902212785 0.2660416138130809
0.42658242418659953 0.49617258041277734
0.35832337419073923 0.5084569130667969
0.4612528644854401 0.6964589840092462
0.5268595520627551 0.9254922423128732
0.3155845306706677 0.4846562446874002
0.5012192206603733 0.6301004186373023
0.24980846918376953 0.5496829967511327
0.5234890175489697 0.7324379548397135
0.5880489098553978 0.47678023925707413
0.4637002788829184 0.9891990215718542
0.8653588095622705 0.5346228372676316
0.5873180295400174 0.45061507757737873
0.49222130978573364 0.039337648023982985
0.2444368659227134 0.5006110514290687
0.6588233659437489 0.49552603402664663
0.7042081370072354 0.46342939797788796
0.5052338095305038 0.09654237979988745
0.9060075569276755 0.526283791509367
0.5048709560328717 0.6103787023655979
0.4481591780413098 0.4979269907859495
0.23047314024519472 0.5076602899958226
0.5317440922418805 0.34237918082276186
0.3561575158295942 0.507576636597284
0.5951433876035663 0.5312807190755249
0.5313783945827069 0.4898226714618966
0.1669305508664024 0.4701633905924989
0.32437889487896376 0.5063335772752743
0.25211078428222133 0.5359158081607965
0.8081973555835572 0.5424099312260133
0.5242603721439114 0.007156438934051157
0.7201378324552559 0.4688188034106584
0.29733507664978776 0.5173545076588131
0.8303384993766713 0.5340324742076243
0.4839402478584418 0.5839610822949907
0.45043734895554655 0.2595287725965848
0.47441049163577487 0.561942334801375
0.4865379287893088 0.1024766486544354
0.4931830741407043 0.5719493443635574
0.4515122881987773 0.4382965684415938
0.5080386065065022 0.8910667232647262
0.8380255793792715 0.4558720339613178
0.07561337589033668 0.49545915996703027
0.5074813251031498 0.4690374616526286
0.639054367191619 0.5240191486057406
0.49216979398115734 0.11070122297352902
0.05326072350199962 0.4622781144767255
0.4577689715666048 0.4969425108320763
0.4801410725048736 0.8679480410408503
0.7146410737276289 0.493927736502101
0.48485719869876565 0.7088952526379374
0.03381147018081854 0.5398130557501531
0.5293014819075055 0.06796680225989882
0.5354621112467656 0.50083407085733
0.5182184050440177 0.4754443873021261
0.44000423517785514 0.487885135799218
0.6961982274701967 0.4773042536257931
0.4829062053854136 0.2754086049068305
0.6060839537793642 0.5021479022524802
0.5012054878869732 0.7072593322567426
0.49460097213275755 0.2835502513086826
0.539479034286715 0.20475370945635696
0.4860807515607658 0.10367137514382774
0.6694946070354477 0.49331098304632437
0.7538260196128722 0.49007649122605546
0.5337923266340652 0.33845197654164416
0.5438881253904375 0.004049840311140751
0.5113346992595489 0.16336860573082712
0.47624861898221393 0.9700786826875203
0.4504185323890374 0.9324281949154862
0.6522646868799111 0.46244981681206077
0.6322158121209038 0.49992121791692745
0.6682669855624536 0.5403428242958032
0.5175485928834002 0.9593409397481842
0.49821727489004086 0.1744064154556546
0.5072743762612015 0.6924436085470229
0.42441846575609743 0.5333468639223586
0.6675555082443299 0.4920308500076809
0.5094332042065192 0.9108900089569546
0.5083600879201132 0.800826169313436
0.042655982456773156 0.48205692438496384
0.46579477312346806 0.08167334215372757
0.5301694397499501 0.13112171334748257
0.41244702068960415 0.4512685808706237
0.5410109676529609 0.2679494973791987
0.1814901608499917 0.5025364893163887
0.6711820453298244 0.5077008572027671
0.45197828148319596 0.04319937852817812
0.25667196347310317 0.5273650053521348
0.017330835012501766 0.45776804761160694
0.07685559018790178 0.49389117342813915
0.5125161285821385 0.7249737201555762
0.810612317029783 0.5109949922900179
0.4839139999256994 0.9255063311500524
0.5899140704912735 0.5341527038508365
0.722734393348519 0.5201665916990756
0.27640036660960754 0.5421671721126061
0.46811564968537367 0.6404455172877452
0.553901131887544 0.5418178084375697
0.8093809742674006 0.5124513579273207
0.530818405474714 0.6299421669343237
0.5424137118290632 0.5792451712307816
0.5012720566961387 0.5566570888843121
0.5290150297337939 0.603446132179308
0.4979890647456775 0.8590391177842764
0.5451134288381362 0.21819848254137875
0.052130090500431825 0.5391091246605747
0.5485390357888713 0.5498465785805978
0.6126332103639943 0.47048978462680147
0.393632676815747 0.4606914237907056
0.03564090420564325 0.5301574448039191
0.7217101307421828 0.4678012091173588
0.46034847799556433 0.7618368938524291
0.4647297205089598 0.23117906640676844
0.5067998056525383 0.9781527883863768
0.47074528118112646 0.9047272797435575
0.47505711722380095 0.6190465192610789
0.5382948881837621 0.3025720048980365
0.3969986025504191 0.5476172123144115
0.4943558110841292 0.16814243697949405
0.5065148007349538 0.7996710712070901
0.6669970395659267 0.5100737673198982
0.5177155427534099 0.3985323607391955
0.5317542987114934 0.18023239974419492
0.3427954774946934 0.4902262949998648
0.5246386082347057 0.5628742115485302
0.25710048675885766 0.49070328710719824
0.45006202705030074 0.6250173886953483
0.5145337961268779 0.017176031998980656
0.03706091463937955 0.5448097695883971
0.7421358896079159 0.5353151630215269
0.5031116446067334 0.922518909217608
0.7468387275262961 0.4924170030921734
0.5003904205788665 0.3072422770176052
0.2511234462354489 0.5021011688246904
0.7151591008503345 0.5290356679628053
0.5278868707056087 0.4376063376514109
0.47913681074145686 0.8825262701415536
0.3312815770855556 0.47217241307292945
0.25212375217174654 0.5033359016693183
0.841995944862075 0.46179819642844866
0.176208014745996 0.5134665341796817
0.08450037778153408 0.4741287275345357
0.5277577724167689 0.011782993786401352
0.5055300945903478 0.7930935510743373
0.4867269042497381 0.0874946108836322
0.5140621000959541 0.24459732659137368
0.49204379437217105 0.6177796638276688
0.5414720059619371 0.8883413478888427
0.47621953780252857 0.420077211915865
0.5941854414272397 0.46532287948871864
0.6418719644345783 0.4956115346050546
0.5365019127597873 0.005510145429142521
0.12243311475553809 0.5026899012169933
0.4274563557890496 0.5200017264886007
0.5010464386681529 0.5266129858854467
0.8294446481266059 0.531414633093919
0.5122642730286099 0.13038229097514598
0.7685326551290164 0.49264869548210055
0.4612796231897346 0.5251927946877136
0.4000263858140578 0.5333401812366895
0.7529342241274904 0.45761319536878176
0.46028072358925187 0.11558233883783897
0.47231954322114544 0.5494304455986286
0.5274105439343273 0.5337293005737622
0.2918423614196216 0.5146475262024488
0.42209575462349425 0.5359220397017026
0.017520995236715464 0.4760947406009518
0.17071146041186014 0.4633318068656628
0.9040264443030147 0.4672049924900761
0.8325312526072404 0.5428584220025174
0.5239529830562725 0.3090953699546697
0.47752410251949884 0.9332558581473451
0.5462227293602696 0.2396586846620965
0.4735758749852792 0.6505964988523533
0.43742014390729844 0.5242683861660128
0.08260174575441859 0.462520273287244
0.5243760439195757 0.42588274818910377
0.9944968912799642 0.45850884187761065
0.4806440775262544 0.7409208896385747
0.37759071642069264 0.4768482238509283
0.7115276876479437 0.457337536712788
0.6123042616878306 0.5499755439521506
0.23402252747774144 0.46072963170236036
0.46071086794532834 0.6395652474017511
0.01490543807018141 0.47820036244485287
0.5210067539727108 0.05561221690491569
0.21848953138286664 0.5488665764188526
0.1753648289730273 0.5067225765448723
0.17866163031436577 0.5103998677425238
0.5103595239922049 0.5964055019561316
0.5294469092937379 0.25540230405432274
0.9522602497479675 0.5286280270256946
0.5069847532733318 0.31095165773909317
0.501469256450194 0.17392109868296213
0.9648903538475717 0.4805241450434613
0.5704223858334262 0.47817304346462086
0.27237292116734246 0.5381188973411811
0.48508588549167286 0.8958192876587602
0.845272134928772 0.4742370257815992
0.47655952167599114 0.07489991944028052
0.4667989089797687 0.35326623585228456
0.7531414802444654 0.5497119916180447
0.5476894999221352 0.4596337520511843
0.11873885160085318 0.5398390922622829
0.8749566923600023 0.5040103751431091
0.5493713905038382 0.16167630926886956
0.48958187370522566 0.6824047271194109
0.8154865751884542 0.5350719453114914
0.6320671367777962 0.4582087066985856
0.7184059874507561 0.5297565669697768
0.09970487449180976 0.4783638682217264
0.5423591197526915 0.735426408224141
0.6443382303240184 0.4889583664742866
0.23526170360484122 0.5339371211355518
0.34837016291415634 0.511764564219076
0.4776609127860866 0.1924215155289425
0.5299066616341362 0.5524239525379795
0.5398652513669749 0.2339918748990819
0.4490857196478597 0.46277371268561884
0.06921624086439715 0.4842890149234417
0.5324579207324756 0.7679354603322884
0.5307961017754161 0.9377681223870127
0.3594402664839931 0.46429558114013336
0.607511095917488 0.46667558233746087
0.5836227090011014 0.5296934935860637
0.25928573184801806 0.5284516162811476
0.5225551117017875 0.6595033428022958
0.5445175233474077 0.7856387087535477
0.45890646999615126 0.9134954032936349
0.13862185293794926 0.4586349156077022
0.5244198326448896 0.7681576385851291
0.4831451526343906 0.8360707103174195
0.8287157505580753 0.5227856611719739
0.25564912435690956 0.5404560798195837
0.7619757639401471 0.4792675058718434
0.4896850244383001 0.755078249382267
0.5043403405060249 0.9874777077240132
0.8930769566079358 0.4758927500823653
0.5357707316742599 0.45484720817674373
0.08339342836725527 0.5473053563237156
0.4855483023499142 0.9040095238225314
0.4765999631459362 0.6810019976910326
0.9999347207852199 0.5314972310595685
0.468786708862755 0.8679292846918172
0.4864167867994973 0.8283957222767646
0.7910569725459018 0.47470040943248537
0.0993815086394384 0.5141787380659094
0.37120536801192006 0.4613746023225914
0.5483277801080664 0.6718399972755379
0.5440905569037875 0.4555279927856346
0.5330457681242554 0.3113760628772131
0.4922231936934057 0.8087762997890972
0.4057808571980135 0.45250232967643544
0.0021892335170337063 0.5302844397415127
0.4826618485039542 0.5443740308185049
0.4619998647650997 0.6364813565985794
0.1024051785947856 0.5340099537178749
0.5160316330390098 0.5430051127477433
0.8467756453383835 0.45452619280449613
0.536198745295457 0.288243405235987
0.5266220214672899 0.4202256052060326
0.49617597888579457 0.5788328548611138
0.7606512967719385 0.5480956397755412
0.47140727198070653 0.6640375646310965
0.07708083837950663 0.5403402396931691
0.35182034061127476 0.46269082137560336
0.4963997914557964 0.1466906487454832
0.42955543205548363 0.5214026255626558
0.45190290555910584 0.6234154357784412
0.47548251668601393 0.8892679928465484
0.8097794798036417 0.4655428433180402
0.5359952362967795 0.6483161271216317
0.4959876343497057 0.7576856572324627
0.4620327620966981 0.3313618616919819
0.455355802601596 0.7443871743152982
0.5126020120395469 0.3418774477633729
0.49599908401867554 0.16816189667695192
0.4627178137195376 0.5651615799655924
0.9187131712823502 0.5275503938976484
0.8787809628268534 0.5211056308240711
0.6856857621564125 0.5015088419877511
0.4796138345561487 0.7509108669606361
0.1467479073621586 0.5453248980820514
0.8917685346699961 0.450644117503054
0.20564461415628488 0.4717078016271322
0.6547900243796001 0.47982793396296053
0.9715250822401498 0.5197403010970826
0.7661486964985075 0.5013108745501231
0.4515156998400569 0.9367504075239055
0.07592047595989104 0.5068568034535875
0.459168551476412 0.22942206477259053
0.522847542838645 0.08937009634820048
0.5421067572456157 0.6350679670132399
0.45454877367734936 0.8968972322949965
0.48201562297567835 0.05833101322029255
0.791615007724016 0.5444181057770671
0.24940205533566895 0.5447510759250281
0.5208680975283545 0.19243393985819968
0.5341648836061323 0.7846279193215382
0.5269651433070329 0.18703227050296223
0.18725280975587133 0.4628940410622451
0.5452361789692408 0.2006821244422642
0.5123199577130603 0.8222438204954388
0.5360941844645587 0.8818294008838812
0.16288359776226036 0.5050062209548766
0.49996524357341143 0.9343363893534374
0.06594743258950819 0.5381886902811452
0.04786822643092847 0.4784940749745523
0.4502604136583106 0.4499965431803219
0.7995276945733837 0.456891935136828
0.3493401875581871 0.4550981099471926
0.5397423160958111 0.010215117816109287
0.22489802861882335 0.45818266597241153
0.5569835499669417 0.5067086439458145
0.9270879374741547 0.5170759073343659
0.5475681953327894 0.125758837731911
0.937512724489386 0.5329543490182908
0.9504220285112092 0.4999483253324306
0.4848620106619529 0.6586979627003721
0.4775114849894816 0.38056722359708106
0.736387047757407 0.494426033804107
0.874005005481833 0.4697926349973207
0.5465836829762103 0.8277546704160595
0.26485214743074625 0.507877450652635
0.45894207542117815 0.45312160913346333
0.4509457549424747 0.3161574365872668
0.4892459493417134 0.8715968919034021
0.2300864231176818 0.45465699407605653
0.2002177007089021 0.5178964441639704
0.23906135752459368 0.5085373285645804
0.5149583917713833 0.6955500285469421
0.505611296946491 0.45394125238303873
0.5449391708478374 0.6916735158391754
0.7799710631566232 0.5179553168503215
0.006772240819009068 0.5271395675809781
0.04383242018319944 0.4862696620005468
0.7943069749387287 0.5162252371293926
0.7873868516149695 0.5451920808520843
0.5097508830030658 0.8067199058824721
0.4696304849540509 0.33512342457796496
0.5306042755178894 0.9629221110948669
0.5241707223543791 0.15487410069230934
0.47128227790128696 0.2745444726204296
0.4559212684827504 0.7444808389001433
0.4579897493895996 0.7769911410472915
0.8579448055313106 0.5216943232295088
0.8544851066070972 0.5085113069653183
0.4947742651856396 0.7285068338351466
0.5257187125527796 0.6165467825921643
0.21903069410699072 0.5218422967155371
0.47285473851072846 0.20690232826930632
0.501067478255481 0.21427523530238923
0.271980312778504 0.479218408655421
0.2098214751926365 0.5080971428213311
0.5261554958853624 0.7042810621919694
0.3814398074334684 0.4991296233030885
0.5280803480686734 0.9034881020174973
0.07880018101910125 0.48541110045574964
0.4721995711417255 0.45381496780575736
0.5424464493153565 0.47164995767860773
0.9506131067357185 0.4631350815770703
0.5457566617048449 0.9340701426316116
0.5149311894209343 0.903992070971057
0.49049473450752146 0.5213564586005063
0.4705629736394812 0.47617797791180394
0.5412303768366858 0.10027007802667243
0.6941003744812406 0.5130276320433973
0.5274933857410379 0.3834482382502473
0.821620883708428 0.4826408825165128
0.3661242524951338 0.5092666000882957
0.6899367509053896 0.4720345110604973
0.7680130546622376 0.4769233340600376
0.8164503348665555 0.5357121473636759
0.9579288608324084 0.45865259985203555
0.18573094704299653 0.5114984331288683
0.5187894413549604 0.4752500714615492
0.5493338295422765 0.002355878968677616
0.7756308896695135 0.4722667727960047
0.9207280662386694 0.48071933900753716
0.11165252900182876 0.5344021490308546
0.4546435131747797 0.9487268523930044
0.4689460198215666 0.4803884274794904
0.500342101423086 0.5711333599875502
0.21475288736166798 0.4630681082697272
0.5065853450036681 0.8172219700142721
0.48415555344240446 0.7398036953781785
0.46289289561648417 0.40983147283191035
0.16526329668247608 0.5088512214390717
0.5183060440771344 0.874120660899103
0.48546533251747104 0.09629858613306808
0.6347924856810025 0.5351205721238746
0.03882584285484614 0.5064441806168101
0.46435211284391253 0.5076182685751695
0.15728424091514004 0.5020859972591736
0.9697263352146753 0.45839068517736536
0.16169272290107772 0.5484540634797893
0.7239983217526615 0.5060794325356073
0.2998239959922572 0.5387915626257954
0.5416055524027789 0.9238532640774155
0.9171122872896375 0.5393324195669882
0.732476147552511 0.5060596546233841
0.5751621465096052 0.5115655555978708
0.2251227281742444 0.5018049224435714
0.49117799390678063 0.3037189818250997
0.5134620512626257 0.8706098808629966
0.5032235353012154 0.4120302584726231
0.49943018800663797 0.2725268013830864
0.4535040063628645 0.9135823387349352
0.03304877353846403 0.480249758937212
0.5383279025509599 0.0183410012111479
0.5128088041888813 0.2705729994809337
0.4794117955849374 0.68893591289507
0.4940492269902128 0.9215889200445758
0.25065697483711114 0.5331752230331777
0.47318877995999353 0.9390433780887952
0.5361394007328693 0.20461793516308757
0.5015549984593661 0.175667734116842
0.7103332637952626 0.5177912867865417
0.22875367253323453 0.5499209215834733
0.19657617838167218 0.536056798780915
0.7304372403655857 0.4865989276210311
0.11794944659269857 0.5317203693388275
0.4035390306180502 0.5164455437356901
0.5126718707091362 0.7684913507824658
0.010929371703671475 0.5478208746804495
0.5388335869750266 0.6045063140842778
0.46439096352042863 0.05195929536736543
0.18192379046780227 0.5468599212570003
0.12740271704976258 0.49788624185438346
0.4707376990258063 0.522886607900038
0.551551576799564 0.5429827976242584
0.08883980453882945 0.5021817190563235
0.28725428279420706 0.5240552675066195
0.512850197677147 0.7417784998676009
0.4574351375944259 0.5547360660007342
0.4853930418329575 0.1653825837876972
0.46908064869501875 0.146071943488009
0.9782362863307417 0.5125810851788596
0.5228150409305623 0.22169488736923204
0.28543263532345087 0.5372777274951634
0.5639269273692996 0.5385978107587345
0.7685657234282054 0.4889044186099172
0.4887249219393913 0.3804107352772248
0.3092125282216359 0.4827439247007427
0.15321990552379983 0.4849640571116207
0.45665497875492944 0.24895722594758463
0.46524555853363825 0.007930523138661272
0.2696084922025642 0.478533515586667
0.4901727040882745 0.11789695061536831
0.6648720678363476 0.5055108694241425
0.5390023735873806 0.20652354930083128
0.7326426422877981 0.45085136285861915
0.48535355923315016 0.5212791790594565
0.5170667058589306 0.18476492545435508
0.9968320848419373 0.49458972405660306
0.5453484043066468 0.04401875029395119
0.015142670430808636 0.5186294271251727
0.7576688112231706 0.5485927522828806
0.536474367994297 0.34516459554147094
0.09057428192983541 0.5413099233970945
0.5385822492798136 0.1301566767206609
0.40078659495729074 0.46638933807161354
0.6432242169131785 0.4937657354121566
0.3047771698411279 0.451639697585951
0.460280358949151 0.3565570901460581
0.5363900669340166 0.5675245852444948
0.26277793391297233 0.4818669937728679
0.36362475677913364 0.4602220669277868
0.4821175399182963 0.6447820483187736
0.5277070154365529 0.4080426245780747
0.4966919769484548 0.213790087056835
0.8330109309990462 0.4958839960035103
0.44908946596199417 0.532973247853938
0.5596560571345964 0.4623008731409979
0.47227075385598427 0.6092063670034596
0.5039089147336844 0.755535560972008
0.5200475069072198 0.031536639144643774
0.2760528438324952 0.5412644081555906
0.7706334828204359 0.46991676345572453
0.5088052493986395 0.1686557508152723
0.4774839436955618 0.32101974275247613
0.521618062732837 0.39101377664556136
0.5149575425300991 0.07138586519480439
0.4915736774624303 0.8872196606146718
0.4782065706919595 0.08932254875418821
0.4583457381729049 0.7183166364823945
0.5461761559950302 0.44678048973778495
0.37016047633020555 0.5400435978249298
0.8795817518734588 0.4705344149374272
0.0783494004745221 0.4575742192177562
0.9503793447028448 0.4797872127615418
0.05700613270202304 0.48041421363115755
0.5091148559600364 0.050821626736739844
0.5015612348409099 0.31924908421958986
0.8271278342101138 0.49946170287971337
0.47740223407917126 0.2716823199331525
0.5181022896871837 0.38111517320606647
0.4562531337809308 0.65979068269881
0.4626298731318016 0.7320003021028562
0.6433617407328079 0.5297100032422748
0.5964655749499851 0.5386324167320629
0.6863221857780445 0.5398277958812788
0.6908317560582447 0.5466722731998124
0.500116418588019 0.08349022312296517
0.2481208559047181 0.4569138976125807
0.26103400107420804 0.4735587780431899
0.8636557381493837 0.5391149992107558
0.4331522170159501 0.46401105267660125
0.5495987088722109 0.34521812791732476
0.7446603953384698 0.4805453886337039
0.7830534887938304 0.5255607183416033
0.4782132755137345 0.5502359535697694
0.46775467502686696 0.3486100087899333
0.6382412064200059 0.45082891472373077
0.4818970618249975 0.6273844424329108
0.5017745658820021 0.5722573557531746
0.009969756350191039 0.45211886716385263
0.5600038376949258 0.4664265867838707
0.45815654520903504 0.32985372719578376
0.9359413244055922 0.4586894714476253
0.4740442834737558 0.4154723730722937
0.4866176067024198 0.6655552347747672
0.9899319201613622 0.45180722746246005
0.04242490373885932 0.48302492694715715
0.6813479253286812 0.5333232614722658
0.837107762357765 0.4940993436913974
0.5299503623976973 0.278189898316358
0.5132316574816329 0.8513222456404858
0.5250955658277687 0.26128825573391345
0.1596577457028172 0.48892572673296286
0.5042099426043158 0.4705682810625872
0.22021609241254536 0.5251977795144548
0.7193118598583211 0.5423380132759806
0.4139176939561815 0.5157173516619539
0.7066773028208622 0.46339169674401737
0.23062622098826135 0.5233697426314995
0.9335477637761351 0.5291044465878346
0.546084255030895 0.8426870655535749
0.5794751858269039 0.4929469476620586
0.11988211199641763 0.5069239697575186
0.03711688847949113 0.4898446486016562
0.5448364653338227 0.19882422234913089
0.16207116126381105 0.4855922898288896
0.9902126882791734 0.5113224527346835
0.4260223428445845 0.5486897691335316
0.13225708501472777 0.5079185494979893
0.5314506527009222 0.4569211497002078
0.29109546657029794 0.45606809323857744
0.5466294885920698 0.6318543054767516
0.5390470190830211 0.9790823982981227
0.5235470741151815 0.7921150783647476
0.44028501684212107 0.49445179487468804
0.23530561927259175 0.5086821437766789
0.1543964705073113 0.495721279047065
0.09026294570828208 0.49303605891819247
0.3039714530148121 0.5273456351909256
0.05212732095013217 0.49362308646725284
0.49148089627894265 0.8824517106039835
0.7719383964254494 0.5236115363901896
0.4556186767863024 0.907212819037357
0.49589630763470016 0.9969759976279376
0.49398117743049297 0.774855346978819
0.6780478175872504 0.508949264957774
0.4500977014618758 0.40532572049452154
0.5006538801459022 0.7460886283846911
0.570270200792343 0.4986458468665428
0.08801530410314329 0.5441753708463223
0.5201744099787374 0.9675680963281846
0.8500522701555995 0.5417606409586709
0.5053417707323138 0.9608569687157501
0.8224704264970343 0.4787499108564932
0.9290135655008915 0.4625023076050587
0.5058327728645999 0.14745335946143123
0.33842877299978147 0.4568276695429909
0.4757193662960688 0.1895850763200405
0.2668930827481928 0.4505721722471222
0.5496006609727137 0.05405577653566551
0.8677558221494514 0.4526103069615075
0.358818523598615 0.4854709315734682
0.24146735261575658 0.5276124966783086
0.5371386277768163 0.2342555179124769
0.9278280740968703 0.46542966845604083
0.4829952140100515 0.6102929189244569
0.5031921494110396 0.42112580326139004
0.5441501389117388 0.5790746750460153
0.4609880776322174 0.450864976658901
0.4909176665993693 0.7992537923557254
0.7927604107611675 0.45425888410595894
0.49984479002238547 0.29044877649948353
0.3285118596924619 0.4880697180984359
0.5365569315196086 0.07192683667474575
0.2546259790370795 0.5210993956408895
0.7628101747801908 0.48207777576853683
0.5159114469622058 0.9395309205781148
0.8362487729438156 0.4685824841142604
0.515853371543941 0.5712889893234867
0.7634034488258734 0.4771659768315848
0.9386458105925937 0.5115803761565151
