2 1000
0.4978528866327012 0.18265723525821664
0.21176820087374648 0.6430592773966407
0.7772389014759371 0.36261437539524155
0.6437696736916033 0.5746060133501392
0.3451838394932826 0.9000324767531778
0.7120202266657047 0.589380600971383
0.376709455290012 0.3881396318480592
0.3830078837741002 0.5108171367332569
0.6527816919370043 0.6902880079865404
0.4961627316312478 0.23525646814784285
0.5123554508543732 0.377335636442522
0.6383639926267543 0.4168673628824918
0.19421305750706186 0.5122269768587119
0.36309018458572473 0.3226182612706928
0.4738129457659723 0.8816659219082043
0.5980582058366745 0.561617733891596
0.6582987034333003 0.9786402022088788
0.6262194769754517 0.7956830518365775
0.4741372241983738 0.5576163185022627
0.4273520360962968 0.010563603343060946
0.5374931803559074 0.14358788423176305
0.5564816926129166 0.3152689386029296
0.7159376573594596 0.4907849993025458
0.7028518825724975 0.3869165998720252
0.37523746919379586 0.13328054713668558
0.41299173383924104 0.6672360019069529
0.3287862786957011 0.5916699134626915
0.6333003061696012 0.8710898463070395
0.34863026779365835 0.38642473174735725
0.7968104455587169 0.42836949629316134
0.5411018519512062 0.5925998673400005
0.34534932670915064 0.20939892504563762
0.5554892051666314 0.3572042774204982
0.2800904748165828 0.4792241378692619
0.6072782505886851 0.9532491879320669
0.5611813917509321 0.2723463942018691
0.24338311802407797 0.4053735786196837
0.43824743512826847 0.745832648924645
0.5153305133846732 0.9703844091715629
0.9193219495863958 0.5830486653540061
0.4285697643764137 0.8044564781086859
0.8027579054858804 0.41276207521071906
0.31415104964351004 0.3845631963895303
0.41869006163177414 0.5201140601702899
0.5532010457926037 0.9280761352531771
0.3487282431795323 0.4544928271406157
0.45559219227612935 0.00900164595810482
0.5035434362427837 0.922748434677571
0.29362247972729216 0.6396316686830115
0.5710945911734976 0.9884221956347564
0.04798774366063374 0.45547428620571984
0.42808323414604277 0.6658586963290799
0.3604497308437751 0.5337032756105049
0.4742279017804141 0.4317785857920172
0.5205461000282946 0.15294164537442645
0.602404804014746 0.3278145871138878
0.5528463867068191 0.3768843506176338
0.6079624436443656 0.7067531801812098
0.9781820792821516 0.6117330850591253
0.6743673789346659 0.48065276720951766
0.5207807220753312 0.7964281978447223
0.486865551650697 0.8838140510389749
0.6201600878592888 0.4180656905348472
0.45634717304916117 0.23937396038817937
0.10791320771599078 0.5912196470364218
0.5111943153318532 0.3514262297534865
0.512386801478282 0.06774926406195259
0.6094931434235749 0.3275663232305439
0.5929411427989462 0.06302026438746433
0.5123380461715087 0.8977275240316398
0.4303296726785627 0.9485552220845974
0.6148023946361464 0.8850431399870768
0.41912273912143116 0.19050790302415954
0.46205528937613394 0.0064303464184249925
0.528460655275096 0.30619380231309845
0.5164639039801485 0.7835683086677108
0.43719796155869994 0.9595125639300505
0.45491869620396796 0.3824509742527964
0.7733397376477764 0.5856590085488749
0.18885084210641379 0.5913010862210364
0.6942350374649278 0.6300788225608578
0.8816099098743017 0.6490407150307075
0.8234068443263284 0.5038164377107971
0.3672457058451163 0.3816953419821669
0.5315607495254082 0.7101283902798425
0.04231927127415569 0.5074308706788276
0.8326517332266944 0.6419867639566429
0.5648888414256827 0.03380275512268438
0.5307998559321859 0.7430815144077092
0.26312415071546846 0.35953372656875726
0.7303191557828419 0.501274006120543
0.5304164464298838 0.6425449927933837
0.6172944589470049 0.14969617115860567
0.7641597840265545 0.5965344118695618
0.8538594915868396 0.3566498151620925
0.7994543437222407 0.40376137710588167
0.3788928693018191 0.12590745241197665
0.3454269312245918 0.678817289313771
0.7199548197951482 0.5390725958373659
0.3430484347273751 0.5980937204984773
0.2232179842021289 0.5694773372155877
0.11385182320459075 0.6611419253616555
0.24655093412821827 0.40855912081968426
0.545154678164797 0.5401929872398903
0.5052779533894858 0.3510092936237662
0.20308753961750126 0.4856184515987736
0.25656864843424143 0.3605775641313774
0.6605416162705114 0.7872835036289321
0.6072350508486117 0.3052851754970526
0.48864960498719534 0.49149561944292564
0.12592278575997773 0.5161649898878835
0.3869720271149386 0.9391119927126372
0.017604363028558834 0.6329943587921414
0.35419551188330356 0.30187698914143857
0.4906195496955069 0.8727436636766285
0.5307909052939634 0.8809482747819093
0.4872850324701501 0.15994975401548595
0.47444151018548597 0.7512194609620273
0.11655098918818763 0.4079354497740405
0.39220313227321113 0.2060217785983357
0.829294700531174 0.3483831936573678
0.5730710396492118 0.718466648871329
0.5231774447822616 0.31954214369649503
0.6191472514961364 0.8702901933770866
0.34443694431046645 0.05579410816212316
0.5598326985972307 0.8905871313085225
0.3566814452233241 0.7268619222382208
0.6648085666768011 0.8914719627129358
0.24528939557204021 0.6596515135292635
0.342891952761629 0.6591866733085316
0.4970375624410108 0.9923933146152771
0.6144636212412434 0.7919599178523409
0.19037263013442185 0.5608525098419529
0.2877126095052708 0.5400198740819121
0.784199635374716 0.529702279033312
0.6111615614424454 0.5380194065488635
0.21076765492085459 0.47206689815495717
0.6174594912030823 0.057795445340388274
0.3511053380446447 0.9991521753727225
0.5042408323769815 0.4354680397933258
0.6362251129608548 0.8114272998285371
0.31070665123880203 0.6382409652100283
0.4293709176866102 0.7909780506005455
0.3463424229923957 0.17498319786993444
0.3577339750296684 0.44236931320830486
0.718492843074995 0.6353497626623981
0.8189422368375577 0.4941170431040609
0.5504719737634063 0.8665185276264951
0.5428122764918395 0.8396568507894461
0.8534646960392818 0.5510083079810936
0.5274256264771371 0.6157248488940281
0.8646515820518978 0.47072136218800453
0.049540085214408 0.6022273224219803
0.37384461764882015 0.6418084302142637
0.4042605820284616 0.3908552284786143
0.8433305143002066 0.6492264124300883
0.3141075966043758 0.3574562461682218
0.06026338301197243 0.6245171961527974
0.6735111562048084 0.4551913524915667
0.15429282678598488 0.4740426482221125
0.6094905691572539 0.0645709246731464
0.23953104765106037 0.609511681619811
0.1006917532449908 0.4655501459794795
0.5178039206893158 0.8927501519119162
0.35913388322662676 0.8502028268870163
0.5955547341425824 0.5086029630085658
0.5514740496853162 0.14805233996039735
0.5521940356312086 0.52071626541516
0.9174491726952947 0.3531153537788527
0.591563998026392 0.12557566305393442
0.5160166662612747 0.7567481126867273
0.3459557845075111 0.0032577462938890855
0.5442262117265597 0.26790857980332794
0.8170127666853163 0.36187066831632475
0.3742665784653628 0.5327071193799251
0.995763130129521 0.4992460520037165
0.8089355729332179 0.5907738446769306
0.759714206932168 0.40640493822131507
0.882535476272916 0.5717458720032768
0.5237647447575418 0.5844742876737282
0.03401795333769697 0.5936215669117598
0.3342104061773229 0.37287150131357427
0.0774033323710479 0.661496455754772
0.6023654677886918 0.08651264370926992
0.3221920249382618 0.4806113121621505
0.6622651793454127 0.9760936006468188
0.9617603630590089 0.3742806389832083
0.41893573840351916 0.6033579529309698
0.5736146532703048 0.6166847176858093
0.5434695853056338 0.5656349794912175
0.4593414143637681 0.07182429278130908
0.8931986688899031 0.5908542068208018
0.7225931546402955 0.40730700186742264
0.8890627490213107 0.6512233072762911
0.5092939259695907 0.6696941621907534
0.4936143586255638 0.7293079657742139
0.8320099120789446 0.3832359409551346
0.8395202779887556 0.4833549914402726
0.6153550353149879 0.5813500741555845
0.7417315910749007 0.47044108360656023
0.45624835830441013 0.6075639454727755
0.3409496540912279 0.5452021957168848
0.03982290546136735 0.4691779687119503
0.6297554560276134 0.8997382789986828
0.507152646477374 0.12594865657906784
0.8995955480720605 0.46418121471853013
0.967359087977774 0.3935423079765523
0.6544960702489818 0.3962167573899492
0.3125549191503174 0.43909892053746946
0.5594374278989699 0.14815089703261497
0.567392951341624 0.6317290051237435
0.9309247962791991 0.35430147383044985
0.33743840694439386 0.12684664262878698
0.49260363215944525 0.750047229483195
0.5377706507566404 0.835191497985874
0.8504276750823522 0.4456569619968004
0.4574462127550579 0.7414985245870156
0.5856615781717651 0.7053894364152665
0.1788559341595264 0.44374453202600805
0.2639543431564344 0.6122334447093964
0.9925051678485265 0.5315810460841122
0.8231520350318288 0.4439456477571022
0.4461637497190535 0.31520437100495213
0.950988723210306 0.6478020054375441
0.5040028632950626 0.6285317339721926
0.6693227211456289 0.639404515759103
0.4609406997791239 0.7244347402789802
0.21440121007139712 0.5115510951491649
0.40721863192554053 0.06789470101569306
0.6580361539051505 0.5176786928469114
0.4471072139786446 0.6970628544223489
0.5437907252493493 0.026251865309787736
0.9394946521020396 0.4720339730653915
0.36536717622523907 0.147042556138808
0.8514777520163423 0.47609466726036354
0.9805282195393046 0.6271758209355655
0.49676083011641814 0.8496308495237622
0.4876696556990807 0.6431684845291652
0.341430720032183 0.46224782492861294
0.8783654993844611 0.47007202375948054
0.03282982787790922 0.3530406248070279
0.6264505894881242 0.021098206402327957
0.6227208708387212 0.7105272224267795
0.48149424025120413 0.23633105021144696
0.6546922075422899 0.048472599151219486
0.5282309866448966 0.49464350226404585
0.8241657231755014 0.47541652244708266
0.06175316480180615 0.4709471345339673
0.33773242256324454 0.0356379094045709
0.5570918497138325 0.16190260954854463
0.9306657420703351 0.3938134775803839
0.9404099093010764 0.40585555926032946
0.6119816030220944 0.15920394174839336
0.6500363631274111 0.7954815489081271
0.39582531762536743 0.417757334905805
0.08057174822716084 0.36467584534562925
0.8806940713291983 0.6352462414861885
0.9958744764032572 0.6039365204882285
0.24912476654351534 0.4160114373280671
0.2171653775880733 0.431650928587783
0.4727579275174246 0.6723841892209353
0.00878428200385728 0.35570891644673064
0.47265184389773307 0.2136115391500294
0.025305423608599775 0.37058559329829655
0.38759212894932116 0.7647558151558878
0.4997961609574547 0.5024478155879368
0.45975272103746956 0.10072211746742576
0.5920652521463453 0.9776480389972853
0.3511867829561244 0.2578813641649127
0.4483032961250749 0.31221728343557875
0.652134463993962 0.2164134027158392
0.25047976770952607 0.49307358790821176
0.6177859923416996 0.23906716874719214
0.4234632078273507 0.7932570509949851
0.6045438352636169 0.592768403256284
0.33143351428053003 0.65430672815795
0.20504290042282103 0.6249965034888479
0.49567517678821504 0.3720519604165723
0.5631227990386417 0.14640435345697833
0.661371642217843 0.5707321048139755
0.6784313646446102 0.4146767397874719
0.3880745448195184 0.05105326562526591
0.48913635965556346 0.5829900995504702
0.44933610941903857 0.7307666785686523
0.8861571663368271 0.3634826274067182
0.7075400330741464 0.48834962573457896
0.029825278548910816 0.43955741122044845
0.15281859829884337 0.5077639343029235
0.8266475521947079 0.5450342819495446
0.25681734357573827 0.43744218381604216
0.8646289655367216 0.5302738110963703
0.5674683691810564 0.838773471329435
0.6208563244172263 0.8300940050639268
0.7321710717222011 0.5254538317756533
0.36065736887518374 0.7271413070857206
0.692814262374749 0.485644415482839
0.8262920312257791 0.35212252218116946
0.43638269727204704 0.2707609662431225
0.6008081875917551 0.6740677736580756
0.4516117368519227 0.615938815615928
0.2357611369713244 0.33808595154720433
0.5723519822720392 0.9741778709800184
0.5048113813487658 0.1704251172196034
0.643257725160338 0.4585230215489424
0.1297237566085483 0.4741762404474099
0.026013113144460975 0.6287846787413207
0.4897908136923965 0.831198464176969
0.22822111642105158 0.6436349057948192
0.664373803796982 0.46431784770965756
0.3784362184287591 0.8732590533929842
0.48722303636092057 0.4122127198631337
0.4187565276098649 0.8452724870214279
0.4053149390168841 0.27782285216846725
0.6750852779632354 0.5263080103190307
0.45109107332983434 0.7164901830908423
0.3719692757598183 0.047810332090946206
0.5944829718592624 0.3737188720964185
0.3753857146307117 0.5077585356857661
0.5225069469913028 0.2243455434610413
0.745635995399382 0.5123662077836973
0.4791848535868922 0.9389392778448424
0.48486117230569503 0.2893210239454781
0.6576057884974209 0.8024412282061852
0.5704368728983482 0.24097850681661181
0.5116570805953817 0.8969314501346237
0.4432381853255217 0.4421623540199171
0.6369578895468372 0.3048774333526927
0.8154631770982188 0.4815909381475548
0.11543866112710865 0.5711423712579441
0.4365939579661201 0.7972052962451823
0.6810342859621582 0.5024094977601531
0.31634457948950556 0.5515601196705169
0.257971916948615 0.6005553972793559
0.6641605269209033 0.7029225663222962
0.9723044594350108 0.640329364378961
0.327830976540629 0.38951239036625074
0.7722462842047325 0.6065027409177443
0.45815512619692156 0.06767575148942906
0.6457903883277035 0.5970581720633944
0.010692282422435584 0.4774762673233949
0.20628582753494484 0.4337334464276924
0.653719438178142 0.48664408268452397
0.5705749628278429 0.8177052876555071
0.4178051351905341 0.10648032562492937
0.7081608315972695 0.5537519235710391
0.5677675002072378 0.8187018695668756
0.6381966416722291 0.22786392717922943
0.6754262468121817 0.5260102236318972
0.5033734719966012 0.36519886237953636
0.39843912631161305 0.2601498583608942
0.7807480276367025 0.3948256481153307
0.5958929743671926 0.8291471663503108
0.531903537336818 0.3752103819311239
0.35548980684475173 0.5565376650517871
0.3786741399748953 0.3442734936226014
0.5909276651303367 0.7354600522022358
0.5442741195111092 0.08456625171256127
0.4018384699806019 0.19702832277160387
0.11842325951061028 0.6229211774200968
0.664842214877056 0.9457874388310857
0.4496971758178684 0.3489946448729998
0.1844394402316628 0.5416659755086869
0.6612946143848402 0.7628273033199499
0.9856329176167574 0.5421195086667244
0.8128492513627804 0.4118701589091416
0.13960123802480617 0.39250675458783524
0.20972595591508247 0.6486050846309034
0.32399416180582385 0.6517482776919559
0.528471276146416 0.7299401887655326
0.5381768034310804 0.40278887787720596
0.36648275798579766 0.5912212509557943
0.4868356794882506 0.700815259827561
0.00930500979440907 0.6327490175687069
0.282447701963626 0.506639007868661
0.05635524286676785 0.5973578988098717
0.36870014249157435 0.599487654827549
0.6487375688977168 0.8295668636186362
0.4151093987778015 0.6019062080734394
0.9328722522721516 0.5377735176910476
0.06950932749265726 0.5722413182072784
0.08050526304138605 0.6487183005635085
0.5961785631284254 0.3701130227231336
0.23012903047824684 0.5376896242857602
0.8832504377293463 0.4130292238024237
0.5972672347020419 0.5333079978460848
0.6874263931041041 0.39729758651047176
0.42089940381187363 0.5049278085963115
0.8420436920644694 0.5398662248901239
0.635627607848048 0.5552872385620158
0.3521409701495236 0.5307330402883242
0.3472795880823951 0.24770063575691958
0.45191831273262373 0.16726136089512278
0.33819215981144346 0.6761580510026842
0.40694283494400596 0.9976997457293175
0.6358345586165364 0.3650106641876344
0.9874208715423668 0.3492149964954818
0.43037246832682163 0.031372730279230154
0.3703988526258635 0.5221062963552007
0.49123028952217496 0.16446632767361258
0.2758588371643095 0.5368306216355369
0.2794449423561205 0.4499605246994327
0.9662652261250766 0.5229346688030725
0.04621565553996809 0.65466942513426
0.643450451100065 0.5864858164196323
0.014457334440456937 0.6374709987643674
0.8808603487386844 0.3666991418803941
0.9174015428990225 0.6075103739718825
0.7028305277797426 0.5351774107446876
0.6549882071398664 0.519295575884879
0.9732590612686195 0.43648619627897456
0.13614515597598353 0.5670401137849901
0.6230426339361164 0.5359159070352735
0.7978763161404127 0.5997120990146277
0.39989469700831926 0.7547119721075369
0.7697550093670783 0.5647814732901305
0.6793334215011908 0.5497888974754591
0.9232993680677335 0.5584897055005548
0.5565315387222248 0.27741297930514386
0.05471628446782195 0.49434591467612965
0.46272342777193876 5.108298415759105E-4
0.7010568072640921 0.43143319350372267
0.33898266162177604 0.4683454627972381
0.5989080165322198 0.14207585253320454
0.629536430961616 0.09909681857818409
0.36216384579605254 0.6490602236630223
0.3570234151942221 0.15251828739839668
0.36229438153449656 0.14583794651133142
0.4208206990233905 0.9086282369654499
0.5477810466527651 0.11201489258170227
0.7564516291455436 0.43620583699584936
0.49643092116524334 0.7091685921673885
0.4281565031228395 0.2809141015994183
0.9185321962024161 0.40248674418300234
0.34870573350076506 0.9508595048887001
0.6483619953393871 0.6949583702771482
0.7830585384354147 0.6601338461354168
0.9182376705569558 0.6032236110514918
0.6553833605658067 0.824016229345577
0.5165147887173428 0.6311593350243218
0.09906772445036016 0.6188987683988967
0.5313901445760523 0.4286771437484609
0.751153117674301 0.5373431896994085
0.3513602843068663 0.607258374101048
0.42448482857449554 0.061327599005645106
0.5531241583923878 0.04506628482580788
0.9902765972894803 0.3877159718366251
0.165900108358767 0.40734583314330897
0.3717244100197379 0.2055945140145219
0.42021111413058665 0.5678284718178559
0.41827059862388094 0.017774871132599124
0.5691130262962527 0.46023213113494055
0.9171129230771699 0.658809590421948
0.8242532599703001 0.5615959534025636
0.9998169274487729 0.580888122684212
0.00571479596841451 0.6420010562100585
0.4728152206788614 0.46719432599721655
0.2899142956851847 0.45942494738293493
0.11353340143553925 0.3645978073724573
0.8973231504428987 0.45035585435052183
0.3114192259923768 0.39141692712549403
0.9557635372772435 0.4026894553478667
0.027513110583057054 0.4219449084764174
0.5643644919455586 0.5249255228036048
0.9219740506573646 0.49835006439144414
0.44394328090862667 0.43225463136988296
0.0648699704111998 0.3566177147007238
0.013382164762842375 0.3718418741743037
0.8740982836858019 0.40645345780624187
0.43243178823249395 0.037612862337819575
0.3465386660953521 0.811168608455757
0.4155948189222254 0.2822515288199742
0.42040140782846225 0.9269661204894637
0.8095411768417802 0.4046798684494727
0.7353129778690796 0.5559392111856697
0.9033743481281975 0.542244215959606
0.3697884169057457 0.5867511847383002
0.6532892659194678 0.4414665169759805
0.7560175327157078 0.48566916998348364
0.6001429194982453 0.12755457462197528
0.33923359900813543 0.17549753070849883
0.37496426898448976 0.2211440959052544
0.3359929997704051 0.7481878882511211
0.46355240090862926 0.30185383866240045
0.5219488246965068 0.2851455279538718
0.15074627378345762 0.6251253802161464
0.44892399410699024 0.6795378747610931
0.06585507337374785 0.44069028419013334
0.053103769217222596 0.376486705029369
0.3499595524644935 0.07616773289276513
0.9717349844920015 0.3451427147291729
0.8749342329354257 0.5678612069768495
0.505034588595336 0.38085657481469326
0.6274344504413113 0.6167659240074898
0.5611097107486316 0.779341769376994
0.5594981756804017 0.2421298604673513
0.9394750326313993 0.3555820257098714
0.43745593414854367 0.7464619990645536
0.9202653635587228 0.4226204135536882
0.5660200767909616 0.07705914309325834
0.5001551688091688 0.7932374282422853
0.6064669468896801 0.7086818837611076
0.576572264604427 0.6804868507442546
0.6483272281414743 0.8742059440209841
0.7519599958918352 0.6362308673944141
0.6352159617726446 0.08993871363148809
0.6455687991287986 0.09947497660743809
0.3801792879645719 0.6756216647457699
0.5922444693630552 0.9128353763941951
0.2893611566139992 0.3346816129675726
0.9946580566819373 0.4209526687289388
0.5526914759931112 0.5697313729126103
0.46942927717196314 0.5486082662006772
0.7890930804059412 0.5844686161008157
0.40146052198753723 0.5803061421054452
0.646827302998238 0.028037030389658435
0.8328199622879121 0.4506319424120683
0.4548805290274305 0.9464943861455501
0.5138167760786166 0.741453469711143
0.47738306389440466 0.7382090509379561
0.6284020283262314 0.3597542879292921
0.4244825300539514 0.1866157102175181
0.4690118943432253 0.5339071700843548
0.5559549695189638 0.3573824653448918
0.6485597206635688 0.8449248366982726
0.3840703618730569 0.5484152550255299
0.0031623481512161877 0.6502454906180963
0.8598135731344176 0.4809130062692967
0.6638044842881823 0.4798641904668094
0.5770870435532591 0.9866591658463251
0.7474054751633098 0.6205425504603111
0.6264041739865254 0.32195829260370146
0.08073651694046013 0.6467619742999522
0.9904655767709282 0.44143397066285983
0.6537806686984312 0.30150054848426777
0.6166812717342871 0.015343911047375314
0.6262120647637318 0.5727033636097055
0.7858116064212946 0.41636598561158644
0.21738519662689348 0.5980843624633979
0.3628514454098869 0.5755947750614866
0.43534100257612196 0.08236009882248696
0.23422333246490645 0.6570281000311807
0.13350861276308423 0.5841800371862556
0.6515539052435207 0.6904077037031244
0.6524718523903501 0.36741483013338794
0.2667483762496705 0.6195777467841429
0.8439169609751619 0.3906659605579712
0.956385157063469 0.34405730173555626
0.32198085852133596 0.6315963013433313
0.534252720101089 0.30252504814685677
0.48490392346522015 0.8001344025663719
0.5990751467298676 0.3585492342407929
0.35370092916994367 0.08905891994206894
0.5024771720084095 0.9749586643825592
0.3362065035672194 0.08441191514229274
0.5645369493962487 0.9919772934701381
0.4694399853251562 0.18529547109524647
0.5458669164859375 0.030857565573415124
0.6429210045910231 0.030424888738305733
0.6538483175393075 0.14866415375926356
0.3782996630355784 0.5585077433642777
0.9684424537819747 0.5551290767800006
0.3966318126494478 0.7567377482555537
0.9358541468980062 0.48466609671295
0.4664331766021701 0.5350616678136026
0.4631333152977368 0.09017443233404021
0.25303803818875925 0.5979699827928004
0.45935935053766974 0.33135534445975623
0.5126910843891416 0.4779750989458942
0.9355363663449728 0.6301225337668889
0.4399067879163078 0.06555451573023952
0.5602807061562948 0.8792685023957407
0.27799489668517774 0.5193345994719559
0.018743978309764042 0.4548790325725661
0.6270389069926257 0.3779654212626974
0.9748655513510757 0.5618949839825121
0.46982471398545333 0.22069317353442475
0.9818082981406353 0.5591873776227227
0.5668238118213322 0.41563525471556495
0.5932133997849152 0.7401839939589767
0.16120295481863756 0.5049717832564766
0.523066806111637 0.7272571004286581
0.7626275291427203 0.5149350639351998
0.7480240475229278 0.42271724342736194
0.6957480661971842 0.47816257828503705
0.9097692263960787 0.45600902147517586
0.6600991253909534 0.23718994667922222
0.5785477222019354 0.05571860845653598
0.9479387242114915 0.43001576925151597
0.5537110600977222 0.30913183593472504
0.6972728180148989 0.4008992566200117
0.9878645299494498 0.50461999818309
0.5332408171377163 0.3159382702193385
0.5717378528330647 0.3014333479409881
0.13262852665316893 0.5026802284971759
0.4084550021299468 0.7556638030258516
0.7942814641047811 0.5778937124885866
0.1821729096390028 0.41620170685313906
0.522732146734861 0.7999128870008904
0.3760901736125173 0.6072442419155623
0.4253058974577498 0.6708993996971072
0.2229227301818988 0.43129279698449696
0.6223378266076778 0.1537380835039308
0.42463480198041437 0.4506288095218556
0.460774155791707 0.8347489096478983
0.5570119823262576 0.4255752310508427
0.2124229736864176 0.6422135799073655
0.30024717832234116 0.3461237043673254
0.5244200048030132 0.5890651732597602
0.7244763692773214 0.3561138212252182
0.4151201431707089 0.5881878744600874
0.4396622647110441 0.43946719052008665
0.8642717422868377 0.4803718816148763
0.5749067205116687 0.8728898711650311
0.6349445207343534 0.7047393279702645
0.7385329580365153 0.43209362261964235
0.24571212572092038 0.6540450866672454
0.680176585332397 0.42268207871082397
0.4539304884378018 0.5299872105888837
0.5975177333208173 0.40216495662847684
0.48268157042335647 0.05508184353251078
0.7819733396984523 0.4829497891311182
0.4972526282353841 0.8320190786142877
0.48222858817383196 0.8424902164712346
0.34975586899446276 0.8128047552322534
0.6209433326883987 0.5196288630695359
0.5770983397478301 0.3493062254766257
0.2687383364343603 0.35681035220434076
0.6007778592445971 0.6089889019842449
0.888734997010966 0.39632163339925996
0.6059054926157761 0.9501831959626343
0.35906643543286565 0.5061690658571495
0.3416606192753343 0.4460960830126546
0.740664627156772 0.6443453496221639
0.5574041992156928 0.11957826167561636
0.43568271184987395 0.7600110208520038
0.10519914261743202 0.5793026379716341
0.9798182137436933 0.5948200082704391
0.6464549440176223 0.5257158017896129
0.0447481727922332 0.6440457041912517
0.6248042808218273 0.2971644450484612
0.3303571125092538 0.5229155105562622
0.35785248768628486 0.634649349765221
0.5500625625458924 0.047289506188080255
0.7200227093820252 0.365886534429786
0.17277878525951307 0.3850988223451246
0.7177923988690468 0.33627325979437106
0.374839692536604 0.5985695241630618
0.4407819155073195 0.9755879265515761
0.27969849923390033 0.5035709084083464
0.49196815127928484 0.203792274286695
0.7262451604681893 0.6444027360151986
0.39698689463275527 0.2901927709636217
0.5707200458713265 0.8759854665549832
0.4373686488768853 0.09126666906715208
0.3683396653903228 0.7815563793179268
0.16726497147517172 0.549179656946745
0.5951534610892305 0.21816300820372192
0.5194313486493319 0.2080236770154552
0.8628144965668725 0.6536999522089149
0.36688851902346853 0.7350476976960661
0.7652023122567497 0.5442106647359356
0.35508567488516296 0.3966334079257552
0.7057406192422547 0.3996113967000777
0.912942481834607 0.45766434851323146
0.33601615825892184 0.8067126221972474
0.05390315550617375 0.43458398402535436
0.5019398954626358 0.8317034121263148
0.3487840800522388 0.7722178052158843
0.7235017487524246 0.6346606181174381
0.017320168233058153 0.47116671265180143
0.9818960040111567 0.5296492599526895
0.592326813172288 0.9930528298436818
0.06992211029489515 0.4651723408982549
0.9699732767464895 0.6289436666225986
0.4956702399838143 0.3813958067290232
0.3672608520729259 0.05459705627649558
0.5420091355043909 0.6015112035419877
0.48233388919842957 0.47387194717280345
0.5294005837243305 0.3957145858416723
0.5829310213702371 0.9361221056890136
0.4886143305930044 0.27435968135227884
0.6498410671765072 0.7712202523891121
0.33930695380116593 0.6007609186994367
0.29301620220829416 0.5978404682709504
0.9260915340847226 0.6135845537729582
0.4887219632087675 0.023622143969329934
0.443461221269868 0.843651020224394
0.625082700414664 0.4078735306313166
0.1555605332554434 0.6162543309847508
0.13637079010803277 0.64326108625237
0.6717318938397452 0.5890749832017045
0.38803361022802074 0.5244309728796916
0.44978889062447847 0.4149527554358847
0.3543224858123216 0.5479178841403827
0.9132717418138397 0.6043172605596804
0.031171943133696867 0.5688751148446157
0.4904450845429127 0.6597438151883894
0.38667132993498754 0.03979471445469651
0.19520048929970324 0.3713227366046885
0.49465559944327 0.9699212451749434
0.6483817172507176 0.8024481821928634
0.4741783604654485 0.4048255689403879
0.566690795400606 0.4819848499934771
0.5364351656533739 0.14831182608112237
0.36863589264155605 0.8404947159661343
0.7260952221828283 0.4954238728212659
0.36418756008821596 0.01599409547468822
0.550678074864232 0.42453652143107035
0.7503635017335746 0.36941448601529137
0.42984647468394155 0.03920887729176359
0.5512939707813685 0.9795273067956947
0.41628361046807416 0.5390865697213958
0.8049398967319937 0.4243590078060968
0.10961224887328291 0.5690327496107044
0.026710932888703742 0.4801130954588504
0.5035110337152877 0.6340240072338363
0.13861320184179526 0.5076833240357322
0.5265768730665512 0.7892559833872415
0.7195422101381721 0.521100366447985
0.46593995481719386 0.006928919438657699
0.11517747409568457 0.451202464637412
0.21870607172740497 0.5538755140938366
0.618098535060175 0.33237896827227686
0.8055388952184126 0.4647566488941365
0.3507511752596495 0.010290554639159732
0.41932242291836286 0.29576608580860897
0.919017207154689 0.6150519794786863
0.9721423685720358 0.5516747955758938
0.36573461952155817 0.982634388460777
0.8830583637531932 0.6326479441104915
0.6066866669079305 0.82858075120193
0.9516113880495528 0.47169559132508965
0.8563433659903852 0.4188477163284361
0.883049019493613 0.46854200177346106
0.2900656595569401 0.3462196341476752
0.4661037719615838 0.8542332279329488
0.4390221747459665 0.7295077140744733
0.46436350627838596 0.20165590747971662
0.023586165706708906 0.49470501074443984
0.3425338720394421 0.751778812122316
0.43421450755562985 0.521931423154692
0.36233368251586007 0.1735660158243092
0.9296070685046531 0.5466415225675482
0.4146287764663845 0.3503166484487513
0.2872668094158416 0.38314715240620334
0.5392455052880861 0.31418176716359736
0.464169841597429 0.7860365873271195
0.6033378236389244 0.3733269249369673
0.2522170067637146 0.5026265915888766
0.5212454381899335 0.42978092345001917
0.4577645477585828 0.6899154355679975
0.23476744352448764 0.4850995597476768
0.5920545057774567 0.02472606049713144
0.748498578820143 0.37283676377870223
0.5233319632376544 0.3871409267475654
0.39267348467093677 0.7705977943946068
0.659749551384652 0.9603350712887069
0.9805996299163173 0.4677388416757625
0.6438158435830923 0.3768817291227241
0.698261484483383 0.5054273133656324
0.6333516222114671 0.3978695681277403
0.4609990405982354 0.6935044314214688
0.6103130556872152 0.8991691243093545
0.4249155239904169 0.6212318712556227
0.4399252466393101 0.5254241683851871
0.16368724258212886 0.5426216237322523
0.4108364556258318 0.8941401391029778
0.6507831662003627 0.10372790689332456
0.6550149052193248 0.867679821890652
0.5344639424614953 0.945395583863036
0.3865740040229102 0.47982138061229396
0.5797501741775446 0.4777989535752517
0.1773598939227129 0.3889128267296378
0.5707974061228941 0.14642888221143646
0.6782397476082374 0.6370042469037408
0.6520597554053061 0.5647952266626344
0.6247737985262415 0.954556016410146
0.5870910482667158 0.4817441384096979
0.9337809126201316 0.6464477359692041
0.49207507493156777 0.9780499099549863
0.6823408933100626 0.5518331909553478
0.40775043340278583 0.5235472319254086
0.16748566254396258 0.3734320747725328
0.15472036423889357 0.6038335596462688
0.6344493952788103 0.2903811410353062
0.47959781265555146 0.6792956420260461
0.6348430643412857 0.39241859027563064
0.7401354591156514 0.3528836282240321
0.561515650031424 0.9639159609043287
0.5928427085206145 0.23047479965632722
0.29956467705053025 0.34533145554887934
0.4332234273529385 0.9188049061870148
0.7936938191868523 0.6601617514529101
0.4397458285600423 0.09782869155062057
0.4285697276550101 0.8304641962218456
0.4507726515564403 0.169656453707694
0.5609155907949787 0.47392779584172173
0.963220162131913 0.5606768316628651
0.07240959096785993 0.6188459937914103
0.34906396783308524 0.05756651946423519
0.39412052169450296 0.9840144599194258
0.6528635629729019 0.059045489145288066
0.6640588611346528 0.3292847168276083
0.07430711014924163 0.5995801976519639
0.5040626200823662 0.47712284142737715
0.4556673614717195 0.7947582339454943
0.7371918106990432 0.39218068060241684
0.5477900039248172 0.406599324217889
0.8906056687157939 0.4605634673856347
0.46609067609823773 0.9463395351343485
0.5636731587336572 0.9648473794605773
0.5966551656884762 0.02018832487969391
0.9501752143929918 0.35170240966759114
0.3206309334131351 0.33915428929597813
0.6249913010899367 0.4957816661418851
0.5263230269323497 0.49234357548602803
0.11613143262261327 0.5184866830221841
0.470384540245663 0.7688394395549623
0.9428708130048195 0.4957314627981392
0.45514796859629203 0.4387806086089646
0.6655841676540514 0.17277477530962304
0.7260001896723997 0.346685982848841
0.47624403514237024 0.7837876019921612
0.28246955149840935 0.5900980187516827
0.5808582647520647 0.4931213166197702
0.3385022892028857 0.3660103185839355
0.6220361405608944 0.18892107191229646
0.18155516914997938 0.4424641418624603
0.8854163568372102 0.4938770595443751
0.5946233568852565 0.7916959685042214
0.33743462320982653 0.08431418063570106
0.33528245845616056 0.6189070156822346
0.14122977365411316 0.35333833943354254
0.5139731447300356 0.9821612603924562
0.4345251544780112 0.43344501606065633
0.882941593711453 0.5937251949132021
0.38863396535084016 0.04701883716050903
0.5803246612300608 0.9585871903539621
0.5471368866805737 0.8647443075005411
0.6570077570430549 0.37615979890922924
0.5782896298658432 0.1364944032699189
0.6563819566668886 0.5180657301286796
0.837117000796097 0.6190134803484845
0.023515916061710995 0.44102519143717656
0.34983726935014425 0.3923316602338802
0.08053040229915731 0.5452981689087447
0.6287204245588822 0.40023061974095564
0.6085098646017731 0.39028789989792667
0.49319205138723266 0.5410756841306049
0.6808549410666138 0.35310945245972836
0.6587802467438091 0.1732102322526632
0.722625338469131 0.5085530447625816
0.4376254114035635 0.3050586307651415
0.8248988777171513 0.6133947565111469
0.16352592141538358 0.41408988283405856
0.3372685684068787 0.1585434571412927
0.2889272599407955 0.5339611909960542
0.36866337228115087 0.9293591486775462
0.41290974430278293 0.30857149547654483
0.5033702810789374 0.4202675843833237
0.1346388771644389 0.6268218544455837
0.736495953531439 0.6170773674421633
0.7847979754779115 0.5165797032736262
0.6486604251510573 0.1880080881819085
0.4793554043751118 0.3719310512144771
0.6245089611089245 0.6074179022740371
0.5865642193780962 0.6839801777159824
0.32087027967547166 0.44046325865891556
0.646395610589284 0.5589678227019435
0.659106886438673 0.1435040004670861
0.3874294189677382 0.6287510605740982
0.4035144209431434 0.23738449966160902
0.9496858435618957 0.6592046650070847
0.1730152805701204 0.5308951225557691
0.21631225937206544 0.5831808178523611
0.569410540124146 0.016561229192597615
0.09803141252188086 0.5611837078586994
0.38909226823179044 0.2303611200153438
0.7770893310060516 0.34693822303786026
0.77770133773121 0.543217419142204
0.8585914647521528 0.6318944457115492
0.26325938990848163 0.4780345686730312
0.2911756005466877 0.3371383113116241
0.9107099642285345 0.46138789201147934
0.37885130011131896 0.8414104970817687
0.6405141790802459 0.9273731075741098
0.5370480323746566 0.3806237206591738
0.12757926539018383 0.3798644711002721
0.4924654677171505 0.6906578239661727
0.5186348528182528 0.45889117248433275
0.9109958313544804 0.4522336149640065
0.33862324676450684 0.5078172232279204
0.6193276608204057 0.1302862921166419
0.22954085770909582 0.6264616495949112
0.9461226788391504 0.47077096185447287
0.40010632494766185 0.09576899883010936
0.7802204518532505 0.5005370064599869
0.39764944524538015 0.4658290728229516
0.6207194137280572 0.6144828779890471
0.4258852268806185 0.11209190640944189
0.9185367564287858 0.4369670577085565
0.6143991692715841 0.08972556527587017
0.028179198450585474 0.43440441098406635
0.5246183455163582 0.01605428008408949
0.5269683329031927 0.7265236780909468
0.5759405319410162 0.24751748464754053
0.5040022791708969 0.6307978875586696
0.5837914017591581 0.23379296813732275
0.06632509493156713 0.6070467069449911
0.35954716384267593 0.15417702611028694
0.4329355564104139 0.9801917184909104
0.5724566964888627 0.5420501475377756
0.903426037439509 0.5941189993165893
0.8108306500771089 0.3781227638650073
0.9688319276640589 0.5769060720416763
0.41660691398109295 0.699281323311993
0.4758092111212736 0.7278897723700647
0.5463272830499126 0.1313678303404998
0.13832748407153517 0.4046876982628468
0.01072603652209203 0.6074737343244409
0.5302807009154061 0.4524172534241627
0.39911613966112436 0.8244381847124491
0.4487307747021715 0.9125339104893714
0.4083517485592506 0.053661918882785375
0.12378418800202495 0.34536103942572016
0.5149207824407654 0.9595004768901051
0.36361328243540114 0.8773407388167966
0.1670351833640793 0.34015780830963815
0.20829011585356816 0.3849174673122635
0.4338241952812236 0.13523032364655296
0.6952384865369993 0.6297853576319478
0.19600024559161788 0.5480273852558366
0.4918254153418494 0.5876472707997284
0.6629418576273436 0.11211594996334318
0.4255007584858288 0.7892758050876826
0.9584649533299181 0.6334997568450337
0.6150618424726814 0.48553944091799495
0.44725395379467114 0.004891383600848398
0.37876579843968616 0.026968748523001018
0.4297843566714795 0.33920875295290787
0.4882140111856589 0.3234050450943252
0.32973267588476574 0.5530111765281918
0.3643798517977199 0.6012919125473817
0.23040602409266375 0.6592111873046269
0.1266066586077692 0.6586609191295221
0.6043850695823316 0.6306350829888376
0.5705208480254482 0.007117735436561801
0.3498473771519509 0.3529919004622625
0.5276371519764126 0.0698574988065207
0.3616863097148725 0.8315943277728198
0.615975934585741 0.5391269957654121
0.47941995730938225 0.14663583152573956
0.4148553738672168 0.714689652192722
0.6357813208504787 0.19962726392694297
0.6356283401103366 0.8094511813287103
0.4519785224419227 0.5484259802183014
0.7683243354307131 0.48460452161455747
0.47725096120976307 0.4288785581660389
0.4472884481993772 0.4790012200873939
0.1072051381620146 0.631294491895615
0.4592405273083877 0.3964108317030328
0.3639862902313791 0.5794577130881626
0.4952528609211888 0.02719284421038748
0.5652826399560511 0.10015312910092222
0.3881492703963235 0.36220135385607877
0.39471721915482116 0.8705078123478033
0.3863107805680165 0.07719653992697029
0.6667658155456806 0.33852501149285763
0.5329477415821823 0.05439162879256565
0.15482556947421044 0.6504236793116138
0.372780300577103 0.23853264465082868
0.3590276166414693 0.3031914804326502
0.22763808823300125 0.3403899273060844
0.16883779984044678 0.4974026103290562
0.6270889218048853 0.6621400932898053
0.5484597149858941 0.48624095393211075
0.44354656146783755 0.5123750750113063
0.6952425380866559 0.6503748621415794
0.6559224845415481 0.502644595752715
0.12086089871244943 0.38663568461083964
0.5142272242542931 0.014492805688698596
0.9644668028743955 0.33986416787864404
0.26100057459993564 0.386572911925544
0.5316300063884117 0.5738170493115964
0.47283242972939843 0.26942336481133766
0.8172728524743503 0.5863241305757971
0.596748659507719 0.6638294312974676
0.7194353170970247 0.48926305601138653
0.7590631171922568 0.6033773607458699
0.7777905456272285 0.3623504201103601
0.7873353849410045 0.524547553239895
0.5103202827970929 0.7086198707869998
0.2339603364348909 0.3521889195029103
0.24459859836622977 0.6438362045513057
0.5272718045674855 0.14363144969029273
0.4772138607889068 0.22719005079111054
0.20047292103916747 0.5008572685794489
0.4882004865538806 0.010255063697925948
0.3944911837052856 0.9170368813495626
0.5198787457645956 0.3573471363109839
