2 1000
0.7797678636624772 0.9996316143264815
0.20052148873208087 0.08879103069487193
0.07472854544205376 0.9329128236055104
0.003084241652843045 0.14592561166874074
0.8310356202229761 0.9587767202562849
0.814556984764372 0.13147149897342436
0.15590636170198413 0.8152613921191447
0.7560719748514243 0.9783571631275978
0.001693296912169795 0.10552844042710452
0.15325278877612158 0.0690114890175274
0.8801858567642824 0.09740020716124465
0.09051059510158876 0.8336105118724406
0.770605439963294 0.9130243672466992
0.23313638479586507 0.8476809994285494
0.7854079067739677 0.8532872231190601
0.15920648962518424 0.7592726430359379
0.88278062830991 0.2465029237926104
0.10314635101466829 0.05158955040296809
0.10175728868623912 0.8893631617440874
0.1575838768417347 0.9041449426711314
0.07772754354935596 0.19607667258961814
0.9393950950944294 0.07219587079506906
0.9903282029027906 0.10134010532705351
0.1256210404975605 0.13058710431346843
0.04386645089968655 0.03316585670416339
0.7559135168197274 0.225332222064342
0.2217782185725946 0.09314222256003601
0.9703971682773711 0.2309061737270287
0.9152491824937657 0.9648374944137411
0.8046428326029414 0.7514607361338065
0.8701342393372657 0.7843600531803192
0.16959570091858966 0.03659570190112704
0.16607037411277814 0.9143007282177066
0.24391037203605892 0.051967815652233185
0.9636523546802218 0.048390156974348786
0.8332111499012849 0.20376809988725852
0.14534373504115283 0.13004329461232078
0.07859313713115701 0.18708528153650605
0.7509146739899675 0.9180719773808345
0.00648137369723234 0.043235274156671055
0.8902946633280938 0.13682750713569347
0.1035087328087605 0.9100141836164264
0.16260504244586704 0.009242261033374222
0.8814761822893249 0.9047123001565098
0.03671912608888095 0.1276417883916665
0.19215753240995515 0.892495960788454
0.08010188677382912 0.19997739580161922
0.8653172500296678 0.9233882403630551
0.8767994521107351 0.8346227737254962
0.23819672036336426 0.7538620270121641
0.750626346693739 0.7728137669464903
0.2217912132098192 0.7667319504488805
0.8263584055092683 0.13822312207659126
0.2236184719231311 0.9474815174029503
0.22367453233456036 0.19897414500700417
0.00988247152243149 0.23479012224017337
0.8488566949493961 0.7509811849488148
0.0918202887986812 0.8635156394642305
0.06448994144240472 0.24081934410295736
0.9733629558838499 0.23144074958125682
0.825698718969178 0.7550122162817434
0.8592826307060906 0.8351758058157234
0.08859272585669753 0.049650867441495494
0.22444863921674796 0.8693033669730174
0.004856169679546496 0.9337208919822619
0.22261471039461356 0.15481325127872525
0.1606614862597996 0.24291788606293974
0.14295601328705376 0.9212062311707729
0.9657601310029229 0.10355964701197296
0.06069407359402712 0.2331702409524098
0.21279936087965878 0.7504381367467132
0.0658521304807762 0.9501950206128601
0.8349700788698984 0.8603145857300483
0.9870494970046064 0.037050813734918364
1.1868603563525149E-4 0.16562174373259264
0.8276900722137138 0.21482638255649678
0.9608706078232649 0.9258858434915784
0.18372195263827085 0.14815119107088526
0.1050547775617452 0.9423501111229685
0.07446496738082453 0.24482508209585274
0.06071387165423592 0.06374611049722245
0.8010054891363763 0.8559993146808405
0.18385791048845046 0.8704914113595399
0.9077364102106046 0.9540952232035802
0.8677221825489003 0.16605473780717206
0.03937956131679676 0.8103048379905756
0.023092104228387034 0.8840651814472358
0.8963622119674506 0.957728990938161
0.17062733617854964 0.060019716618024854
0.8882719549536088 0.7734730393805892
0.9369816010909043 0.920800228431533
0.08429832241296475 0.24548904730640242
0.018475131148861457 0.18327313941015055
0.9132676195805606 0.044726761457450026
0.19229392295394054 0.0662482831483513
0.8130483733584122 0.08708356159302788
0.9464348443403499 0.8483602530013059
0.8759749098877591 0.9786824585584796
0.8732800792888393 0.10563131086088229
0.7969358450697251 0.05665209381147174
0.7859005661759862 0.06764803819982523
0.9132750475470913 0.10202319429722573
0.8441897932362389 0.8360365124782211
0.11057099133461357 0.850055440766924
0.17131458132037802 0.22038626567221842
0.9538291026798483 0.9278850505994027
0.03220434022602614 0.23642770498860777
0.1771888547135484 0.09207299923406209
0.8669141153105199 0.9820454601255804
0.21511541418462532 0.2060230195188294
0.22604641612779786 0.15156521883853502
0.8882914218108926 0.9149310332043551
0.15137701694806904 0.7825106894022166
0.9142723367414997 0.09450099168817483
0.181056991028679 0.02230909776150758
0.7501369300910498 0.8416284022581252
0.7582369584344058 0.04321911689355551
0.8247979695879673 0.9136393557268675
0.7559747822861949 0.1942991630597818
0.939387842354201 0.8970245508597371
0.07891312809395001 0.9223722907734115
0.9972517498449813 0.8960280341121077
0.10053779276116015 0.9936178204171207
0.9510344867567462 0.024818966524980612
0.08845167351447758 0.03379386122792749
0.18450622189392085 0.9074761355540549
0.8231557386110647 0.9963545487651586
0.15217470782273657 0.870800804956452
0.15376506448432425 0.2051966965897848
0.9007426604138461 0.8843068372326492
0.8462143249465707 0.9549855781313987
0.8201704153090972 0.8196875810193507
0.8255954034240603 0.052150965206216204
0.8270927625243782 0.06583209138456658
0.09630763069943615 0.823159405973864
0.8180738561553559 0.7619710847859252
0.7712014765283325 0.8075208140602169
0.9808029017694997 0.9946368651342659
0.9274775402625024 0.7568387299341822
0.7709288995474186 0.24037221637210904
0.16531915258811836 0.9305641440753336
0.972849820934998 0.8195034030779633
0.22847640054952245 0.20033670890517208
0.24319615010456963 0.2275454314047276
0.13313461692099793 0.7743315983486527
0.8635444484813181 0.1948369961427744
0.22678184960074188 0.05142359778679684
0.9719060962044743 0.20435193933466989
0.048436380958029934 0.21813436076696913
0.028750189639266566 0.8419109617094556
0.2177046937274485 0.9105197691714259
0.10652852226540277 0.9833590856424926
0.7507882443577579 0.21561584066984985
0.08407967423817919 0.9295259088037989
0.16149252558147886 0.9482094795278163
0.965903731049797 0.024361055847874402
0.7779614921209056 0.9034768183316564
0.10422744227521663 0.12498575894070785
0.8399957219558867 0.1556108093512253
0.1140216780684522 0.1445509227808054
0.9921941202246055 0.8623466562339956
0.18872190863867833 0.18465450261046934
0.853843676402666 0.12695509331061827
0.1895306241758924 0.02028075920473038
0.17131066050308896 0.06951944196386584
0.1416468859848634 0.8281048153598667
0.8992107410932796 0.7744921237285799
0.17187413466676982 0.14385737616074867
0.05371048877226503 0.2426317305436949
0.9943086481351594 0.19486734095906744
0.20613261094829172 0.7821140472933373
0.1648413497651855 0.9274856113653177
0.10727092220782308 0.14087429300460996
0.9142095395642059 0.7921539388095465
0.062283336642898424 0.7956220882201619
0.8053241159910042 0.07175773419234421
0.882664864935255 0.9221374941658192
0.8914453033057999 0.934391086652747
0.9557804992627296 0.7665682163254048
0.1983425999995938 0.9846051157556132
0.9346769917202987 0.05973943853552788
0.9033484475372741 0.12406941659731763
0.8192573187555499 0.04266020030869255
0.979124116506975 0.7598539945788044
0.9969180682890719 0.23651587871576962
0.8746868416923484 0.9765738056496862
0.062169304503541634 0.1793479377279248
0.17478075252711556 0.13990459743779016
0.7661782611400689 0.09692707599207218
0.03579949130997406 0.20157334625889456
0.978846546445058 0.9460903385758728
0.8865305337410845 0.18019849072178795
0.9868325244168358 0.8693207548649796
0.2080313051189524 0.11079468375542156
0.8862820627827621 0.8019007440681934
0.9570914798375768 0.02350749944512942
0.20432819949978465 0.20956070207665822
0.24718528074721047 0.05542612636911326
0.24203878900647235 0.0629960985241822
0.001644820517788359 0.8543831636870964
0.2187156588032375 0.19785424222105752
0.9722299733455494 0.9911083537304598
0.035521214218290575 0.9010494798899928
0.8399632329301848 0.7764541788858865
0.8308756549639464 0.13614908100286438
0.7556791936616017 0.09118817458978568
0.8750837944394214 0.18963822377044526
0.8809572942527547 0.21823859748207197
0.040976281390802005 0.09905588939411991
0.935881003559607 0.0056815928414759576
0.11872436469626124 0.8604363892269485
0.08810403600593064 0.983643741378215
0.20990600315306585 0.7594199459631135
0.8027158397061993 0.7824388621974492
0.023310957214446315 0.9704730952891141
0.9238288020721884 0.19122948652677552
0.9528118808668604 0.9225274740117889
0.08111274220823617 0.0028991578580772615
0.7675335245462415 0.20202488214515557
0.8119260719588731 0.23456164387571876
0.022539263256132314 0.20009105262285565
0.09784714630419489 0.8062089620292202
0.8976702799378364 0.16886703994880237
0.04293555002929361 0.17754725620433065
0.07071105521460719 0.091281442818687
0.12020590228382877 0.18959775298574333
0.06666146342694657 0.015498869561608175
0.8878905781383328 0.9217189991020496
0.9122087787141572 0.1768674489879568
0.11716113192127142 0.10242287846345866
0.8829247654723802 0.7898915722569166
0.06569607627624618 0.06837546845164333
0.9016831631629978 0.8073839513080839
0.887857203241088 0.21968317158905792
0.23144154078642776 0.11590451354888298
0.776784824408696 0.8903914429142907
0.8652228317030681 0.9484974636332928
0.9786447335428431 0.8179183391031353
0.9132670372682693 0.13551180072975266
0.9625280085418985 0.054957903174797984
0.9603780855631694 0.9085196930973377
0.05876765619521096 0.8136420251754789
0.8675371143942132 0.0868841300250427
0.08191150826899052 0.7814498128130059
0.24066764068535884 0.7682915975148435
0.9584177386959875 0.7935162565849404
0.7751144135412857 0.9645623150677612
0.18736833482058757 0.045561099197445
0.1971878160468803 0.006752230589204378
0.9136149648525473 0.9437903763798293
0.20537675545078926 0.1538267095327076
0.17752893477029374 0.23565928992247942
0.9541287973297274 0.09608377852842132
0.8696034724667038 0.14314760235667157
0.8153722015813095 0.9179178472317165
0.021310407672760046 0.9222642246179802
0.0012186421525722801 0.9274464226182075
0.18971604736755088 0.18190233391504784
0.054940065969630525 0.9434146320740274
0.878172103638723 0.020946613953123805
0.05462593143006733 0.19136869044584748
0.8012182535325457 0.210445502183494
0.9303442199848961 0.12757480957591683
0.1038136311971124 0.04333547434583718
0.9493339893797192 0.8108850360424785
0.20269777132913414 0.2305230336383528
0.8934173456983849 0.03976322777709751
0.954163875970196 0.9027757538584474
0.06258645800282481 0.1681690539332591
0.019619900591799966 0.191263673590376
0.8021087833650135 0.8945476468184048
0.954525914389055 0.7963771277157641
0.004596904496336984 0.766434607435628
0.8564495450513889 0.09381683902636273
0.8934717855028197 0.8531523405038826
0.07906456241760218 0.03698596661768627
0.16140700112252493 0.778308231071023
0.9012004430581446 0.8727623588002157
0.11290538277929696 0.8503740295316259
0.22355338649425127 0.9207850613030498
0.887553097517035 0.15579255628286337
0.9024903354656648 0.17926061507031232
0.9664569576701643 0.09806071468757727
0.8769349999295908 0.22977334432245677
0.9151269852642848 0.8193850010399494
0.8244211638361061 0.18343249929598837
0.894326402852686 0.034209546887453035
0.050889367633231375 0.15275444117648573
0.9505229379079575 0.8513366180556945
0.01248196208968455 0.9387134962646021
0.11921469812832575 0.903930911260701
0.8156942568487151 0.15907756792538175
0.9363757202762232 0.8853672221009882
0.9207282556231693 0.8585938014237972
0.03156909350053039 0.9909960279508974
0.24208341028575597 0.82716565394261
0.17965553829287872 0.19954022707079822
0.9515863540816658 0.09336004974236478
0.7627010043252299 0.20740425425792097
0.9422743701660136 0.10667039175918047
0.7519453716792633 0.9304268241405923
0.9413042487560432 0.7983228430717814
0.7972932050519751 0.9161576333697832
0.23264060165216294 0.9432342037025543
0.10512957374878906 0.7824111701021701
0.12807263367747057 0.7612411159046333
0.036355602670737786 0.7564781689313255
0.13791652573827073 0.8634439384472712
0.8228663791926327 0.2251933602686933
0.7582195376365292 0.19457117579803762
0.9789195675202114 0.006595175835968581
0.1538213086395792 0.8137492894429935
0.8155614781841654 0.8772197605372798
0.7533721927135807 0.971234001074449
0.18658999239869656 0.08995969745887145
0.8787505723678319 0.9302323319345254
0.9732560996255613 0.8818020058754517
0.7839717191729094 0.1772854873499775
0.7697276095651682 0.0793966912175178
0.02373037058268468 0.023813422968884668
0.8207048079638707 0.7844911629232288
0.9337751199689985 0.13659448653948802
0.11322917178364211 0.800625931103049
0.0330199041444591 0.8511773637387903
0.10026816179644515 0.18772840394744106
0.15196610501563135 0.9357511949951327
0.9548337657550551 0.9917803832511286
0.2065313767362682 0.8038947381220115
0.07790768899419531 0.788941244455858
0.8168542211308975 0.8743081138269915
0.057417728923205735 0.8750894465584195
0.1877394267656054 0.9298645052095066
0.06826202419948446 0.8905249470449983
0.7763898134508923 0.8736104961088177
0.037260677568539236 0.8160717301624175
0.8366810781401011 0.12101371404947214
0.8804358679299 0.0608036387303601
0.050336143887443674 0.9500515999299001
0.20467412463276524 0.8764152582898805
0.22547441061696283 0.7514018310920432
0.05250251273979034 0.7937053394144375
0.18362716788512645 0.7963697245205829
0.12104890528193668 0.22765217000157567
0.2049802467247308 0.09658188788021327
0.11715399753317124 0.9924245552514929
0.7752852394225003 0.07642270050162125
0.19544222989738314 0.19454417024580473
0.9905584683534394 0.9106566456765285
0.20064922607584634 0.18945564588575947
0.9087662906659206 0.8285718355943542
0.7635955021958324 0.9075664920643143
0.09695936921111104 0.05851725923184292
0.13640813632723947 0.1906443601161495
0.7850714659140129 0.938476217532647
0.033520008278880575 0.8782898341304007
0.2481845887386871 0.947210268982527
0.1282142880804723 0.2443272390480553
0.13954552676557364 0.7999698154492223
0.7521767001871279 0.1788741471007338
0.05824164160271361 0.17301777750967762
0.8113867876815529 0.22409215326322063
0.10126312383631708 0.19209820473862205
0.07654941598877507 0.004447453496519427
0.08884293259155274 0.828911091841916
0.8572468237895958 0.912079854197104
0.04103857015844925 0.9376784693340731
0.9712395120294727 0.9679710703546667
0.7521599521327023 0.862767013374182
0.9958432700966066 0.08437325277586916
0.06906969297304211 0.801021626326794
0.8126530431771782 0.0446579550214008
0.9170922092382278 0.9589604337291969
0.8928866748634083 0.044837131002446906
0.8902265611202105 0.22560092727679804
0.935508046402749 0.06033776373703048
0.1819896310833693 0.9494136367688539
0.8095390013697186 0.12024985581872882
0.2017428043713123 0.8047112966287381
0.9493487125159833 0.7811027258716774
0.15654917504181454 0.7787658636379441
0.24917325332584017 0.7530024719354951
0.08393169736108075 0.05936324243475999
0.9452160181579298 0.820930551927379
0.20653391033541124 0.07085925698875606
0.057605725627281834 0.08737406848997287
0.21367857358434206 0.8942227716290616
0.07422907061993134 0.7974345151351958
0.9798650295760561 0.7635627260291941
0.9292013610148283 0.14503069826301407
0.1600877358500704 0.9861101622484907
0.8089846519836855 0.801945144560008
0.1181132319939393 0.13413455036512012
0.07192135933475785 0.057061313584383266
0.0940631209101861 0.23665945202820726
0.019819478770043086 0.9881049918998961
0.8537507148107782 0.9369199483252226
0.9179175175156687 0.23329687597827065
0.8326722532943688 0.05198700876142326
0.14463151105206873 0.08861752589206984
0.04342322569620871 0.08889752151677677
0.9386094381815442 0.9714840117550148
0.8649222916743174 0.013474189914268075
0.10843320837642245 0.11717398282794467
0.9863006832374902 0.9601165420582704
0.2475898815262616 0.8002187480546281
0.8945677125140964 0.9848749733859884
0.14606139856699707 0.8484798551881649
0.17343945354255286 0.8351902806196646
0.7553022776277862 0.07386465899796657
0.13523601754389192 0.2044113173913772
0.9696562325985155 0.09720525672935176
0.21009449020040372 0.08836092834645015
0.04852621315263694 0.93274470647752
0.9792313553961177 0.15080637630530247
0.24847706522054658 0.16164518172843512
0.0870121634978317 0.06889903410535336
0.7860098439475736 0.11606371072099764
0.03509993231833808 0.8523824724129534
0.8700162934974469 0.10372082491421519
0.0697150152743119 0.2092724285378249
0.8704105942210995 0.05307817358767819
0.1443255246558537 0.17841075186578081
0.10566102846497527 0.12939343448235863
0.012012300023971245 0.14279363610418172
0.24777772538905496 0.7804631178811202
0.9086809151738799 0.9072182039960583
0.8791137670911301 0.9861371922441883
0.8366088715249411 0.009774827760771543
0.20911912454770842 0.02109298637277357
0.9689570503944407 0.07025426681359181
0.8234737465335842 0.11689690058997604
0.13379823339730035 0.22274430286849345
0.7542369133456541 0.08251049599916072
0.13473448185083448 0.005936055461339129
0.1363223650094476 0.19602008293512863
0.9327763867159224 0.1263005547079048
0.9837294377441975 0.9607961063768683
0.10527891475256423 0.21723188261416504
0.9029008061105562 0.8788336840456312
0.22306943196873497 0.869966304027588
0.9782989615542395 0.024764713274467165
0.8872416284832069 0.06874228821988226
0.22754752260148425 0.014422133403745874
0.11663981420054403 0.21906330130773188
0.9701038708987285 0.8812490686902317
0.14485907957736432 0.1176735139128482
0.8613881676053227 0.08103806991720863
0.024557671312783746 0.05947596134604072
0.8460148259529985 0.2121263335791551
0.9692017993540085 0.056177901036711164
0.9328531127456983 0.053933050986675
0.9886868021875516 0.2309687234194343
0.7732752712058921 0.9947581576797601
0.7740485457414792 0.9543496013845084
0.9124093575737305 0.95623890783034
0.21166360562447184 0.7582980129645738
0.05924134279722626 0.9628157993354773
0.16271033501161103 0.1879040434205027
0.956358076296029 0.12082172943816027
0.11188093559330425 0.912334696393356
0.07011793804932742 0.23443628106026748
0.7557169360680025 0.8169086667104901
0.8180561601297104 0.04849877651185297
0.8639790662288095 0.019227306900211127
0.9363002882475803 0.01424317608850123
0.2007030681851888 0.2339785535541129
0.10592142173308228 0.06321764943186992
0.880061256829866 0.756602034003765
0.21594054817494734 0.9898947586482582
0.15796241030789548 0.8648135260708901
0.8474532431350753 0.8473202077440549
0.17863625861031163 0.9320400659734324
0.10263486626516849 0.247768558028856
0.1461747888344952 0.9063139279846772
0.1953927666453208 0.22587887638605608
0.07256640383360613 0.23189613727675684
0.7845836930486411 0.8880751708281961
0.7629234386099626 0.00892583090997745
0.004038957266136567 0.8180531332041918
0.8006900744672952 0.9085688521552061
0.9724431000791858 0.19190730523937216
0.07229818105987129 0.7634566225052882
0.08024180248286228 0.21772058666620586
0.17544894239256814 0.20356832187586305
0.9664077597324161 0.18035626384329118
0.234459891952282 0.21715966777543194
0.8238790582380286 0.17899204030034355
0.9694770131842081 0.030454446011012437
0.16328808502881653 0.8358608025823999
0.031050892019183207 0.8838798365711995
0.8432988449514408 0.011113014126900356
0.19508708030872446 0.830987306005303
0.9047284589583443 0.1926590264422997
0.21730847633200923 0.018203989148868338
0.061253043392068274 0.8765893736151662
0.1340553744854548 0.230063448407268
0.23065046012421309 0.8658590882969501
0.9475279286556936 0.8732098675453158
0.8772650701450714 0.02248761514058495
0.7782665782314695 0.22546109733471698
0.22894854028842992 0.21341388145681772
0.800611297494136 0.18041681140023114
0.045088800021068964 0.822315649315582
0.11549519372074779 0.2297560153350663
0.9522060875894539 0.8666153280752201
0.022097243690845647 0.8880849728326253
0.07149876186682125 0.09471878892072672
0.06575675428338068 0.21322800717088408
0.776190087335658 0.8555073508188755
0.045074230904738166 0.016608329881569128
0.17942533069739008 0.8620667764973209
0.7618031820855674 0.8718394987525208
0.9318475894808841 0.18382561371394612
0.7912278613556993 0.07320567716326132
0.07231416116274103 0.936230541425219
0.1937808234918288 0.2399057159220953
0.8608870591069153 0.8591768739512567
0.012712365741342269 0.03779032324282594
0.15728135989515546 0.030505152150507753
0.8279271450050378 0.9651414013545471
0.028791700617264993 0.1489384396437744
0.8509179401794673 0.9630540904009759
0.9647391292447539 0.1697974866744172
0.900785200545703 0.9737741691800825
0.05684137999703753 0.9316279118478827
0.1874051123849717 0.8154954946186416
0.09077103690951605 0.1825614382451759
0.9238638587876193 0.8936696247478323
0.8744973955613187 0.9171767086725383
0.9213887462532097 0.24585797898056672
0.21226213012458606 0.1677215254368032
0.8232920807313385 0.966803977280748
0.9366496586861315 0.7622013397042637
0.007856428251945768 0.1839104023136262
0.820462340321308 0.7870774037656052
0.09232548956856956 0.11378974865114744
0.05790535523866591 0.23483401951260763
0.8650820168844161 0.8967546408245636
0.8514543962812259 0.10782530109310351
0.09502968126247802 0.02457861255959437
0.9508613377373694 0.19795654648104988
0.11347411777829153 0.9479213304278301
0.932411473645333 0.9443775767165138
0.2239020663557636 0.11700305995999294
0.025472525865284257 0.8089808937903058
0.7573341776829695 0.7914107587815704
0.24846808570018353 0.7826103898955301
0.9004918019809621 0.05942954515355303
0.9667472099994397 0.7881241021126018
0.09880168904334674 0.9152083862882842
0.1539519256117572 0.7959329438917433
0.7788012064686484 0.17104424421744846
0.817653364136 0.030836191953052428
0.968011177613328 0.20409882902346932
0.9172791448604599 0.043291361276722284
0.15534060575501418 0.9982534329076147
0.24695043203848577 0.7987327304483707
0.7857036593941941 0.05483603414636795
0.22845976502314624 0.9654689870634893
0.12077437693162407 0.12827140176079077
0.8220582581197368 0.0685729940054739
0.8403880661430569 0.8758007672737204
0.8549036729164337 0.962159944296329
0.12123848155727157 0.8973411038076365
0.8000879053317956 0.9975733595861581
0.05918480408412885 0.010935082307292343
0.9182852294988018 0.21343574059924642
0.24144625440447287 0.926434529113277
0.8849142336447926 0.16378743271803065
0.1417907745097935 0.15853271186460927
0.8656704500853006 0.17264227981366143
0.9258834092354046 0.1611178160176281
0.8050916481968146 0.927582787887578
0.11918973635315633 0.11343829136118322
0.04007422671913663 0.0898351275642052
0.07745599489510913 0.8644991443423043
0.06908115637927636 0.2208806365913174
0.06989331500862928 0.236740537301264
0.19686357331771198 0.0689081103401924
0.9446924308162828 0.8780041537996469
4.37061755889645E-4 0.09475286452553777
0.8575176599724448 0.9445218706713007
0.041700793604836583 0.8814300324886938
0.15956504640397884 0.8815653899224772
0.0014798470921604245 0.8822705785077599
0.1550768930431604 0.20085968381766095
0.855831037179798 0.91148042123253
0.8803538445124851 0.9333482572926154
0.9739222709618166 0.9918333270484696
0.8156013995574357 0.23373081898875447
0.20171228626610094 0.07545903654676023
0.8870725022087533 0.766078219332278
0.012904821685577939 0.8657508664385682
0.10111803212082104 0.8145549468259663
0.9134470464368623 0.19707328404603908
0.15054485927171546 0.23000945427926778
0.8739523506754594 0.03843592356591352
0.02229636813254987 0.2220305109220877
0.9552615593005782 0.05345937843051396
0.14632732199328446 0.9919929257516512
0.17766379871631943 0.05221404829129794
0.09457606541937291 0.825016961361769
0.12006659858085644 0.1695957883332293
0.8548248282649005 0.9066068170964932
0.2194159455948972 0.8660297648220515
0.8247299666965213 0.22483392095005394
0.961330001670952 0.06305243666168359
0.10345174876040186 0.20184664007435094
0.18492561673988828 0.10250122955190433
0.8040344505830812 0.7575201840319861
0.15699744934742987 0.999718830185236
0.8936104510324195 0.05032682296217572
0.1569193177800947 0.1640502165997607
0.1893111903856327 0.9080933444633421
0.7831544976459464 0.21436688043273378
0.02166730321460275 0.8994848837731305
0.7956031691233691 0.02430155386404087
0.12538393541271609 0.1410182792826422
0.17808528165028126 0.8721532930980185
0.061163169683121965 0.8612071869834526
0.13492831954256757 0.20721264295366792
0.19943857014828337 0.16607119935441317
0.9237722007124287 0.8971724595663519
0.07777800225206954 0.027698712510467627
0.09519291312018419 0.010377430023653877
0.1838070535082149 0.18914840551959322
0.7688358470768571 0.9722701039419068
0.17798886499877764 0.8590192978967427
0.03741946613556679 0.031433436904325096
0.13681334632421516 0.893321991735093
0.7964402918342663 0.22194892797043242
0.7950930828965469 0.9539445536967612
0.9565464166211929 0.12790927415008224
0.8558105628577394 0.8274479232354663
0.7820007182304816 0.9819537321234846
0.8903953570728641 0.18299762333595426
0.18757520072395595 0.05756041943523971
0.02781981702564662 0.05131976803123717
0.8930048111442745 0.9218142605069394
0.7579649548271642 0.950108943690274
0.7799535807551956 0.04416108132587371
0.8499225930705527 0.2176516052043005
0.13051203484565155 0.241426722177974
0.8748699224403603 0.9197970855437488
0.9927832574268008 0.8110451647197444
0.9583402028884795 0.2390252685526031
0.764809667186548 0.875497128155489
0.8654155079375325 0.2361266375372142
0.0261792890261745 0.7514860517898451
0.22015425325953641 0.10574667615334621
0.8957917053516946 0.9857950167572795
0.9496182077350925 0.8200737275837715
0.8578031989368162 0.892449268989762
0.23685457072002813 0.020671460553168153
0.011141928845622373 0.8543513131612092
0.9097299162627226 0.9810413792150796
0.2486463788246438 0.20544663544231523
0.24924475692277914 0.8526861066646471
0.9786021391837274 0.11677414861508939
0.22362975225190562 0.11536847752381563
0.8795002248621906 0.04934172960629879
0.9861744008293013 0.21000326305414774
0.03900964229959192 0.12273945596630864
0.8361842777019144 0.005062637893438415
0.8579272165932168 0.11118422594938826
0.8407656188213164 0.07376873497822778
0.9418303063887419 0.09108138529073517
0.10620686647655664 0.9636402686873393
0.13679595682293633 0.08432479148087357
0.054050196368748304 0.927098811022469
0.7876146449988607 0.006052087294933339
0.8509109559518081 0.08377826824881585
0.1127811006888817 0.19657485159908072
0.9016722075538455 0.016495615526352925
0.16770986172108027 0.8673666475847001
0.9398623999651419 0.0634135623530242
0.7613420691254074 0.09585474284320183
0.8893861086010884 0.026299923197058206
0.03535833861967563 0.024931147580049884
0.060835164652908724 0.13819676093864663
0.8256515033728794 0.7884648771493188
0.9586369098784373 0.16679667328734338
0.07615081715781546 0.904059790573329
0.04432480127565208 0.9897899828317155
0.05665127639361678 0.8161658448263125
0.7898345644545298 0.7831184908509482
0.9110050719303601 0.8286655337909805
0.9012893835835518 0.8599405928743798
0.24641697439848242 0.8071484749549515
0.22960484547638882 0.02259946530742518
0.21319796437162053 0.007241857927693274
0.774053780665906 0.0979637826392773
0.08232446290118012 0.8159815561744942
0.8852203740288834 0.754802532083899
0.9427605343907175 0.8291577447943781
0.23838067812101016 0.15807956317653482
0.17539416859388002 0.9435908757464552
0.09852517943058159 0.1397950413135054
0.7739741649895261 0.9202024760434537
0.8063528626065691 0.9578680978621334
0.9264282663088846 0.23599535629104929
0.9501209197265718 0.1290867359007546
0.9933896596827695 0.7703509200533082
0.2453206775520551 0.13246578842827283
0.8869003461034372 0.21818911410690023
0.20064554434237258 0.8004187868795345
0.19250605711387314 0.19171841769983677
0.8824480742920264 0.9909524886122777
0.06162004929247955 0.8531955230416964
0.037354442444277325 0.9295676899070915
0.13774247645128934 0.9562609898654943
0.7761479822296479 0.1653956074808779
0.813516194223143 0.966535612294453
0.8141958733228827 0.9854874567343472
0.8277211855891625 0.9472826005062681
0.974638962433789 0.7927260643690369
0.11846692340210463 0.08983182701589543
0.0019511222677334183 0.18069482111793067
0.16451238304282523 0.8092078650763553
0.13513153726128446 0.9996773158476346
0.10634575256631296 0.12671713553825692
0.9540151948038582 0.8645005347769135
0.882235117841665 0.0810612151126312
0.21318752866832735 0.8387589670730106
0.08622135311356838 0.01758029454101262
0.9735981254325522 0.0981365909327917
0.9854721145375126 0.05578206032744393
0.033961724270989535 0.881674427690614
0.1307854333337487 0.8777316591992441
0.16370227085436428 0.9732603088140015
0.8691673143187337 0.18983496500441155
0.2393487712507566 0.22384429163453967
0.9099395735553418 0.1865432505735518
0.011064976782492963 0.7772046858695063
0.9337153120049183 0.8087078945017185
0.9995632860859719 0.9979853817327632
0.22601059915905652 0.9441130671470381
0.03455730890272202 0.10110703578594071
0.11084278264701197 0.011261229277537255
0.02552298397708519 0.1628421404501117
0.11576624405945413 0.06279855615789953
0.02655919076918234 0.07579737700249256
0.8302280806895599 0.9470868336507067
0.09543774068626865 0.24024146639224153
0.10261089053455297 0.0063573122087721146
0.9923441268486681 0.14575381718443847
0.8433408692936085 0.13801178777426903
0.8314592987237936 0.08519720203826775
0.8303041930399325 0.1476001002271211
0.8161525302055569 0.2014060522757628
0.8782693389626088 0.0050946262659438135
0.04857772431549312 0.8263852533079084
0.8984733905886325 0.24769393430307374
0.15854673338527925 0.8860104315513974
0.02858718579152575 0.9601760713274337
0.7538498790784577 0.18103173933201722
0.8485588082469405 0.0230546996445401
0.8444334691961353 0.17334666146947608
0.9629894620476095 0.9111205720032628
0.24020189453625684 0.2373181186407951
0.8036635390048225 0.9301142596205912
0.15552381836508544 0.11185766968235356
0.18555205637587502 0.8725791055001029
0.7561863684695135 0.7822959035705068
0.9570947631381754 0.9635322368728714
0.8659557159628989 0.05536227199077437
0.8671130760467886 0.099992922564205
0.8139173148417443 0.0024562389024930242
0.9426686253536588 0.07711282502787231
0.9098621565370595 0.12648859592549444
0.8063024818459507 0.8475150748274388
0.8019992429558904 0.832086738021216
0.9055197311427999 0.8851703571183173
0.799714076077673 0.7660714714882798
0.22526530391810162 0.8866473436161444
0.851629574937183 0.7591561034044512
0.11081145998894826 0.8085709106153119
0.8979153705314958 0.20078099128882743
0.18036702049960962 0.10250551875213132
0.11167528044779762 0.032310645200375854
0.830159203556219 0.1071731285630656
0.8761413805649191 0.2380355133982084
0.015209918955002233 0.7731976394468422
0.15592782196312704 0.13031394641397331
0.7743560994132943 0.9930364163216464
0.2106423783804171 0.24441090672573818
0.19621730558871375 0.973328357244307
0.8041883085146438 0.9170708394217203
0.018011100726271767 0.9097105231946673
0.8558681778152557 0.8585645078469526
0.08165287527502929 0.22039635534786006
0.007166452274447566 0.8850262417847138
0.1868513315664765 0.9479531574246852
0.05057666422635643 0.16254057068536243
0.777528673135179 0.9404306119053846
0.8472667897158951 0.9871511109317245
0.05807254259540473 0.8023413784823994
0.07026583965374344 0.07902758333956261
0.20201115565539285 0.025004904243580928
0.9985879039990208 0.15675568595057243
0.9659385228978753 0.9626295442763142
0.09017241223699668 0.9564864633203111
0.10957645621888878 0.04972820020464974
0.8284796514820546 0.008058992085215766
0.03198554032461254 0.12345867285847267
0.245487967632542 0.11549017924572724
0.14899294183017697 0.8705806554610429
0.17207473654340188 0.8075615319640972
0.8421748550942312 0.8079097618700903
0.08588193559122315 0.21084718668619995
0.22378014108647826 0.8646961429075266
0.7916179541811365 0.17144955157295472
0.7802129382464127 0.08080490924861294
0.9869809052137654 0.9593204137402277
0.8542977375673475 0.8386957623530746
0.16014225009756544 0.14817397756067308
0.8620615217570906 0.02901322256284733
0.17448770942109892 0.7614916434285018
0.8902725323929183 0.1777067059879649
0.05066215712212696 0.11735290354985706
0.06619875936270414 0.9898297617409049
0.8339371767743655 0.9212579562131616
0.8018054913665137 0.8373761782410996
0.02034659543779771 0.9293856126011402
0.8792955971700068 0.8526747396599549
0.8231151766160311 0.006399277662713088
0.1423506705173886 0.8909298238614687
0.757049981306416 0.14330347457668768
0.030933996022968313 0.8715358250508057
0.035814280954899025 0.8478591737847373
0.23948376364618018 0.9641044800585148
0.9926176034942846 0.11912537427534231
0.08202552986126621 0.03407237256076834
0.7901163395566819 0.17980413746626267
0.822106610827334 0.240841201463997
0.16462506595878956 0.8806931154865079
0.8708035235209312 0.8154380051367228
0.9126763164695734 0.8803876924794489
0.839548456824047 0.1584911515572165
0.8119054692756983 0.22709174335409987
0.13896825521939338 0.935667376226784
0.9594683843962166 0.17985678795863624
0.8183866454245524 0.035399578243329066
0.9008847203487831 0.07286333588416083
0.19987299866698327 0.9638272258339746
0.04547700418968503 0.23199716848600072
0.8773143530991988 0.2295921754943766
0.2213847080617114 0.0876146553130579
0.9226013044889672 0.1429676614787494
0.08318917388746105 0.8703738081358199
0.02385690351289671 0.04925773512845266
0.04829232917646398 0.12762499314920117
0.1299297228539129 0.11716480377254856
0.2411235139895621 0.01734233681615771
0.9163119339907508 0.027233517179252043
0.10921507494339444 0.7846743340583859
0.04731897426009457 0.8941516163722807
0.08930075473048527 0.9572390669796079
0.9457383949886178 0.21913114239673137
0.0885204393500465 0.8917149685001416
0.8705684594513944 0.7892908756683943
0.15225750212401334 0.7638495732262449
0.9167386676241294 0.16364154756306215
0.23409413144700975 0.03502961190483145
0.9609805843177123 0.1364697937075886
0.8418092085380557 0.914617425168563
0.7982688208531816 0.04939372135825937
0.7973980090787935 0.8528655937875111
0.7808711285277121 0.8689786871277978
0.042833948220790896 0.07323700071468242
0.7713925326043858 0.04047243556265545
0.9815921450264226 0.9696112288779668
0.20856267651477778 0.8256298981905054
0.9271328611306728 0.04927072126774623
0.8765848958879511 0.056155434835779894
0.06670528218154426 0.011422293567731834
0.10596647707155715 0.17949012731059888
0.8799044288242908 0.825366557430176
0.024419232954957737 0.012945387371918637
0.8353912913286299 0.9031245410698457
0.8963523429996211 0.8724764760766311
0.9106401179321608 0.9973900261426802
0.7544324189600102 0.17360693521576853
0.15662064720361812 0.9148036225736522
0.19045593826564866 0.785758588615974
0.8156661613830571 0.8148843058855509
0.837266570911569 0.9364110044193711
0.9646296557910161 0.05722796935483876
0.8055685366056023 0.05839620696935022
0.21335253808078936 0.16961094504253726
0.08399496953457641 0.9324972828342601
0.8807897724529742 0.8779348060850505
0.19516831381115907 0.12152798119010055
0.8482687015522328 0.14921704381983947
0.812640743490302 0.06188887360291584
0.06804553085231113 0.10731468967230207
0.865037528221879 0.970330746826767
0.8977923650770718 0.9203290086500758
0.006826968377678155 0.956881084748835
0.7736916380140956 0.007772587863592251
0.23361901316083755 0.8036292324141058
0.8115448143751568 0.0630017840644499
0.9743388678112697 0.1886125074447339
0.028057283683909362 0.21255393863320726
0.15337669324209446 0.7957452414002428
0.18364469884459544 0.18874722626326057
0.1809447979338673 0.9445808950592743
0.09421326865553592 0.20874133702492448
0.9752288503868365 0.8412646786042032
0.14450697642629917 0.2310785960987356
0.003771566918970848 0.8105664933904766
0.23866062514273467 0.013593909038755014
0.9474396362799968 0.12252104059621849
0.08799325102727085 0.0390935497287358
0.7903480683105268 0.7983883985676933
0.23992813944351254 0.16623171402954373
0.9319332906567471 0.8210438894920316
0.02176083448808097 0.811678585831719
0.7976143472176233 0.7759168213906559
0.1354208962818657 0.047984279014859466
0.9831506063500497 0.1745617685114501
0.7959330666017644 0.8836607430769812
0.18006773555201883 0.023212186314790384
0.2475261997176541 0.923520748261127
0.04169015361861461 0.8144195603704698
0.12089209981219262 0.9175751848982644
0.8588875009244211 0.7781054779554606
0.8268347706818432 0.24253049892866585
0.2472239310911617 0.18927144529061324
0.0015697635223281825 0.055131586835960755
0.9590069172978128 0.8984836405537233
0.1707706470189141 0.8430201880211959
0.06546381630810683 0.8293410526404918
0.859508929885424 0.23362228908393967
0.15130390911621672 0.9958142315403574
0.8446654216880403 0.7916317981683828
0.21534908825408494 0.9142164423622361
0.15424797914670996 0.9899478189408244
0.14988158437679922 0.15229855839411366
0.15335351564903776 0.020773183045152854
0.7929757572135253 0.9181290084112153
0.007689703694093608 0.16701680663044205
0.15496388361617452 0.9828449786475923
0.22846568520345678 0.8889202004169273
0.8421359538044018 0.8658588133195892
0.7638951467978667 0.23651241287807967
0.04585671259134849 0.8486368670164518
0.07452716039823426 0.1892537469377915
0.8609584210054754 0.2010639482154214
0.9202028621818172 0.04507251207930307
0.764297817199835 0.7939395469909865
0.878050618850498 0.05710181616532728
0.12679999398120956 0.11900761535662407
0.9630800886604457 0.03295564196387235
0.7576129533922358 0.22894796868335454
0.11281048229572022 0.0676487909403033
0.11466131509119426 0.24050913990180534
0.8416265652493209 0.977789590924697
0.23824585178523383 0.9485200548042092
0.9396700629291437 0.1707021451762598
0.8251718049625433 0.7930480666773884
0.8915698269084994 0.24054053368652217
0.15007662745798866 0.1862857440276785
0.15466069421281403 0.8070598469038924
0.9928631039188652 0.9604632377098378
0.8624629211132447 0.8553165986817396
0.18722838752610538 0.16238926185992986
0.8182099426476208 0.2014842900688314
0.21713810983902093 0.04926991999826735
0.006362378442392291 0.1766415183235912
0.0639477185877726 0.7897187611782946
0.22636128334547279 0.045425979409873696
0.7590172873297276 0.11970399590998804
0.8019432168984277 0.03805779108447971
0.12898641151890355 0.9186487574781022
0.15374728820308636 0.0077337635804398674
0.8112732890584999 0.10985637365610923
0.09699909992058231 0.8967128702645927
0.7745065416825415 0.8908704079599001
0.964870854331208 0.8236991283459465
0.7769018955377555 0.9225530215567156
0.19560178924933846 0.8328185471344706
0.06695944234163553 0.9175325753630886
0.08984693571122326 0.18318659138758164
0.17465071892516992 0.19188040842454712
0.7890496340098233 0.8055954201746042
0.048821471982930076 0.8210470740214125
0.2400999242977332 0.874467593826354
0.8215249606328057 0.1409905185309619
0.9437100640082945 0.9550977965557222
0.2013251573739644 0.8544957472652619
0.7732249881194307 0.11453957889968969
0.750050791258167 0.9394467335987182
0.9935001532168302 0.9228716513114089
0.8154633175297868 0.09555944144047646
0.012542284662270253 0.999294057057952
0.7551938011534899 0.9829620560013915
0.9274514346372231 0.876665882055878
0.9289737103944095 0.8855660446831883
0.08954623908361248 0.2430227725197125
