2 1000
0.8828350242794655 0.14096039439932284
0.00309617303587284 0.028344747437903384
0.7898305894813339 0.04846174539212722
0.9333827583021029 0.015533883752796851
0.8773241357308159 0.2854025222566371
0.28159441840253996 0.8416358924858327
0.976635573863897 0.03853215239806007
0.8047907830673785 0.13570238411328428
0.981618196315911 0.267108781079886
0.8594568760239661 0.21134433613694092
0.7086571057881655 0.7142020435081785
0.2989451818808003 0.06388256601113684
0.9217098672821467 0.2950890496424302
0.06647619794942228 0.15225319182121944
0.8677358558603755 0.055290471055425505
0.2069748113830122 0.8606089141717496
0.3225784143874346 0.1577128066161506
0.09847426113112712 0.09429767372148179
0.3236641087678136 0.7948481032706725
0.048427574233854576 0.939650868495898
0.04325395301262913 0.07426387274946988
0.3127821192177158 0.23331231782459627
0.8384426045205147 0.8188286196544678
0.8286651128614467 0.03679921274205633
0.061359696711393186 0.31951002303576437
0.8155710289612704 0.7231341098725396
0.9818306544315328 0.31894594252628716
0.3093821178671854 0.008627083057065277
0.3311435832337202 0.011068532180789625
0.6706109140074802 0.013182203045071672
0.7212170071131154 0.8116120169194101
0.007201664098823279 0.8897795464682763
0.15212428222867558 0.9237427661274568
0.9566319574007739 0.7547228969313662
0.007901035006460333 0.127014838704393
0.309632710471868 0.8720290912041424
0.8516185671683426 0.26516932602120447
0.9660471362560878 0.16237875636625798
0.8759332376660569 0.6921554085361966
0.9943477276407321 0.9666662962269744
0.08986125916831844 0.1524737151798593
0.9992877790341895 0.15062972675573338
0.23419154872572545 0.8394341231527161
0.14799479424100315 0.02065195407212539
0.943691067617487 0.9051353029876457
0.7933677897629133 0.9966531830132745
0.9081241705747335 0.9106253609708902
0.8972127774207906 0.19858861978216702
0.20692753562393085 0.8957259053084902
0.8705366875765871 0.2861611029578486
0.7883120124685635 0.16702999687250486
0.002834867293625032 0.78911864128731
0.9038440842781673 0.9004947735232758
0.03210096009386576 0.7361170830974868
0.12498485886316102 0.058882479977208635
0.9874541840300144 0.9441275945313876
0.8803920852110196 0.7853553980304774
0.8670942557799969 0.14107386571289726
0.9335115291035094 0.7303090898333977
0.8921240567434514 0.11481240832247142
0.0017342993848858956 0.7370539694623173
0.9468537943373534 0.999023125696547
0.2745968433526613 0.8509596770608473
0.9075670172420167 0.9977938679879785
0.7299923957261646 0.7324403378754492
0.18085336838623967 0.2980714743570596
0.06346790048889295 0.08084428991898973
0.9081993105195988 0.6894825829072555
0.9552755416601787 0.8123002061449757
0.7605229251692822 0.8004534354187632
0.7532199373587831 0.7399484390749629
0.7354343485261666 0.8230662085745049
0.18413876669061302 0.21488588846491596
0.257526317467202 0.286590185380296
0.13031945132673883 0.8498785386309645
0.008465689038922974 0.815071242652627
0.009769326972155046 0.037022564887157494
0.11628998888263031 0.862334946634135
0.7957159367288379 0.8018098463930535
0.03756348419230571 0.9156504644659758
0.9321228575902992 0.9141604624145416
0.757486720933028 0.07259954173614813
0.15305560817106134 0.806827176499739
0.7221871370746048 0.7041877029020226
0.14863770408396393 0.9684508901079086
0.1372243370442242 0.7690736585305387
0.27478207167046365 0.6810815748331887
0.8977061384863522 0.19582738400874122
0.22869295844420356 0.9779329817081625
0.08247375753631625 0.9527126130915343
0.8351313490926597 0.19953613984725627
0.11090433835343128 0.9135631523365607
0.9967142414247809 0.11460540678898101
0.8927861553283784 0.2928926275545286
0.14313413110225603 0.936870192064837
0.014392443446307746 0.7767223349975075
0.750970221085011 0.8704710270162559
0.8978352441222046 0.14959900701084128
0.05947420089694011 0.17966229512366516
0.007015471570946508 0.7355970763946015
0.0975452434899905 0.8122379971335103
0.8234216936139492 0.19697291741102962
0.9009557104946001 0.3225356782788511
0.6693992318699699 0.25374909024417325
0.73746326512209 0.7169209544459827
0.10893681626672158 0.6930527526776337
0.8266327176627974 0.13712156619388127
0.2753550798629547 0.10876097636892479
0.32279048777493435 0.8087909833522284
0.3143271156092171 0.05989355930311124
0.0590933436925255 0.09424425816892112
0.3030167930050013 0.8352616500684695
0.11721236702855975 0.24784880800614706
0.8142370283448269 0.17595258532685365
0.78555020437615 0.08392528348970818
0.6780681819426168 0.7773007076605891
0.2423532519752063 0.1556303265534591
0.7867754081803087 0.29007652096850356
0.8267307268920585 0.693808948830568
0.7045435035545541 0.8494684349805187
0.24326194200210705 0.1273973528913046
0.1643379437032204 0.7606837032905754
0.18055642574208075 0.08694374841374097
0.8206644586077015 0.7466601288024269
0.08833954556935542 0.9179134137751928
0.7032613101374801 0.3307407531425064
0.7222549655187348 0.1297152608956017
0.9652406591902548 0.7094113362489883
0.7485016854950797 0.8962273239076094
0.10813621877802271 0.22979567879234686
0.917373286569866 0.9655383916194316
0.8312514430469282 0.0689923614469764
0.7616007493766029 0.12638460580666722
0.9775702241262533 0.3255303130398308
0.8250312496285059 0.27963211225838625
0.03534755154763802 0.24105545245950155
0.7995170265475778 0.14012110773818998
0.024147738407182318 0.8965012940381831
0.21626638350008076 0.7220841056641043
0.006866527287740176 0.8458013768373182
0.7249677938994781 0.7660191261813586
0.1567227129149683 0.7813987308142053
0.7716373077246803 0.11135523801448333
0.6911166635500026 0.77787561973853
0.11699373694025006 0.8257360621984465
0.23282480148472073 0.150695861881048
0.7191762961093126 0.13818830812138827
0.7984683620904158 0.7490454309507126
0.3243753964659941 0.13088375554065768
0.7292654448823147 0.7084780851134838
0.7512036484289695 0.2375382982616383
0.016122067913051707 0.7818764360193795
0.17142180042256627 0.26694798950336296
0.04108040704812188 0.8745115743833299
0.028865213567080605 0.9792610944254334
0.6695416544457355 0.08649799275637171
0.1056912181346511 0.0963334866807094
0.9639036440406581 0.1750604752185514
0.047823710442763345 0.1151017679059958
0.8211600699979629 0.704869885728896
0.14106610968011024 0.7546095703235625
0.6987900478369091 0.8008754906181453
0.8962963258106849 0.14261436795609994
0.004093255309190025 0.8038789693007783
0.06590246890545592 0.9173364845536511
0.20972197190912412 0.2989539741728916
0.09870644955206953 0.20803345689144948
0.9549772362642321 0.673913339470271
0.08091067985970235 0.308471612634861
0.009438622069753433 0.31789614123561927
0.06670583355962822 0.8948880481182478
0.2661707630501561 0.14987360211325418
0.900272217015089 0.9932031820820357
0.8204750227987191 0.28511984563486914
0.7251676677218161 0.8633294893524643
0.1921918805341133 0.04555390517745905
0.15685187796563604 0.04382877417369402
0.91790629707414 0.15851997743208457
0.28338575367626495 0.09613033835588547
0.27032494849181843 0.06767208481988873
0.25507111530522186 0.2221151007188643
0.06278777016564108 0.7057253419436611
0.24473528257286747 0.04666504397268789
0.3252339483671197 0.979170743020873
0.8225213746204904 0.9745263001648715
0.6895100188457138 0.052294653512981015
0.8023213108120784 0.7730164626672068
0.06151886915187743 0.8061989523959818
0.008646860802540512 0.8063458941233839
0.1998109127515375 0.9609149024803952
0.974966686000881 0.2913411536119791
0.7254624028437013 0.026669361933567948
0.897577843379801 0.1617700464365508
0.9497932342608477 0.2554675162357425
0.2199747145033223 0.8848963510851862
0.08824600110874825 0.708719942382128
0.10028458658169948 0.123793713164012
0.801202001315485 0.7316051384662567
0.29390064701283736 0.9681784044479724
0.749227935425156 0.2880489984213588
0.8353538825153961 0.9836316519168115
0.2529721248391248 0.04821889917619193
0.32862225463052197 0.07272650755487797
0.8751652374839286 0.1895701524087422
0.7813686542644731 0.18901639037361628
0.047575085268616535 0.9315033639031439
0.14970572522593506 0.0937013453873844
0.9696225335106372 0.9346766797747986
0.14654788207393177 0.21850359293044974
0.10550322288811365 0.8633069321932059
0.8357872055910233 0.13671897488210705
0.04465515340428394 0.9034511482764602
0.8502909588930885 0.25037603574274925
0.2876124736275443 0.9262024135898157
0.8632372789823021 0.852778140665385
0.16508470315318702 0.18678102042323774
0.9726441744571935 0.0786365925949487
0.21642688767428064 0.7034098541788723
0.784495864259905 0.2011658950628199
0.2455713987536522 0.005656066279619898
0.9615487441263408 0.6843255582153507
0.7035464500022857 0.9198466405371862
0.7862309573407021 0.7128532587558054
0.7938263255362612 0.28414995529220466
0.11543310055471656 0.2495012680164269
0.9863747482838725 0.7392934186688238
0.9457233337449 0.830786541927544
0.25971182714560126 0.6859877914312448
0.16828383949125159 0.695746931809426
0.1101444379078067 0.8084984654833547
0.981112301263128 0.75038048549301
0.8094513363358442 0.20722841027907835
0.8358216808159372 0.9639240072574958
0.018080521142980643 0.3257309065895009
0.9427757364317336 0.8572262336063294
0.07633789397717561 0.3225108483763365
0.20006366811955123 0.1890376403921591
0.3207421918325365 0.9737261551972564
0.1680799736814178 0.026960681832462474
0.6917042021914881 0.8315477306370458
0.2639050119526062 0.8914530725994507
0.0723526171536808 0.03171502632604972
0.02143899768278512 0.8948267950014944
0.7998396894795778 0.970094674871365
0.12940938164204197 0.8261532484031902
0.7828331732016808 0.18227001481670735
0.0844896183735595 0.00786646922958445
0.308032966587074 0.05712420563424492
0.6818766490043386 0.8726329692472039
0.7268021669699738 0.9891539128698873
0.2323395987661161 0.09973622052730413
0.14219894395026456 0.7614393078454161
0.18303126098325107 0.721804759998977
0.12071426753607417 0.11422007293708891
0.23926403489027726 0.06342403070725144
0.14706142982436432 0.7973289645213426
0.7337356319150133 0.9611865453932665
0.1821663205093269 0.19953242309836605
0.25033620012615443 0.3178474619205711
0.8963922873158414 0.2237131776682586
0.6971301216416227 0.9130947227903922
0.7285184653614363 0.8492552647527261
0.8007126080046185 0.8726832387132233
0.8798283062803013 0.12367457074470167
0.16251901473590413 0.9038802050378952
0.9774889606224527 0.23859396080885376
0.7906253960789708 0.8050968720872378
0.12399753635195321 0.93003427900552
0.8942404070515573 0.7526179870369872
0.9319700898037617 0.887851042780679
0.8577821987008224 0.08207266934135926
0.07934326562229177 0.8364808002752704
0.9307395351116452 0.23396857429102047
0.2842703861941376 0.7035949220852799
0.15551976534982748 0.3235733403973634
0.2969963497535224 0.31706022251337074
0.30059768992809655 0.13005951457413945
0.6939288236299106 0.046070881916334905
0.9222757040592559 0.23809652304270335
0.8025917763690807 0.12517282837747323
0.7896570730965344 0.2442652131651314
0.12049133343202045 0.11083388733557875
0.9825843821973196 0.08341537161761392
0.2516676094576119 0.2555078241414618
0.7738631637764462 0.7437180903850175
0.183639060629325 0.14434428233176633
0.10489840797853267 0.8375876265839824
0.9481088700189808 0.9596362266295586
0.31147271114034425 0.7888786754674433
0.9687475109834104 0.325260217845589
0.8519077517147223 0.7906523838024765
0.8596293484828478 0.8066681495719716
0.726781614912185 0.7296027578807406
0.2130578215543839 0.683134178377115
0.8241985146205365 0.6702937118004243
0.9075189470509644 0.7330357390347286
0.013560608277823016 0.05355808015576646
0.1724001449310889 0.7907770211953286
0.7769009282549604 0.7130718572420589
0.8841860295453255 0.3141301821520207
0.023866671955625862 0.9267682328748384
0.6690493337595961 0.890539705672153
0.09263430437349762 0.773527120981147
0.15927980708968448 0.8291541777542961
0.2581343802345669 0.7188993530763848
0.674962365279666 0.254997543955241
0.6697766602593448 0.24030855329927114
0.3078756060847535 0.7973486358390999
0.7876945714947612 0.6759515808764573
0.8615046429476905 0.9049222097690249
0.12760663013768714 0.21241556991364796
0.20239320038855857 0.824305488871673
0.974798803499285 0.764980925286413
0.28017089190007516 0.9936162201307879
0.27643952878778 0.11668771128144939
0.30433903968922693 0.2785882038100397
0.8202154852600188 0.6666842492272386
0.2944138757112722 0.7867187422483684
0.9175865269690932 0.11812255887028422
0.7522643039734979 0.19538769756791396
0.2702814276808242 0.02658523858829287
0.29962769020038993 0.8995531595006874
0.9563967349143011 0.27502404634192057
0.7002840273314341 0.9618789931185102
0.7080638757934662 0.0064991477683084
0.2298170789048649 0.79854046647108
0.8303224477725162 0.7864411491190817
0.09554062713979095 0.21684948891767553
0.9715861706529648 0.7466183002247098
0.15304851689303134 0.15565718459012168
0.8937513863515896 0.1323488063563648
0.06417514788727907 0.9746425849974761
0.04606836706417983 0.02613810505183911
0.22385395745905678 0.8614517145785474
0.0982011961214534 0.7305918576901367
0.98813255495683 0.008396400735708465
0.08193345490702442 0.08322195603977867
0.6928015195140745 0.9813975276472297
0.2306720882861668 0.29240461593982514
0.24742866832805488 0.03101236291953613
0.8596209920259025 0.893624376358393
0.8271916571031073 0.21162488976582006
0.04973769529272687 0.9152198161273782
0.7362062112215977 0.043429058861207515
0.012273027671342529 0.7434109538827189
0.012495541768853147 0.8604081840554951
0.12859868222168425 0.23764269484969502
0.05875523817378203 0.10161155145177247
0.12797528897369792 0.07889291495267636
0.8656218378769183 0.7583106895434953
0.9952933055692856 0.23825342347937306
0.9790176858662748 0.840788280691397
0.8614116673653619 0.7341989552002743
0.8012112065193375 0.07388895421957409
0.8561683109647052 0.7980280393288772
0.8078544096153355 0.7709536636548578
0.8306089679139981 0.9192364740803983
0.7739926844659104 0.18115557826020012
0.04887002210036262 0.9343934074235503
0.19181309275446567 0.19439125656873935
0.8205741047342809 0.9038713014185094
0.3290907197989089 0.2832842405201663
0.20062449216338551 0.689327063887456
0.7718174989267179 0.1949015315778414
0.29722524021069285 0.05630060092885736
0.9408229147214106 0.08279495685525284
0.20212560819147252 0.11808729412848396
0.7175323240470547 0.6706297243998054
0.005212613159956914 0.0034458700844459678
0.029648546437949674 0.08258631922043458
0.9553317996025874 0.2763196604525381
0.9409480144332129 0.8355795138767554
0.8901580830858353 0.8998122861915568
0.9373729049586342 0.1374898709801632
0.9705483765800237 0.1510437826718819
0.9789226985917672 0.7446119257700857
0.8076947838106637 0.2953187166686846
0.2888061678384378 0.1212752745432305
0.2810344371216634 0.7455319782256692
0.6943389747931158 0.09720582788838061
0.8217046239096908 0.7788863906353454
0.014061765853692232 0.03744729723851836
0.08267535165847073 0.005686535890007005
0.3268402512177667 0.8651648345152753
0.9188467949735644 0.8557098239552736
0.14186300730997747 0.9872715396132304
0.7044179141820736 0.23465672004514715
0.8995817504984209 0.24230963077862144
0.18305437110409573 0.6993147062121368
0.7983401596183373 0.282158356541825
0.028760157748958237 0.9313573601408278
0.9230452138358255 0.2761790503288384
0.29653830089578537 0.871696206266346
0.7426998085009999 0.25620886497934325
0.8011840130849249 0.14624230907045133
0.24826933969116116 0.7787836610991805
0.23045311832704385 0.7207680965774569
0.21762351959892678 0.12843712461214918
0.7759816784618956 0.10622700702030263
0.7834586124847449 0.9311052564165426
0.9220470623901595 0.32397384092953707
0.9041971956468017 0.290271697109729
0.32798500969471156 0.07161523979280215
0.1047019730079145 0.6713956657489574
0.24367227042009465 0.832833315054696
0.840498443716773 0.876964422520895
0.22938311431938374 0.009767067067101731
0.11681478852284755 0.19509076651331536
0.8027867115729563 0.9830714748340226
0.982267496202375 0.10249281508043329
0.7684101880541603 0.6940050770733275
0.04405894038503355 0.9442138859996134
0.8385664101925832 0.17222611385454
0.9414278300451291 0.21522993570949966
0.18017799315015703 0.32182144129035717
0.03492145562387927 0.151777467225078
0.030066963691101734 0.3016482666177045
0.20029587968144036 0.2635956967439306
0.3079150242679498 0.9898682781680602
0.06708960324496005 0.7678437636232112
0.2247893975724926 0.7715094197775203
0.7627928571065467 0.7216548655780693
0.3199767944837749 0.28333184546411583
0.21811950888998377 0.8361250638326565
0.7291741023910112 0.7452610727561396
0.08259051995054156 0.20405839075267362
0.9244590394765392 0.17417322664288093
0.9304986617851222 0.6698444483562029
0.31669715767555984 0.6730692946843038
0.32794470347387994 0.9014343056318486
0.21522303409145105 0.7738522894697991
0.7730781033567518 0.28518961429654643
0.6939329770775783 0.33223028486040407
0.16127066343783014 0.2533909591489376
0.08221975075949395 0.19477530754229055
0.16783374027348175 0.8769486547803109
0.8614468609894238 0.9473867897525214
0.7458627674704379 0.03200121726955607
0.9185882382905664 0.1164005478506881
0.28387464818940433 0.1547995478883063
0.7832863023884521 0.022461673257781256
0.304453097802699 0.11945269723307639
0.9207499140006199 0.04330090548908194
0.09896122753961711 0.18523275585366483
0.9116366042488464 0.33124687514688445
0.6917652844116762 0.09657604267108955
0.8372587210351963 0.9510710375955299
0.9523037901932139 0.9592309074912135
0.32457371695875425 0.14983708940203055
0.7591602388540858 0.8526386461304528
0.2307920152639501 0.727890412698864
0.8211058552974524 0.8476587974590445
0.700300058187962 0.09030138034076185
0.13608235416057002 0.9059049760315129
0.16673454306276092 0.12410910091114513
0.9992301017696632 0.041937537871739705
0.9122792655943256 0.8463111498658581
0.7220795849753863 0.028974453117765697
0.08150998361631412 0.9883253226701015
0.8281792471501956 0.10490418185692818
0.9242064956007463 0.7576893403576964
0.23769669832187068 0.9131255039294522
0.2239187052714725 0.8153157649634301
0.6862204619613752 0.6735365592695093
0.9409448342613109 0.21896501109285538
0.8975209524731277 0.0804628260729302
0.9753127675108283 0.8314673850280239
0.9986009595070652 0.8133807416916435
0.681658784749113 0.7899883926989975
0.9704453040190153 0.09556590449227764
0.07185957110042751 0.18707505409975744
0.7393197366217922 0.29727768011104483
0.9774524152830374 0.7268063045131606
0.10233089364449377 0.7410074977545472
0.32363892648281944 0.23225625809475092
0.31889248608399035 0.12730217444785275
0.2732979643881358 0.9016306813865198
0.7721578668711632 0.915157714793819
0.23281815885683976 0.8952206013697721
0.2824811157770616 0.04988041059746451
0.9001913800751851 0.8108397746476894
0.18504578411814132 0.7708951018654726
0.7432256097687565 0.12403065535500801
0.9003392034136577 0.68762582960583
0.7967237327608336 0.12397005423131757
0.7179213744107247 0.17668654804035744
0.6966693460047538 0.07435010824688004
0.8782256024985279 0.203050227668085
0.14006798758499173 0.09333517933906699
0.9213265791834362 0.2980964145501529
0.04778022199044185 0.3002051178597538
0.1947821100374083 0.8347161752637763
0.21228868845257443 0.6971377947372348
0.21869882885129244 0.03446256565807437
0.2477033213287292 0.8359937101223863
0.7740557232124621 0.718325704478069
0.8646516451822583 0.1600795387403372
0.9646046521212701 0.21405889856923976
0.9359021298742727 0.9030985277638167
0.8776659489925914 0.9060523633061255
0.6820980153468916 0.8644995402545009
0.25408113422422507 0.8423060452354406
0.8868650640787196 0.25225636744422386
0.009279456725571844 0.8339743413819773
0.303693778279852 0.017057246538821902
0.7905177270812113 0.057709890203352265
8.60986128948249E-4 0.0650427960074379
0.907090657359056 0.8725119630605075
0.775715927212346 0.8700506226524556
0.27163686546919485 0.18912105550401181
0.6729909527908988 0.9285711023946978
0.7715929165106683 0.12351626316044229
0.3286789248634251 0.2467029639616165
0.28584163045911537 0.9596030804571651
0.9182021966598485 0.15781816182978936
0.15001414374738975 0.318735297974705
0.8483073458095751 0.20429670654868415
0.25263291194271775 0.11103068690018525
0.9159882016238113 0.03130186918290412
0.7651874627999294 0.2647653329598556
0.6745703669083578 0.14014453077003985
0.31625942685975794 0.8314614896501582
0.035936061501098404 0.8908385843221086
0.09420288781820896 0.780182321229521
0.7513870333713445 0.6843485394480294
0.8238593883905815 0.9361373398753496
0.8731144733196161 0.28831655994391525
0.9234967801437073 0.9343652950259688
0.9263099078787963 0.27511700065214884
0.23983670248847466 0.8516043191751406
0.8439902539855927 0.9266038268046237
0.17353502734819648 0.3217216428981581
0.9220901946704751 0.9779486115061015
0.67245385443783 0.24742931559576264
0.28727162394085304 0.3286005383202705
0.33033222365014936 0.8916225278889424
0.15698925968498956 0.32928288507474446
0.9527747503771262 0.29664282152771504
0.6796929895143117 0.20847220263215893
0.6928194729138472 0.23677962846045142
0.10832881406387151 0.2629704541215361
0.8060956190280194 0.11573391080361872
0.8356664982483747 0.828474718619177
0.7814377840013395 0.6726510780247864
0.8596523436565149 0.8792659003245957
0.6867378769661953 0.17385575000714515
0.05103039447992441 0.8884728020625341
0.14016637965377898 0.2592625749226807
0.7081410732045664 0.14970872520669354
0.7882012404594665 0.8703083235944623
0.9238358674950792 0.7425256904453172
0.7961169781561885 0.21650455685461778
0.6780306184803764 0.9014353822303599
0.8219808724322898 0.2002827839800595
0.3067384320922494 0.9971305960130503
0.8266792163485173 0.7558226628544661
0.8901594893177432 0.3025276840380279
0.7591514019923523 0.902949375231759
0.24699366559992386 0.25476749883702776
0.9149224201813435 0.2979041452982545
0.6681176240840112 0.8942820620176946
0.2948671583134992 0.9314915068453059
0.09363265561045098 0.7970226528138941
0.7854210809722526 0.9699505387350915
0.7985654171321918 0.9301724227575148
0.6669310632406302 0.8919439056656735
0.025691907889489496 0.11742805641189114
0.8620895219875567 0.8059984064200444
0.9288289814842214 0.6728339164050495
0.946012818205888 0.18560592213426397
0.10878090033021348 0.12450330694792056
0.15091958931206573 0.28560847524801736
0.8503752297594539 0.9216256609729195
0.005388231681981104 0.29739888952375804
0.0866827777301531 0.14994579008209163
0.2586883198253742 0.022728031389958048
0.8463285934904696 0.025778678373980957
0.11838341199913371 0.9953884918352016
0.005481953877489287 0.7723427328617372
0.9204735697866638 0.2575618903820479
0.05382110490630121 0.26405543457043235
0.29246616783377255 0.775263329447472
0.33198889596164183 0.13108711459453304
0.06334779181116523 0.2928286296467074
0.2837270266887336 0.10770215732916655
0.6697787940657829 0.15393195151071737
0.02250490785416759 0.26768562370078275
0.7537169005530877 0.9556195972177641
0.9190521389950432 0.08596395348366992
0.19339973174169678 0.08948646298407281
0.01349300352509375 0.13429952967213088
0.7499413130990175 0.1586918296122345
0.09900175734839645 0.15020142217370902
0.762625633284645 0.1233394262877422
0.24826176015212897 0.3290500612132018
0.8092437395183409 0.32407033920399386
0.9548384169687602 0.9789719921462378
0.18070960940582692 0.0324343067067151
7.100527269922052E-4 0.9753953242136327
0.31411151267735027 0.9519545925399702
0.18133933404051739 0.7115918061147855
0.26913097817836096 0.30455175134587176
0.9172546267588374 0.9632556060465193
0.9204300433585388 0.9284254780552778
0.2299175746807285 0.8370830366579404
0.14195888355480446 0.18545632954925806
0.731053270252248 0.24041568762400733
0.06612664247482114 0.1273163492993007
0.7067908383442589 0.08356815337554935
0.0763528838662132 0.8253676915295861
0.9804551020758556 0.15367306014303672
0.9034023484273266 0.871676275065472
0.8305237773604727 0.9995015972391114
0.18640743597936094 0.3010424328318875
0.1897815428212034 0.7928158760016181
0.8277779715094825 0.9348710477168136
0.029173876427034395 0.9837014633676289
0.03540705240325759 0.08585766849633403
0.8814447015985348 0.9271089407359285
0.7143491214960761 0.3248179670548086
0.7408431457840307 0.9251248735408778
0.7943324829733638 0.8896383939967181
0.2922002247268525 0.8387043348556507
0.7527680252400447 0.7848081180808232
0.8243819832838671 0.2771461186232662
0.2218690727796604 0.8311749155352625
0.7537036132492541 0.12197248874822864
0.2871217845653361 0.13809586693521114
0.8972854351936577 0.21567369475295528
0.04218296473636762 0.8325240641774697
0.9917293863933418 0.26577629016349413
0.16890867808424181 0.10735226804655162
0.7207931913184354 0.2438648659142395
0.1462180134192389 0.6939137161696602
0.8011094523188492 0.8707749484652086
0.9162542567879017 0.26409252285900175
0.21030789323612165 0.6795349083059022
0.9583502336343614 0.08462964742509438
0.0327208201638266 0.8846083931787148
0.3251144332058775 0.2940176378065522
0.14167945760396194 0.2892522508998179
0.01611933289527956 0.7874656891678661
0.14599561340344036 0.7157445467221185
0.7653883814741569 0.20943312155458427
0.024984365518808782 0.23570031953741521
0.1497780793517226 0.17428176030504516
0.8565186790081707 0.6833074047055967
0.7165041024008694 0.7331771524678863
0.2189657530243696 0.8656299050869549
0.09446363162709237 0.8193232063830664
0.7855594698076166 0.8526721641920362
0.300719978199086 0.7490837268220484
0.09310793777091919 0.7293227494168318
0.6990302142392929 0.6932781173093036
0.7258886401747412 0.9202449940406137
0.2506410366642655 0.2613366630874254
0.953472055447624 0.02855629252688141
0.8225433146959702 0.20968712908436227
0.9773960340177539 0.7351004980276358
0.1568531746481424 0.16810037442622006
0.20120817406961433 0.8657493540401698
0.31833911347204413 0.10132610848317813
8.728925839323054E-4 0.19447691192170335
0.8589703703880344 0.74298753874951
0.3121216884346225 0.22956676833974154
0.9797601275910407 0.8742806308363573
0.2561025757261499 0.7680190363893419
0.028874892906629368 0.9157965795494613
0.2773563669011633 0.6880809257685877
0.7502635398794495 0.2884148812990621
0.9589992955754305 0.1593134941947525
0.00142962226192489 0.17378055236110979
0.709886850072125 0.7198189273278213
0.15573002602946429 0.7931083346053222
0.6765863580933602 0.23855559746864785
0.06965701862651497 0.7850567206680685
0.2331076100461752 0.8201376454440342
0.060810617138719714 0.9223947006156397
0.19185527366037136 0.8708496526052008
0.09978678637499172 0.675368016413015
0.9131578282526704 0.3168637004638133
0.18938187556411967 0.7118586095050482
0.012285751209789253 0.09312913299418113
0.25692796610284585 0.015417351384828248
0.11134815862289871 0.7702999937030988
0.3296517713516761 0.8553935762012254
0.8055870358290989 0.13887856302896961
0.9756651298818992 0.7335512547142989
0.9755466140554833 0.17686007904354484
0.9422018287053091 0.8203907470988632
0.7609549198545738 0.6869026048551671
0.9470936709076334 0.8490604835718446
0.9718219632722889 0.6776332114902427
0.8438770845462988 0.2908279754174764
0.261341019742274 0.8034309934497262
0.7752142231320641 0.23213090907634648
0.32831894718690025 0.7657638298542887
0.15624755200539775 0.7645337127309274
0.7212921013761366 0.8056505539884986
0.009830903163983051 0.015718113234532427
0.9857608152141644 0.2027826760879572
0.2237553000328979 0.7543101670959962
0.8161370276699892 0.12957871927445475
0.6701387391366108 0.032521324496434745
0.3034955718631661 0.9136688849502818
0.8981687846662895 0.3057071239202692
0.05653448474504197 0.204439381887208
0.9523340780434757 0.7609630958543859
0.2916996957623049 0.9197796403058465
0.7121562202082601 0.7646321973957685
0.8476123551891139 0.8129282042905208
0.25924269912175346 0.8969737992622377
0.05040199935333878 0.039584231117937074
0.28405304672661147 0.6745168647791606
0.7483452109800518 0.9773077332561313
0.7856260210683746 0.7352478989880513
0.7541420788141067 0.8500985991298855
0.6782667108786327 0.08582992086991725
5.731084282634136E-4 0.2697697715982068
0.7048182570908783 0.03722795373551269
0.3185072330377352 0.8529959142400684
0.06826586741842078 0.05445512416686937
0.8674018905446824 0.09746190833519686
0.05605008734973871 0.0394254214298142
0.28203711394534403 0.9501211941576023
0.14814874462094874 0.750711721515037
0.04443503237333535 0.6687633122241657
0.2127419165947807 0.6834614102238554
0.7656848615403181 0.8364094272902519
0.9434016060585294 0.050278432820563435
0.887100807851736 0.7120000501653309
0.20084345838187811 0.15480715411746782
0.9898471963991005 0.14559951122579573
0.14417769564789984 0.8942501560142256
0.767475618806024 0.806883550406254
0.24725591617233966 0.7500378647330395
0.08768855704994716 0.13943119957462957
0.9805291239908234 0.22718736092987912
0.1585826077681527 0.0902588160163571
0.013714645219131127 0.19488163591725183
0.2601040083531555 0.7725148013389793
0.7809667004505247 0.1410185224017212
0.31868284584524953 0.7615750635244969
0.86965264117525 0.7382396074906287
0.9579485372632603 0.7795309450047231
0.9126232871111157 0.1636120766147705
0.9748154528336054 0.16825835052877625
0.8237596523303831 0.8097929492564704
0.1156164011775046 0.08829785833947312
0.21909792902274283 0.05470737654785862
0.03586982205083311 0.1936989627096687
0.3087736341914662 0.12748296037333007
0.17464135667106362 0.19667993485646384
0.26549848060953407 0.13629407710878316
0.1051915784061429 0.7729217219480248
0.2389866257858425 0.911337801884898
0.3134377527203225 0.1318789327500436
0.05690377694443982 0.7326441918523744
0.7583046219438518 0.8972670814103737
0.19533692201875985 0.9735842209454041
0.7125174246797449 0.2379894306165351
0.9823826159642136 0.9518921533481993
0.7866263923830474 0.22402127687518747
0.804562362916711 0.27946002276968995
0.08393912843548323 0.6739034463218259
0.8868668159748766 0.7476689753922903
0.8078219691700428 0.9321111209145312
0.9840523447684412 0.2734278931138501
0.9026534504012543 0.0939514925758953
0.3198641869085672 0.07487686318187736
0.9524400185745211 0.8516031224284587
0.18892065886402565 0.8208670855463531
0.9244609148194285 0.13054872595553102
0.7949663355981315 0.9326312108689874
0.8854756056133162 0.12735260796146441
0.1879205359551408 0.7285429635739059
0.15112377567234203 0.7400507553014397
0.12269110154460872 0.9393534170004435
0.2660333948536815 0.8125367022554413
0.030629540191598248 0.8203460719100967
0.9655228151083256 0.33292532209926295
0.9793159057239436 0.07451214422047836
0.8829852412421529 0.8857798947870932
0.7303244993649344 0.11801929827470736
0.174914541493433 0.26059941036091283
0.9290670583115569 0.1935625057140018
0.7861289589142367 0.7145991098423509
0.20871184380973085 0.7013839428132165
0.15420445676905414 0.964674753470027
0.7127672519525429 0.10191142490419836
0.22322303781710795 0.8719064318565242
0.9167756599732464 0.07508138547920462
0.9900445359190663 0.848671433014511
0.18621262093098712 0.09856334477024287
0.004682073608302306 0.21872534012476763
0.20942353124696533 0.12557897381408412
0.32030802708696526 0.23223218930152223
0.1896557858430219 0.9007239112023049
0.9972569122821181 0.24888620699599362
0.9472979629664605 0.9488456360677905
0.9883675453475085 0.2196501375954728
0.7006953776774119 0.1932552160166584
0.8927783131638432 0.22534283096932028
0.021250159962069137 0.059229064721210145
0.8173133563935437 0.7186396071710324
0.04523449952474723 0.24682860273171392
0.9369812725430958 0.7088671996995672
0.2711237539592899 0.7445284689550072
0.13265500727734614 0.8568070240415013
0.9723890201036327 0.2898959464404619
0.7595915304432118 0.07572254325824057
0.7136758908596598 0.19036030241848112
0.0962022559632677 0.7188849916684349
0.8484367254467813 0.19117836992228432
0.6934426608566558 0.9210926475242371
0.2153330474242442 0.7820022013059433
0.7177223638941332 0.1740509395165134
0.7872681298710329 0.1206697817181458
0.06221611998658916 0.9228337205061159
0.0996664699502744 0.7775717445510701
0.9201862221364471 0.18931459783300852
0.2817320697450125 0.012667209989037587
0.7418385238841303 0.9166328709516685
0.23307513272863734 0.2849871456029559
0.95624037720519 0.1777205488655198
0.890205532439489 0.32154083915884224
0.026414563164983584 0.9991494594571453
0.3175657296862118 0.967342991605752
0.7544550028614997 0.1394025325349626
0.8625378852559771 0.26677484671494456
0.007320655232396667 0.7504854882272823
0.992207821157145 0.9504413145354211
0.2837622547929497 0.9932232824974093
0.8306186828451201 0.04563313299456184
0.26715291977502753 0.791236720798264
0.28214545291652904 0.8384622946998249
0.7287435781375802 0.018795005296144862
0.966178543077781 0.7114987210776599
0.06913708146555031 0.6941370419517823
0.8691803263749692 0.203200120004553
0.19788199667462214 0.9383294685367817
0.7072696269581725 0.835537660071438
0.3045714305919539 0.13376324136177553
0.06033384850775969 0.7437427457612291
0.10772997170043586 0.01811876294926973
0.7636485592153417 0.17672118160256922
0.9286253141184345 0.21204218277778242
0.11925075291376808 0.257109711607706
0.26741969636443363 0.21528803400938834
0.09206961921769086 0.7857442254101078
0.7432541681539858 0.2480045248873083
0.0437262136831138 0.24882286855596403
0.8924379519476786 0.22751436958888105
0.9458212320094105 0.019149930111071578
0.9521352501726089 0.7643243761887528
0.29029841088621555 0.9573461905944548
0.9837814598525564 0.21185873554523038
0.16658631756140474 0.89135419206612
0.9810360537419284 0.2650403429866356
0.8367981992141009 0.04195498166709266
0.8698964417964758 0.11751784108224295
0.17620535061856224 0.7178726475937532
0.8136014001920266 0.22588543417465434
0.7709982990659224 0.029188979961256134
0.17131298638753756 0.1153423262296348
0.7202841066063078 0.2385278173555767
0.07440645305066385 0.7264986850358988
0.6739344200869984 0.710077899654874
0.7935097951874822 0.06536532142263607
0.23673135460685069 0.17844703168592424
0.14352199382695452 0.20209997201297614
0.21520370620133056 0.9221484332044438
0.03032604310867859 0.2635523423743288
0.6930774927572398 0.7361548619890559
0.8138990515910071 0.29274186110258493
0.08879409136443739 0.9629028328992998
0.2764154999360561 0.9544491469774352
0.24067214840131068 0.2314746823977647
0.6787744149989834 0.01491731943863539
0.8581930085256116 0.8049538692718305
0.8402494561159171 0.8812309787180587
0.221869222986797 0.2633965595722595
0.009815024126730187 0.19427623978845243
0.9267209371283673 0.31311620578298605
0.2209073636977047 0.7068324171844458
0.9886728204659484 0.09647686726564164
0.0781829295085219 0.30616629036574405
0.2592544792312689 0.8643219935526174
0.19217097712487607 0.8286630758600882
0.07118785612617773 0.30131594906496184
0.2563369058502972 0.9744164443752926
0.939276003149652 0.22892339105795523
0.7457721176870638 0.9117659884020198
0.2859649296302814 0.8361198961571583
0.011794601830518059 0.9296606291173773
0.2639145837580418 0.11704922044846244
0.670733214150809 0.13258502032531605
0.913980954198193 0.6808551472918106
0.013517252534461899 0.04942942016238028
0.07366095899981595 0.21122719441108628
0.2357877887203802 0.9725578960759873
0.9855484903772874 0.26513071039728076
0.9612606158787318 0.8905717264868751
0.13178175762135125 0.7592174923187711
0.709145835258702 0.13176894072149392
0.22432890259821658 0.8405214540529558
0.043869299299606035 0.8557060663907924
0.6774938074553779 0.15863913371291782
0.203068146046665 0.2085055955733559
0.9016353279768038 0.049885181258704225
0.22324406265667784 0.011589084132388794
0.2168559103777038 0.7726810840666718
0.9438893426106306 0.8683986158294792
0.17997464486548242 0.922048027256031
0.8285038316425518 0.09745148678623139
0.17972739598437326 0.9264494306541479
0.19694712909418932 0.9730574745787571
0.9839872313732909 0.10585177314116778
0.9651997869713276 0.20589458967078422
0.16654566209397859 0.17487107277404124
0.9680947719588266 0.8034829905845647
0.0716441967286009 0.001127979030462245
0.031492224403868674 0.7844547306467471
0.9469720459295555 0.8667486201125448
0.8925194296485671 0.9658856343490471
0.7053900350154416 0.12331210822515937
0.7448559503298919 0.1543098356341851
0.16631830687446225 0.9640353791500375
0.8975446920515231 0.28643528647059846
0.787385526066639 0.7790388120444622
0.13967923851431863 0.8817864962049746
0.8526818274652868 0.3003277296535106
0.3169167931059321 0.7590074746541963
0.14254470928310692 0.08729030669183846
0.7445214983507732 0.216926555446869
0.7287467326691289 0.6715988207014056
0.8024433571962296 0.7298829659588361
0.16568444654246162 0.8448666824490952
0.9455989871757463 0.14833729764110648
0.7057221281019939 0.23717972892435113
0.009039322627535484 0.7147783765898945
0.9992571287955309 0.782986867094097
0.8527082664817753 0.2236059557708746
0.8209930141217736 0.8422824076428211
0.9314499641740058 0.8562033985390727
0.31291449488474143 0.11724248491029754
0.25215490571722754 0.849484737356127
0.1520938730548418 0.8523700776493108
0.3186499761612037 0.3042434582655432
0.0675998343610903 0.06172283168749271
0.30886377615988314 0.05647317567425858
0.7077315194473591 0.07187092377408866
0.8849765691636711 0.9123560587517225
0.23892872296514966 0.21132055419926077
0.8206850957647076 0.2776609410049342
0.8347477231283209 0.03911964467418583
0.21406095225078825 0.7336042574951056
0.3242058868348535 0.7559206869353581
0.8679026087580121 0.7413683462997571
0.28905908484248233 0.12557376165069145
0.8148208405167161 0.13372286937080535
0.6841015476218721 0.7867957642754089
0.6825974938556253 0.8363387383855295
0.15308330624675792 0.16406667352371573
0.8916431549789099 0.1202366627744631
0.987632769535092 0.7303400114790745
0.9335924409198686 0.23899714133770622
0.00732711876383052 0.8476350326405622
0.3201535123832864 0.8312131620119986
0.16604710036011872 0.7438466547386369
0.23536420839099614 0.25427247491141025
0.7743414830780776 0.2801733422892919
0.2535620377420825 0.0333136712153993
0.14978638029410107 0.14538651420336968
0.926805822574996 0.11918357407562474
0.14328333696066908 0.9466430046447165
0.8827075657672973 0.08903225755983413
0.8370519261123638 0.7003163228174265
0.9837168212531255 0.18934431200259616
0.2991926674255275 0.29989321859509765
0.7294527651147034 0.19108327415112292
0.6972282252537896 0.9538979640356553
0.29438486976604794 0.053732340972903025
0.019343830387878902 0.6933013974338591
0.048409004780233134 0.9743083046541059
0.7970697559948037 0.12592795676782131
0.0983576940205314 0.1434474908712574
0.9618106970170204 0.26149811594117467
0.783517883799458 0.06096394485558976
0.8798123618486869 0.11326443660781094
0.16540236857234003 0.2383754738017263
0.9062406831346173 0.7441455488593713
0.03430741400390436 0.2750214540605399
0.3112540975268452 0.8767895581315895
0.8417957016776436 0.15199087688059543
0.32908267173007266 0.18086056823006313
0.28290617479080427 0.03785632141782869
0.9339007703223406 0.8239333495268184
0.2305868785515527 0.8258206920700889
0.3186323380768127 0.9026455601545662
