2 1000
0.3354959519052615 0.8006256255248727
0.31312889499280183 0.9475867417565641
0.41582784464173905 0.5439339176425728
0.6997321956367742 0.8988915024966115
0.7253909633735728 0.7169858561233087
0.016418549972858965 0.4301309589434612
0.4708444424427489 0.8427421630803189
0.5199220548381278 0.6581912155875237
0.8871261467141087 0.47639607020562313
0.9468045104057736 0.3539260507592161
0.09333139769880738 0.30316209954280193
0.7328121532956107 0.10675446037712755
0.6642807623284747 0.7124361883250283
0.4939909982898101 0.9148437617377793
0.7117885685051195 0.7625816587150175
0.02033820159321975 0.4937637681583359
0.4309306895795153 0.3169163379535468
0.05768017284251603 0.5095389778899457
0.45138652161633985 0.3273572250767405
0.7445243434929363 0.47950907272886034
0.10989240153771662 0.4626571593538982
0.06843377680988061 0.3925174504054145
0.40306319676412694 0.648997769125185
0.7057470647192245 0.5677785416189165
0.6262110453339877 0.31433834782175674
0.25568446298222003 0.9342548512692286
0.43307843407807667 0.2571696891507266
0.918764309704767 0.703150030956478
0.6056188777631176 0.9284866170701916
0.303487855898092 0.6486445758137657
0.46732010213436026 0.25470160978004064
0.8683511397369974 0.38793560985880016
0.6901294291085707 0.4295063828033623
0.7315258791153433 0.3874454343318938
0.4485571069017982 0.5740523259233121
0.49702197007689486 0.5557416719017596
0.30122949560321743 0.7447727410266458
0.19255134927823303 0.3304262306168385
0.02612989608758909 0.6296421913984239
0.3227442989398621 0.7234966707428508
0.37267968364914916 0.9604557018828735
0.043039274616233136 0.6788138296402564
0.357599705132715 0.0024490495925177935
0.4275193632646507 0.7566507021804453
0.27031322926255774 0.04181622562153031
0.7132881761566017 0.4002687807430907
0.40261434347430125 0.28987992575913835
0.4144250766538221 0.49249034451490203
0.7191148451754875 0.6183655954964804
0.2831445412374758 0.9984378723187011
0.20790998133107153 0.5668652475471818
0.5501896052169694 0.3822281844221517
0.6281937605001262 0.46532794282657997
0.6229771823374021 0.3205325588895347
0.5820191161234951 0.2840074091128949
0.35561012490994315 0.3476770144181197
0.38407111202871436 0.8146600078948645
0.601837129791133 0.8804351732523181
0.47437449731241177 0.9175804301788013
0.5986828521288817 0.5785707554153711
0.6867157600787251 0.5854628426744909
0.439551197808719 0.5150302322054485
0.3421537034876684 0.2183450451882616
0.31318364134329735 0.2953654953443028
0.561936824992984 0.6368301450719804
0.43899992637280283 0.6443391955981878
0.3213722693135047 0.5837655170533687
0.4776340361841809 0.6896685105193867
0.855722350151739 0.5210803166152495
0.09775437377164653 0.2759612726895224
0.42793890252343425 0.7452858518034001
0.33618984225749415 0.48739289388149565
0.1323497488342087 0.7264960207018113
0.7335956591618775 0.02279980979274565
0.045204931642626955 0.41580024999553955
0.49826398444240194 0.8798175136821123
0.09274783484404736 0.5463247210325795
0.08509329904074026 0.27570632724716104
0.04538148671690001 0.5881744962028349
0.3005086056579007 0.11300467113716395
0.8284173377809578 0.35221274136448344
0.836231903100356 0.4147306128732191
0.45829633097282885 0.20516127311666554
0.7220155469577136 0.44518216966641766
0.8943261770230772 0.7332567324051891
0.38758656373137523 0.9648576102149311
0.3919443522268211 0.7739041963891853
0.11746132416313304 0.6901634740613818
0.5543315378960119 0.37295774095610024
0.48559532963089325 0.35608585196513376
0.5802043268988922 0.9682404900903804
0.6561352821534749 0.21303211295155633
0.3563874389138475 0.6008899618152853
0.12423628002431442 0.704826075288726
0.6675237991098628 0.707773602978877
0.5265629824170218 0.5800782141567387
0.5685867329444457 0.18591380589339446
0.6489562047192202 0.23271892634412128
0.6042891148733517 0.6719702531333774
0.29411793060729885 0.45216138736784195
0.6232696143981403 0.43919861629463885
0.39691444525323183 0.45718247368005815
0.29220805869532407 0.8207491751465443
0.3309718515780644 0.008916886181092432
0.34229901497639936 0.9002420726409719
0.08152824674193859 0.7457694386199948
0.4229908114472749 0.8865947410634273
0.550375856684544 0.9041191006421692
0.21176458980106372 0.6871127368194584
0.31548504247576725 0.3124860758524949
0.4898081153325332 0.4006340569823621
0.08820483335586304 0.2778065990612426
0.9038050374796294 0.3064536750701222
0.5539765029410311 0.145943354035874
0.5799772784855816 0.7754326239999623
0.9454497356723095 0.5680105363925206
0.3611882501146171 0.5311011858775406
0.2510841062399214 0.4519864999652715
0.2734164569264792 0.6754475527999945
0.26344342592688563 0.17725105694125953
0.9978497137288375 0.7349303116894004
0.2943564388055633 0.6528563951304969
0.6347592520656924 0.7220732256054743
0.09194814783690652 0.5000821190419348
0.6452754659681961 0.8318399275269298
0.028125710941244164 0.39683353459289517
0.2735337099529068 0.07883967600010522
0.9396832070455474 0.2986882434853865
0.047282412743970825 0.6542684053071969
0.4374698685327064 0.25632540618929656
0.6189318751498344 0.19831271726164468
0.42403918624385095 0.9734785514585816
0.5311468657911678 0.8804259832610569
0.25639411110650523 0.8956463536745926
0.2840772756800124 0.1857025549987522
0.6370896289623477 0.5765065680159833
0.4360270415847042 0.9818260147010243
0.7627321779979334 0.5788473891359822
0.3704904715369729 0.22733367874713672
0.16893129001256624 0.6619413647574303
0.28212116239905527 0.05263662666559554
0.6445645685395723 0.9794655120195073
0.9449167492785412 0.6120928649665879
0.24425390074354314 0.5170662817332322
0.4726990762741716 0.32985567258016224
0.7114446533015678 0.9452465340242218
0.7239133540431647 0.08425066426866545
0.5915982377019137 0.24833417840496042
0.42626100978017367 0.7716650738741009
0.6870114670918335 0.4310592278465244
0.4536257658414713 0.29886435071209505
0.6171945414340189 0.965600046322283
0.36758681175475993 0.4902416273704725
0.7298133720956131 0.46143047392707726
0.49448903040638414 0.7699142417420908
0.8113563119742064 0.5182481140874979
0.6973720982783554 0.8159291474716523
0.17578220407876655 0.6501778545436725
0.6172218400865462 0.6142437376348415
0.5198217093990859 0.7755710835080607
0.27065882663342666 0.28250569722734165
0.11770463364620432 0.5404680340241398
0.4441546447048774 0.1002061842002906
0.32529430571352846 0.5980259902231206
0.30540460528194424 0.8929432481925657
0.25307274116963596 0.43800873014564945
0.4332192238961826 0.3143069436734388
0.19376114265220734 0.2669796724866029
0.7577327160026114 0.6773256906917563
0.06819253120984559 0.7131157864773313
0.6543936713217533 0.7274755845322342
0.9032507103506 0.4569745579026646
0.4546107144758402 0.9011141450614276
0.5952211816822958 0.1743843338119636
0.4482143801378641 0.8571805271499454
0.41810555032810415 0.5655482550398009
0.44368144242816887 0.7306032274837644
0.4063467013339822 0.1944239832642729
0.015827869763035962 0.39840989339183897
0.6439985926966604 0.4575026289734805
0.4267567069649557 0.8966637938625405
0.6611015846239922 0.8655197590760837
0.6996367755536281 0.09894821816606525
0.3586014658226242 0.6084021113822231
0.307639580144177 0.4857760378933953
0.1444483495256239 0.702159973689819
0.5070877383303822 0.33150244134646334
0.8710236896325839 0.6679273538526549
0.2780071982673301 0.7093013161141667
0.6156168903072451 0.242004749074766
0.6159744618133081 0.7897150760046284
0.18031953010955581 0.7150137547780703
0.7916608378009877 0.5419140989630754
0.01413628090438912 0.3880552806365324
0.33618581491898003 0.5861441463603766
0.46152962946614107 0.3473484340371723
0.4084577761897368 0.6853319337001125
0.6127115269553616 0.3665435337652313
0.6078298351263571 0.57180982552674
0.8144510342549853 0.4692397539997759
0.8157681350796943 0.736624283352515
0.524058664666535 0.1435933773055419
0.8990726629209761 0.4518344084085507
0.29394797163474995 0.7370619241027112
0.8673591953171801 0.2506126776786437
0.37339661676441604 0.8616150239765389
0.12805943753878657 0.26195159363148723
0.29001247919403583 0.10352747780247096
0.4009779349703686 0.23592220503138728
0.36357619700899113 0.6653613988650344
0.35273593122483227 0.3323000824085379
0.10441985651603092 0.7077979449856494
0.20445339031760568 0.30523534865372925
0.8580830970174593 0.5009360809880005
0.4755057923692181 0.2857550009315518
0.20634384453282562 0.6684370940094725
0.7196398624863778 0.4909927108310127
0.08281589238653242 0.6233912952901131
0.07287343024039117 0.29720659812538597
0.46991974878313203 0.7443121378154928
0.802387557729542 0.6229805444612266
0.22277337062263292 0.6000999079372271
0.6186230072850553 0.8749971486548069
0.9429459837203604 0.688554142028934
0.3999410618822763 0.7674454001509539
0.550526562587496 0.31181108528713897
0.2719262754797229 0.4649222477415216
0.6306437815539893 0.4269498538334894
0.38004215740438263 0.41868064067656163
0.3412398159410951 0.484025894544427
0.4018789176750477 0.4423607231929527
0.8186977883949663 0.6262401133480882
0.955916121624772 0.6586711783361382
0.42429659280590737 0.5410794524784198
0.9508945616499189 0.7405155799573141
0.6530447591557227 0.7631823200962046
0.39832963375544483 0.00235188392881458
0.1443412652305588 0.7239875377251341
0.535079766225271 0.2781541271104202
0.25483049654481693 0.004694641446287839
0.6114553735338821 0.2625434208999974
0.19796736136692916 0.7073755733627856
0.3770594290650343 0.06080782338925683
0.4115542720947505 0.8974526810767778
0.5351077741051395 0.2857044910839671
0.6957322709624334 0.07175143552737162
0.6849673787459122 0.28090474691915135
0.6090696550644336 0.1479116824578519
0.3437486106111728 0.39957522422416025
0.4804964600460916 0.8325389080091973
0.4216542243803768 0.05817828213852694
0.5245422428369887 0.024675490053734372
0.5377109622748527 0.972097291775785
0.7639486079452393 0.494754253631177
0.7123336949922243 0.6730686144185419
0.30695933841723533 0.8980298381813053
0.012873395410589294 0.493959441938283
0.6890583887204106 0.9622710658197458
0.009916518567613664 0.39590418275884953
0.9286023586455161 0.36345108688771266
0.08679271006644806 0.4613995154856356
0.17256497191137077 0.6813517670200959
0.04220708038822052 0.25370485731287185
0.7465888005544901 0.3226491922850735
0.1987057141786419 0.5438150618328275
0.0732326095031881 0.49160070169828585
0.3889186282285946 0.8597594061727908
0.1474351726402855 0.49559579259019615
0.34772251780145147 0.8736346746008467
0.3057538833061503 0.4526071570553982
0.41795443747329 0.026220913050539307
0.11056453042899395 0.6811380494589464
0.31929272351210314 0.6682395325112839
0.2205676165016457 0.3849644400859812
0.642410141315577 0.2752041193360676
0.7509948528022778 0.40766537978805206
0.0870400371975828 0.5016247917407652
0.80644238755962 0.35664663168634625
0.0708332665575514 0.6119779420480753
0.9653507798330798 0.7444240157794212
0.7120296050113785 0.9463345385694403
0.2354575537368101 0.26505587760799343
0.12147400130832853 0.4373588852839384
0.2305980430071417 0.7422434752091017
0.031362252854074346 0.3435800382106856
0.05519550077743318 0.6307945319544686
0.5585889344066649 0.2397503271839383
0.3897028165061782 0.12946667162461611
0.6215010584090509 0.04272461380379655
0.24240618068127295 0.3629237183737992
0.9816630120658277 0.2538979028795404
0.7465926946908287 0.8805897342474834
0.9991389479773782 0.3418455295950583
0.7694971690314348 0.4236405597238647
0.2167337221789971 0.4599141472419461
0.40919220754109475 0.2247759930393789
0.4347557122260789 0.5032703638642742
0.4600596612783828 0.44478791492281
0.9498163909707192 0.5742970545125603
0.6562744615785057 0.7796342943153403
0.7913798544367512 0.371668359889313
0.7604614213999664 0.5870165482847238
0.9291424332134246 0.542766804129341
0.5588490750068332 0.2630574857507164
0.5320810150337937 0.8708363749517981
0.577230394422715 0.4226152447227164
0.0738016431816656 0.5078319911473694
0.781440195485033 0.4647901299430858
0.5881979040366553 0.04479739478404865
0.4480444351503352 0.36396771956899565
0.38622554993882396 0.164946295029736
0.4267638583001072 0.7339762352334277
0.554196323622849 0.30038656721354895
0.706543790892652 0.8682026773787183
0.6174195456779217 0.3623211853875601
0.691299674520358 0.7466141526150049
0.21421200971088872 0.267351275867156
0.03797257918660213 0.4692388586137949
0.03862816732504981 0.4966397322578967
0.05358858765891272 0.3532148470173778
0.8462309011249983 0.5374358711956565
0.3245882759023472 0.09406382393771129
0.053177299962960056 0.7352857954636045
0.31824155571063095 0.1934963103667472
0.0010845865826957235 0.7269080871654423
0.4567631920260241 0.5123858190844117
0.8070105325020273 0.6767181934314502
0.014549674352865694 0.25819454156941124
0.17286602646464633 0.7181400582029893
0.15405252589117424 0.7251008661421187
0.7006716391715727 0.5706073323208122
0.7150807748034074 0.05314954718048415
0.7016925964797608 0.20736705661917
0.4301232447137129 0.7427585028876043
0.38394671010445613 0.27279905141002914
0.13298965711013067 0.590869470961941
0.6286541445464584 0.7936063566309859
0.5389505914435676 0.7471835735420175
0.47217437893978287 0.010426397546602795
0.4398136850947999 0.5937741082561766
0.6698875327032421 0.2109533929710381
0.14704775689956928 0.6707395727652569
0.5724290832249713 0.6517830086313751
0.5163387876199973 0.9300941541111246
0.5809664637638711 0.9010961287467207
0.5202569455274981 0.657549750281635
0.47675289290174816 0.930486183298832
0.7414035659324317 0.6865529137334689
0.46113999038776987 0.6276194683569641
0.7806946964217047 0.3939967605251514
0.12723456827204438 0.48873253537232675
0.2825160032538726 0.49007634182460424
0.6354215560284457 0.30242137047704
0.05382267757547332 0.2521871237735518
0.9824273472773849 0.4346032577857052
0.0764114550483016 0.5238109905098385
0.9994255054698515 0.6123778429964031
0.4519032119752706 0.7304823448639061
0.06942675673794341 0.3720810098831039
0.6798591964245009 0.5715631936694051
0.2335377562866211 0.5013767427606516
0.9971440887980041 0.3515622940955183
0.02234895424390393 0.38822909906135206
0.28144416440580555 0.22562128015291183
0.6732305413509104 0.2848102603664615
0.7145585972845184 0.710728385053084
0.27383550605978146 0.9501465064485122
0.7770052686056136 0.25525601652967855
0.7425168413595727 0.3081259021427819
0.40666698098341414 0.18853753953832908
0.34437762077784206 0.18622468907559786
0.4572868510260626 0.5217198878010869
0.6440819117166012 0.20917378659402586
0.6415918794902373 0.8427612235205012
0.4908470510640478 0.5118030142104829
0.19079001375779048 0.396546210317016
0.40851011639135004 0.4327113280171089
0.4143964887684092 0.21754616526437187
0.5450663909734953 0.9120845177388539
0.6243034801356778 0.4601741916274158
0.8941675439450475 0.5698058884159313
0.3228531348720539 0.9300226006743694
0.9127257397666039 0.320957916227407
0.693920507044601 0.10729768203324919
0.5219082178003055 0.6121356626498148
0.5663304932594015 0.740316254534864
0.47411655845502454 0.5884077562118251
0.0832525853191951 0.7273438439562011
0.1318154790206777 0.313523527949484
0.6235690711771072 0.30577226111740996
0.3933381631373978 0.8146069761595478
0.8464650635966899 0.2975696153255656
0.2761649221340985 0.8176572523341563
0.6296794197862993 0.7685060097224838
0.43244384787585444 0.27498194165458956
0.6407167864732344 0.29625369552665193
0.2716737942798737 0.9990920678925019
0.2739248780669533 0.3645531465400753
0.47324836667794434 0.07381249775357535
0.6905303887285233 0.0932827402317431
0.44118369930498513 0.9397391220521331
0.4441179266168851 0.13604658262909586
0.2663054450855278 0.4989167673307652
0.7020691214576561 0.6512556249698153
0.4042989265231921 0.5094731306870245
0.5697974574347532 7.94101423438387E-4
0.6500462831365957 0.883572543503707
0.9052933409872903 0.36451195680441306
0.5237768648710288 0.7474905015291294
0.8040334184376001 0.43207498181900816
0.49942495739445847 0.9467739098257256
0.8631793235141937 0.5272039718931065
0.1335059637612629 0.6002327574809807
0.4587589063111247 0.3526968047523461
0.12867315991848094 0.656670447094135
0.7262437296849396 0.4156794170550858
0.3093610276951232 0.9116302596332302
0.6346413957020457 0.2550349738722699
0.28762512217647285 0.08811748462789581
0.6906251236231442 0.882095583886029
0.40177133245761787 0.8162745584736998
0.47075565372362704 0.046713679151298426
0.4038574072764285 0.14624422983071783
0.36562902783298645 0.5772989685205862
0.7289410566458752 0.8210026780487838
0.9074264671827884 0.43786217687051265
0.7844921373307844 0.2827711129195103
0.29964404757907215 0.4996748594725895
0.06631432485850175 0.3787703076717496
0.3169645433426914 0.47236492191759183
0.8734060755026769 0.47439218217789836
0.3807395822569102 0.5506305969296902
0.6427362397391679 0.5923107070039374
0.4803167218571678 0.05151385417102561
0.31024921163881714 0.6883630154307979
0.3403472605099367 0.44102320155472596
0.2728350070684865 0.9858558822766571
0.9529213076142856 0.44394867646248126
0.8596483381748122 0.3126869601913981
0.47627944271459133 0.6438140831920214
0.8534174972812549 0.733101978284373
0.08217234827581354 0.6486848882796259
0.4952823105451952 0.3001598994218876
0.3184456108249828 0.2372771509952547
0.42326558188048213 0.6696968351560438
0.6131276888221431 0.5972180435787958
0.3865474676461518 0.11289669784415945
0.10932344742647737 0.5339055945867442
0.36758563372738307 0.10816486235399791
0.5081223829012017 0.4967388861985791
0.5285792681943512 0.38963483261139487
0.5400297034439243 0.9611828314828422
0.7346918598554182 0.03377542705423153
0.5302626174085792 0.627047622458093
0.8482201120938467 0.7069353609357982
0.029840562358365075 0.6818186199286954
0.24350313796081247 0.25050436044142255
0.4330446088261386 0.4255549921854138
0.4802975839335183 0.33241007103716314
0.15379280440552467 0.6862157024535762
0.7553532094363383 0.6128200798894389
0.8189400665102249 0.5375562042330535
0.28129309805879243 0.9394629674185451
0.5036891762691746 0.17240901956618027
0.8330733645344907 0.404922415088367
0.12743859508836108 0.7239296419915023
0.21977048090409523 0.4818455416583831
0.596983716711953 0.7269013696009975
0.3317042052402348 0.859341720445987
0.5157937537369821 0.8184002339453011
0.3610122000085221 0.38520140535791747
0.439196779956332 0.4963714588702449
0.5754927961767251 0.3604114741145017
0.22478954946190788 0.28727544118554493
0.5905007359901101 0.9515862417600649
0.7220368388951703 0.0948859041214577
0.02886816243988688 0.44672044238975506
0.7494260389959605 0.9146861153562041
0.6057130552319754 0.5405516385751782
0.3076273612428102 0.7988339759836283
0.5427198761514126 0.3477337246781659
0.9732669637144232 0.44159329414417003
0.3496676003874851 0.2769724928284306
0.25331616279392466 0.6747832497193924
0.8264423738542054 0.4686412151524717
0.29097360167725217 0.17204642682517257
0.4396264265481278 0.6535192385444819
0.4437446987632413 0.14310535462471452
0.5463369558358657 0.22290446807900566
0.647161368282588 0.708043229724132
0.22458454447662468 0.42400330982271117
0.4300643974201914 0.9733816247263977
0.5635235124656173 0.529429703758613
0.30918221837059845 0.2946765612355857
0.6504703009203104 0.2673548426954271
0.6171310091956005 0.58101529772732
0.0667452257824398 0.6257592229419738
0.28166734436459684 0.7611288683243109
0.8735789789123029 0.5982374396786893
0.13003827369727283 0.6452783672168829
0.5034730861028899 0.6002802171748759
0.7051528370414673 0.6930165246756426
0.6717455135493703 0.8419205693635051
0.5208124987342201 0.49907243775016585
0.351929952676152 0.39579308792354384
0.48306159212409894 0.5898570030236864
0.7454168596104214 0.9630657478195743
0.35069945917654666 0.9544584778095025
0.3804850257857597 0.6491105465841421
0.44442606824224684 0.1319403192610713
0.3989196227651597 0.599405890992678
0.2594744869444555 0.10537613949486557
0.6872785261338096 0.2056601571301797
0.5983217769478361 0.808697957447426
0.44001133555035143 0.8009157262032447
0.08056367000467402 0.47632769005070674
0.6468287005500637 0.8312276030785198
0.11490753468778925 0.5617150707003622
0.7476508506161013 0.4370337119730805
0.11569828599377552 0.44037970891231615
0.1737848188800034 0.5271753874054914
0.5631648242411295 0.3205607806220543
0.796116326576545 0.2616742847528031
0.41813877593118276 0.22830781639857511
0.5925670675062598 0.12501955903779272
0.9149868789513299 0.48675917924511536
0.35271226532606226 0.09366158714345918
0.3201187821258906 0.995184744630456
0.12820917261885412 0.35524459914745876
0.38977470508248246 0.1485066203955956
0.49256242422772256 0.1469372340525329
0.04316252123427333 0.4768603812327189
0.3804049042052804 0.4760504048568539
0.9757915406927102 0.2979113120062704
0.5736525846712557 0.8469868276826198
0.5683425528043446 0.4868601580404506
0.9704324145521428 0.5626707576988202
0.48918938898038566 0.31129020200406676
0.3489945501330849 0.38343934896206333
0.7311610956230208 0.5558737686391995
0.5940422470609441 0.8783478124142896
0.5440254969798698 0.8634127525538743
0.583877600986283 0.2162840716210509
0.5538265600530182 0.23092509283769969
0.8248912845079548 0.5775727777169325
0.6853905144053147 0.9556833732611434
0.6911755107237736 0.7782703667217048
0.8604944682443764 0.6137360397547401
0.5675769611043529 0.27868989803558
0.7623531847977815 0.5694858090647109
0.9234087259905395 0.36788026334040336
0.41296919911807206 0.8951074919894718
0.2933274487220331 0.27520344330753266
0.5108947430793441 0.6065360225402482
0.5220368179003467 0.08015603900642021
0.6454852693473805 0.5919526440842344
0.5248022448637203 0.6222255850141059
0.26161735615422554 0.05617959665973493
0.7295037904494828 0.7240552137325803
0.9886623731722954 0.3435827110620282
0.12719813854121653 0.4433086525629255
0.024712087688020024 0.359277479057417
0.7874032653668164 0.38542439683138086
0.7266570155804253 0.7741692406209083
0.2870256049513915 0.473805664178796
0.605386076318455 0.7070937484109755
0.42374904149835735 0.1300644182796209
0.5740068200342947 0.6378508964047532
0.2518440849327691 0.2211236826847499
0.5896844200724446 0.37327616163081423
0.25153320988647454 0.6486295319272031
0.5912193263051305 0.41461433850184104
0.41300848742978846 0.6477037734731438
0.34767617337843204 0.01812772302911836
0.4345750038172581 0.5547577062823572
0.29000072653842657 0.5417171311020004
0.4105175283952336 0.1794874632796969
0.36528664636824903 0.3610832517650733
0.2928181864288235 0.29852598871180713
0.491765938959973 0.054210674534842185
0.6535440059945867 0.6166900989713507
0.6790562253561176 0.45480078017081804
0.46403527231264374 0.6946904443669835
0.18557024623678586 0.3495724155912906
0.9915037218927475 0.5353368869999222
0.5191039613070294 0.2207880970105751
0.9616909384779059 0.3568973187915906
0.5980478310655098 0.717107582806818
0.05469085901000681 0.6635497362719157
0.2989400135569884 0.29697587081462395
0.836803912587802 0.690766437355353
0.8548488872719765 0.4673951797595045
0.6576949227676931 0.5135921758349238
0.2960048379411546 0.1997933781001885
0.5028320868358296 0.05519435298941178
0.719871095407134 0.06329053858788758
0.4886479834770151 0.0019840520447328425
0.662531465612085 0.6131356791417918
0.044256581974521536 0.28740033005439936
0.2774244209413481 0.1369896508730868
0.02304487376545883 0.7311400727087073
0.8281333724055857 0.31955193145689675
0.7023053683808789 0.7834098979828515
0.7480941287300334 0.9087194275158426
0.7357732269599497 0.2477040961298469
0.4099517834813672 0.7900517496358672
0.33544202386692046 0.38380828464281347
0.6467310115538224 0.12983896353841085
0.97667807846728 0.6104273533851383
0.267473577496946 0.14560026995146502
0.032969433047562946 0.6254855719555132
0.7370645578874617 0.6697781101690489
0.4187394542793246 0.9018558170942987
0.3256794946605497 0.8322716933540389
0.4189409832313029 0.5442853493592178
0.2876050855626656 0.5339107649189103
0.2842389813156596 0.880773044898143
0.6835887159216566 0.6276084017801046
0.6093359224285235 0.831628631470149
0.5703773747157133 0.9438104582372322
0.6694550472749563 0.11597394783470238
0.6686743567687713 0.622474778143083
0.6002015562905616 0.978482850661902
0.9523605091930221 0.30983442612765455
0.16882247992854715 0.36189810345539575
0.12093978921329984 0.6223122789243296
0.26528164833029966 0.3772098631951998
0.7695506270556524 0.43528204012392324
0.9781855465788917 0.37107269191498615
0.2462624413176987 0.41182874509535505
0.11154746329861398 0.3925340776752009
0.31378075912269776 0.8711032581773891
0.5795950868621873 0.03581086685902324
0.03375481817918158 0.43127724799479816
0.46420059771752253 0.6294190397810308
0.7099097763493805 0.02372175674527577
0.4026938829195251 0.6532223046471715
0.026409005689603804 0.630615483604722
0.4385061590996019 0.4806074452816411
0.7290694544859436 0.8445223655183636
0.8537361702013743 0.27256791662685076
0.3995533715470492 0.6229390821816166
0.21165050571282118 0.44736066942709385
0.9027314312869678 0.4713287377277672
0.20183119353653933 0.2949693641180544
0.40973481248398747 0.46453603920801867
0.9994030524516534 0.46552191353604155
0.41092482537795605 0.42971293979947656
0.438846346844315 0.945639336452545
0.6525413145896075 0.2832527643121656
0.3258496208049513 0.7615448238899963
0.8475619428202834 0.5094869364020587
0.9822040952137302 0.33942267709724294
0.9940369272148147 0.44717325648028894
0.2737802758052523 0.685491536668316
0.4364146007925799 0.05467712670596503
0.2688396956945407 0.8944060646784393
0.5695862029945401 0.3110753150417821
0.3804445195594641 0.9270394132641738
0.8870111428490578 0.3827246669150126
0.7003793958253226 0.7256715105246135
0.5238080137780121 0.7234852188356794
0.24369210896870064 0.7474252873447612
0.11692080514410197 0.3785729987820612
0.46856585524957894 0.041864039406899534
0.04902137136981122 0.379935755396167
0.5557755868733527 0.47171052064602204
0.9105789077510545 0.5079343063405423
0.3046851070908321 0.97590913370283
0.8608061906389463 0.6713929494754804
0.4099368402529262 0.6558628730596093
0.44722445338768535 0.2138186793857203
0.5850424796761914 0.6912374155444305
0.2413180854301421 0.46919366690830855
0.28725191168070574 0.2855543936252606
0.9836523897762347 0.3398672560985869
0.6218893122910281 0.39727274896726605
0.4332312356530307 0.34755537035757544
0.014073027023912776 0.3919746537441787
0.7299600705131528 0.6538405088004393
0.917756357737178 0.7279617765375805
0.2814980027590859 0.7884205679091658
0.7153166395155963 0.5367339130247489
0.09994819811495059 0.48158550675963874
0.6658673696042399 0.0808897881302818
0.33774191870379977 0.11169258600908871
0.599463728133692 0.6947701135381451
0.518714832309591 0.525572788523491
0.6147858364998517 0.5359542082313211
0.5862054072196747 0.5932810597164211
0.3995666129745379 0.2875313089062669
0.5210448844637454 0.45129202761848564
0.7346200432658669 0.13162559580918798
0.2145808577557533 0.47277448671544464
0.6647457071564294 0.07410414196748893
0.07263511431439729 0.3540688245450616
0.29814237214049455 0.14052125771706647
0.4954561635504341 0.7297032399129177
0.72635366670999 0.1439706527166157
0.7338585844144959 0.005404986812848067
0.7008694087349329 0.9379556653762627
0.517345097231553 0.8348629619832237
0.11270468015592194 0.3086751750710769
0.5934776340637236 0.7395831936716847
0.9374208709796845 0.2647658545119901
0.653130077177918 0.29714385290833845
0.9341516104099232 0.43068330128092236
0.34120961448397036 0.9214331247480307
0.5943061902263272 0.7194919370151119
0.5593545618608637 0.49744804192120295
0.2787899299325365 0.952256819671079
0.2669925910035529 0.8901575498817931
0.995709923549835 0.28171464380865585
0.6141793924574267 0.29046437789744206
0.7347241436199927 0.8644466269236724
0.4686723773075948 0.14436087633682526
0.7272591995049537 0.03795851761012836
0.47204741502749425 0.8522776262422707
0.1709027127110736 0.7474782380361247
0.35559811824650867 0.22356331328564083
0.5145698921823848 0.46887676265458
0.32872709912228526 0.2023681800553907
0.3253800824098215 0.5895234889472905
0.9005591365555379 0.4856341078380859
0.43966113585453537 0.5980377026922385
0.6004490714413692 0.26365220681669566
0.6935336320056827 0.06131192627319082
0.9808133944661936 0.5664045708102323
0.7291395066075781 0.48850951537028
0.4231207365910521 0.24334010752968227
0.2307970078390258 0.6850511782049452
0.45361453581134636 0.7789919305526866
0.7944290942168388 0.6018852947670925
0.9299004139807476 0.736541930701478
0.21616280862348947 0.34159166533827867
0.40297648363080874 0.2954646497423391
0.03438877060594747 0.3993882945717846
0.4034106468847478 0.9539139142854279
0.6994662546827992 0.004306445717460972
0.9590835985026549 0.3714794710602858
0.5724721022046367 0.9678703351630826
0.9692629676120218 0.7179785876228247
0.5451095246777272 0.6135211286215939
0.9691485114783055 0.5981386371971595
0.6551610805441999 0.43884510799446996
0.7187348177626051 0.9337893910075364
0.26669705341229455 0.27436982636196117
0.6685058324497383 0.20120931077911652
0.7768802546368764 0.4481113690935571
0.48586181843359333 0.9606493923833498
0.5769249182300636 0.2754762081957929
0.39434992511379563 0.9372511553498855
0.8465886457161059 0.5763296560755856
0.1527644532911674 0.498562723794442
0.3310104867842546 0.5148452041557522
0.3207651635289368 0.3409297588786273
0.47763724163974386 0.37391032114628275
0.10950672566042718 0.6549771154519614
0.7343084582343463 0.2503916034934852
0.3017693000579822 0.2966144968031965
0.7337249452565018 0.30962158598431555
0.8212158376110414 0.5120445120536617
0.5608553420146917 0.9050996065684231
0.7605606655099599 0.5974897137819846
0.2905787975349142 0.876112087874344
0.6254020144447222 0.4158155121507172
0.5208062883848742 0.814279099454508
0.21479078098671656 0.5776783428814433
0.5900488209388158 0.3045404932230892
0.4916270861070885 0.9727684610750393
0.43843651511394877 0.49730300536617933
0.45871054679745615 0.057255708939814354
0.4665516228861849 0.007465044291129708
0.4287442580879096 0.9432848424535754
0.05004123669902971 0.2766110465601779
0.27049265661301813 0.9976544537092886
0.41670622838913374 0.4999504898478805
0.7958753553275643 0.7398161519938186
0.9466264589524085 0.7375826447985496
0.7232151348122526 0.7772398134708135
0.3470471772296224 0.46512856116358214
0.7887494123579208 0.49569697963159165
0.9330253078651767 0.5012525160057941
0.5259991258389913 0.9076778608790691
0.3572439859279861 0.5163127934851038
0.42951537696424613 0.47861767868329397
0.2713288466989219 0.73205611934121
0.3621645200139091 0.9198434237950263
0.43415516019959854 0.5447623604459899
0.10457536337351792 0.5213260215871629
0.5097013967486967 0.7726185495180561
0.09724601579969339 0.5903151132215785
0.25526468884476416 0.7262592017334021
0.4203851041902378 0.5924515163953951
0.5742827976126621 0.22824652500890363
0.23694051199421806 0.4038846049039285
0.41112842046332676 0.4525274128645085
0.6882502868287553 0.2846228722678532
0.6745681139413658 0.43704612477061144
0.5646925722954369 0.6446898745054866
0.5891484795866244 0.773829347816565
0.3129197349013132 0.7023474200912442
0.7069653216796921 0.6006567035492504
0.8217032331839196 0.3053911319207685
0.6050515204963574 0.9018160214691987
0.5883543224472176 0.9121614691829816
0.3056420685587923 0.938871070995495
0.6046261653512162 0.4170981604576979
0.9397537276795016 0.29712193523124963
0.8502449153888418 0.6571745491299563
0.6562721749010608 0.6777741492106827
0.2475560206532692 0.4003665896106724
0.5153349247782465 0.44903381195973313
0.5206580148572376 0.012773464638925258
0.5966910026990482 0.22899099292287972
0.908723174121084 0.7307761057412242
0.7953339457686927 0.3129342962064169
0.19098815158662397 0.7235650687453574
0.6505204870504858 0.008422447361181251
0.7392361385517671 0.836164284406834
0.6976386423093439 0.3960670645340313
0.023202365322689267 0.39646353385735267
0.95491536701279 0.30476997646837145
0.2836836924241397 0.4114296695600512
0.3977728779373104 0.9162787583646816
0.5382139663157468 0.1864407926288406
0.1855773472889929 0.6354707072108408
0.6963696501416811 0.03035052612063527
0.7098340848605565 0.41134273394502274
0.26963961119647284 0.6651528193358224
0.5355997719238205 0.09200769605215575
0.5222970666184046 0.08011534720494085
0.4977740422752752 0.7228811003365833
0.08131976287517972 0.31335928944384595
0.4047176628797714 0.20463965991840904
0.09346068138279873 0.6997291187129056
0.19731861042444676 0.27955738795901186
0.5077457572962133 0.09540292929763494
0.30960517374726815 0.06232072402492839
0.4331471317168957 0.25961678474129857
0.33591966231293646 0.09821636011959434
0.3535634231017105 0.8457658787598705
0.7523994931832887 0.3220974596250441
0.9326991708141779 0.390467210773348
0.3406632391009068 0.07737838303231914
0.12923268065742521 0.6004199646474941
0.29546239103687455 0.10088395080087464
0.7195569340218376 0.7254243752688649
0.17950009895791486 0.43680216905106684
0.5358934525091629 0.3438733149292895
0.2768800695142509 0.3848588478381596
0.39404915214521097 0.0494632119408428
0.07392638970627152 0.30840277417802364
0.49914446828407477 0.1732161768828563
0.6359226945360479 0.9500905632939602
0.4484887080166622 0.4175643615155602
0.5666078267096498 0.9662242960271172
0.3404049007031197 0.11938194976468208
0.48814264327319357 0.1601843082644112
0.6457302648676647 0.6071667167092746
0.9799452982682869 0.6852573990215661
0.7827108148263819 0.6427288829791946
0.07484701608960265 0.31944582934912413
0.2416257464237086 0.25595932038992586
0.7298355012556069 0.8005617618887639
0.01981855190470927 0.6771425565892774
0.6175979834890373 0.11728027376798889
0.24172782942497695 0.6995295272884345
0.5564178720458615 0.9166354994846769
0.6874605026249188 0.028967689776055794
0.2840549854706794 0.08677677345596113
0.5859429830843095 0.6609440926932499
0.6905426563397775 0.7825157890380594
0.38499958002649826 0.19152889883388136
0.41047947342371016 0.24950865119916743
0.32506268163514973 0.11818380149010188
0.03311557250959052 0.44389411911222865
0.30944595626990223 0.681582449762015
0.6021966546524441 0.42242737101154093
0.8272170540406216 0.45947114996736926
0.6899382494670903 0.2157045553359599
0.7243085066274486 0.38887482098706727
0.13314087130523455 0.6317915524914528
0.303620866787468 0.06729278851114029
0.25605249023257326 0.040048678547601524
0.918575710678112 0.6921193214288047
0.24641617300629082 0.7201147587055351
0.4906685093429747 0.2545651758124553
0.7338760563519627 0.43341165199635745
0.24477557541241468 0.2808067686400495
0.5202257377766688 0.5981147346535223
0.4609182944181529 0.803283119228062
0.49256636131871323 0.03207639808407159
0.6446092967237894 0.2494232799043704
0.45837481222123533 0.3192063800319378
0.3419488718484712 0.1550412754309406
0.6660387453072196 0.0053419535124316075
0.7469950433574282 0.016893128970362548
0.8406516502274937 0.42506064403170085
0.6422735447122887 0.7773377452846629
0.4202487855094519 0.46655899393824507
0.1442522579328538 0.6331260330154136
0.3934662138672175 0.7309930674677816
0.22206711284105385 0.257291935537017
0.5633766996294783 0.07107802312879996
0.5010206482850633 0.18025376775273771
0.4728456165220464 0.6605772303649076
0.8002096622787714 0.3924352830120511
0.12439140680504501 0.6186844866486836
0.3830981781991859 0.28052786624076154
0.6195117417546057 0.027616747754863002
0.438939003767987 0.520898015761123
0.8969151077167767 0.4799832340966299
0.9007310466057481 0.3727615894359678
0.49938441832493974 0.41804731251612137
0.3362281151982204 0.7112691287808071
0.5162086070583114 0.5019310403610607
0.6608930517629985 0.5982202016117466
0.9802444312810983 0.7283263637252855
0.41929595428610633 0.584314142521965
0.3294061506768964 0.24492692304046992
0.28090952552121606 0.1442684456962292
0.9517994986743556 0.5651082677255312
0.545698815535639 0.06538052972552921
0.634313164739843 0.4632480775452905
0.2991357563961873 0.46614496178582177
0.5283167715753511 0.6723504346797041
0.761563866057127 0.27361584763131197
0.622093918467209 0.6214002599330405
0.4122474877847794 0.7670112945895055
0.032736275223435585 0.42131662901635614
0.833078147689931 0.5781723615104136
0.567389370673803 0.9101204739898267
0.4878267810717627 0.13193191891687173
0.4157311006468706 0.16174997154482362
0.7422721624108416 0.004790626905926354
0.18521005384946976 0.30899078210834685
0.4550397902131179 0.7077391962872341
0.510492459321743 0.4074609814235667
0.5191293509005198 0.6424889040845023
0.7438224803781074 0.11534721443940199
0.13480708334868075 0.5177481885668888
0.6122867356798751 0.06745224529070792
0.460702924953713 0.7432063840217685
0.7363201064775435 0.11197252357041343
0.9118928916454543 0.42420955835565044
0.8162085457059011 0.5096881214510003
0.6963217065164755 0.7681705305067708
0.893922536952016 0.34367252073819343
0.3160164191177218 0.14399538476657214
0.44653006897916914 0.12436198127888132
0.46357167079921335 0.22955770229382955
0.7042371263823133 0.8969629480840887
0.7442128584503479 0.8695418960090266
0.9821505186430429 0.30232014739453084
0.5237150457158662 0.6667624149200296
0.29442838768261415 0.2548602517995301
0.9956377956096155 0.6349553371221712
0.29223850452035116 0.9521068240404423
0.5520153341081533 0.1884932055787627
0.1545344858583071 0.3567681053871996
0.6226416422941431 0.07903874245975728
0.19741333899336977 0.6561464041169077
0.6776193986845201 0.18911962235478164
0.386450157054851 0.002884898700212468
0.6407981869187754 0.3808221113155168
0.7392890359620544 0.2399358274228095
0.8301186192169311 0.7108312904323164
0.7125144938744152 0.07476031640873826
0.6057362951324087 0.4707423626934837
0.09411883015295819 0.39657027098581976
0.7170101385231172 0.6397880869360617
0.29962392398915627 0.2280945370137879
0.22270384638884322 0.7129163453021926
0.6472107192003616 0.7245652488779293
0.8764208941119338 0.33817450404712746
0.58858503348608 0.492783491838674
0.05822641685352625 0.30357599345925523
0.30189818170344884 0.5856926003744917
0.9663774056333743 0.27592770199121586
0.959263949190222 0.37593473921190346
0.0065790916664590915 0.3104399496272173
0.5404537300946368 0.6691050175946749
0.33628250747448485 0.7456580238565161
0.5321669918735966 0.2257535930435216
0.6318687856354344 0.3955312987672608
0.502314276916066 0.9007009791947396
0.34203676306093367 0.8598424310757669
0.6171900138717212 0.5022048937460183
0.4030826783594714 0.3966826068372169
0.3688868279592151 0.046868249623649105
0.5806026341342285 0.47894689939466983
0.22248695174711142 0.36891810993323737
0.26879002635921057 0.6576034312424177
0.09240888285489379 0.3084854613527108
0.34835871384798034 0.2391405654280433
0.28468293248093324 0.25437747618190465
0.0639582835990975 0.6921604350725907
0.2560444487675182 0.6091581696352887
0.6890738405291462 0.97854068071418
