2 1000
0.9112185854784818 0.8626836546850094
0.4492940577367832 0.8865550697482716
0.99125382892482 0.6804810115001092
0.7956572130782169 0.29711732918245937
0.22849591712886563 0.039905271874632886
0.6566116575803737 0.19180292025512635
0.695421681993098 0.021506421930111652
0.30770516127405245 0.7684617934679775
0.6636788965704457 0.27559331991168023
0.33728498671002594 0.6380134629282548
0.8885771974281537 0.29479622805818617
0.8409733631790558 0.854394467472224
0.32813464183146035 0.21130487706435985
0.8011035907280439 0.8821475571195656
0.3311881542286922 0.42267237739517105
0.43319450755663524 0.7982212913894645
0.04136320350131539 0.045357497728261253
0.9108771588208769 0.6662001047624365
0.15092873443732924 0.28304923881502
0.42107146642637727 0.44490455253902583
0.002098808741277991 0.6045314837087009
0.7943078497557001 0.056846067286957735
0.5515399235059767 0.4344261308959
0.39100913815081395 0.3034567757183414
0.353379826962295 0.32273685676874375
0.27630454359510326 0.3074059412647886
0.40851807470230805 0.32258537231630424
0.016323206486325792 0.5533432991451509
0.25846277912318194 0.8424747761127014
0.9382882219310164 0.24929517958807978
0.7777484777837914 0.4491910156148592
0.88972245968731 0.0187795432496084
0.2658431011939112 0.24191403839147096
0.0385853256636457 0.44547929391388863
0.9510214962973517 0.8580400354509136
0.26142008020957297 0.8024564872158855
0.6074387192257807 0.050038892921867695
0.24032279235659781 0.5686393719352141
0.8696537945054829 0.07351568726559254
0.023584698537348125 0.41575227199960074
0.817822255526335 0.5809940339559764
0.3297111813563369 0.8205869711174181
0.03173104225871226 0.08331619541783941
0.9093876453859406 0.3644899879596847
0.1864361704293842 0.68290967222835
0.5867873039459324 0.9714387403503775
0.04211446310912614 0.5925313649539778
0.25268785272100347 0.7407101151961637
0.9278862200682613 0.9046678970090547
0.34063623308515434 0.7774084906806655
0.5881904092420904 0.03781934037574741
0.270630481501254 0.41091535164360726
0.763671450355349 0.7958137297419077
0.38009925518550247 0.4031351243089535
0.6912120372250201 0.7995144561489463
0.8472332250419069 0.2644367066960618
0.09972105204505244 0.6337150294787959
0.9083056010168397 0.050290377388456764
0.4172329109614602 0.2209826591391687
0.7092158739667322 0.5687046235096984
0.08482987228989247 0.9667735327291774
0.9628028481764495 0.22155750450086265
0.30551519454008425 0.07455815796878829
0.231451371824426 0.13185358908085087
0.3016533634890628 0.06960060466047635
0.22154316382025496 0.11035791058427868
0.7148019089650961 0.8509138481254861
0.6883525044342527 0.05834818213131865
0.14912478422848274 0.3233631756256947
0.5966937197555938 0.6423382011941129
0.284976515035977 0.2638897129357498
0.29548468500908254 0.8198451210829404
0.10856794423388205 0.33667037547275613
0.3706104755792635 0.30706345412265323
0.42036014188213433 0.6600339454284535
0.27460281148187193 0.023966286264840875
0.43123778356282727 0.13120586814081425
0.15469344760971215 0.3578353623532098
0.27596822866990167 0.7508184215948914
0.2879984767925078 0.7757680944092403
0.0017642792441924238 0.19978698253916216
0.9901656589901783 0.6723352747531985
0.6222856149096408 0.21979330670823594
0.3377735125801544 0.19828514148866805
0.017798894775528318 0.19584329938223866
0.7858722921013065 0.7462975726375521
0.3303422350704712 0.2586548699631859
0.7090325086513618 0.9091755456513152
0.03526684134830771 0.015635061863476074
0.36723060208035385 0.2743947644923449
0.6713944993405098 0.07330581108304923
0.793907300676597 0.3669797022553495
0.25194446022883843 0.8870351260047823
0.3560722918365613 0.3093705948678488
0.154867573870466 0.715534877758607
0.7965057075197047 0.08423555508445957
0.911372309244992 0.7453338777291272
0.9408370433979422 0.3981020338397008
0.6367002986344873 0.615022254641553
0.44472122219251664 0.5576501325194109
0.25398459916460836 0.7753262574227451
0.6469295538198531 0.2785214861922156
0.12054973359774557 0.0013532347946799694
0.8347279850562321 0.3928821075427438
0.24751543566064893 0.410645456811383
0.19009907454821873 0.7766166604860847
0.2156152166409252 0.6173229540358968
0.6444234240255315 0.6001923000496945
0.3227599980465494 0.4043471897570611
0.9371293770857504 0.3846720476901243
0.02915923622566463 0.8250422105070027
0.7449190039612069 0.981529758847604
0.0020579852167249557 0.8928082287960233
0.22018985991298934 0.3228275096794222
0.16217616858207007 0.32867648388110327
0.17685942000241306 0.32165061732695954
0.034853162136970095 0.113356618881575
0.39625980245320414 0.8880044593905917
0.8868433100811686 0.2515275212972157
0.688546592377162 0.9441583359865835
0.22788186705040958 0.3529265799394815
0.5940636688703116 0.9899999669871324
0.6709771686902789 0.5949289707442128
0.8235773797032914 0.3926189249896853
0.39872458825904633 0.33106205249066634
0.5864384252024386 0.2803004725172412
0.9258335919116822 0.6155196570513665
0.9847449120177134 0.23267199421707452
0.09216891070255417 0.09458828142451359
0.5605762847945319 0.6561123439373819
0.7797111877526306 0.6705258401149049
0.24697328767568738 0.7758435241175009
0.060907248082580745 0.9170835563143309
0.24853771581044093 0.6681742213272361
0.9555622109458756 0.3263630527743062
0.09425238022845561 0.8550469087132456
0.8422115003038863 0.5860041514051735
0.2634666451110127 0.9627473378579112
0.9490714730840855 0.9286038234117706
0.7131283929584031 0.5864189130558547
0.20733508993828498 0.8112808126641288
0.07636143171049459 0.19925927554491552
0.25021917536030713 0.06413435832346548
0.8447944972312094 0.9971175914675906
0.18661931261731524 0.9870461802936414
0.8233526709684247 0.2596693558269214
0.3708494551483784 0.8183754552037613
0.16804381651502032 0.9608059734913683
0.033801090745032236 0.8491745662448407
0.7870497259645186 0.7795574761333394
0.4493280695847053 0.11785118368462744
0.22004127293901876 0.10842826817117257
0.25411470158548644 0.44737141162924143
0.23645894398493983 0.819964670662616
0.68789405633106 0.43759980012625754
0.006496079997049153 0.3893036281080262
0.27662086950313325 0.19027667148858407
0.9416072183497077 0.8453220380582618
0.7626531645473859 0.21337357488370678
0.3236871895233323 0.1572010613774345
0.643356312941159 0.26473440471361454
0.4288115103240958 0.7401208576324813
0.09770699046706344 0.4444841012948031
0.6368259506125 0.5696107422020633
0.25517738654568534 0.3227515676452861
0.5767515160743127 0.1357816607711123
0.7098485426952134 0.7186449090012269
0.7797455663116213 0.22982198273273047
0.9024607397560563 0.8321242100681665
0.2725897150222034 0.8481876652628593
0.9110004118633381 0.31954384854227635
0.3115355003326733 0.26177704070843644
0.9606040635235031 0.8140875706408363
0.09732849937134103 0.37046550448978577
0.03835211511337233 0.18996926778286471
0.4288927890233204 0.6008697924287765
0.041653450292771454 0.7043474263660293
0.4030015369474613 0.8277509247883744
0.41815337484988546 0.9947471708893133
0.7893309475574402 0.1360964652606279
0.9089049284115209 0.6179021227376855
0.9804705185795867 0.16605665752707488
0.5581940948724687 0.8312540442147525
0.10282823312826472 0.060774550025156526
0.17140365328437301 0.4212911613166769
0.44658649456112365 0.6307883558065539
0.7936171487956889 0.05194971055237041
0.20892017553084474 0.6085668708320601
0.012144382117677766 0.6051121470350705
0.11060144962088148 0.7218411945838065
0.4429010523324196 0.21638810938286213
0.049291556079758436 0.29317980968839996
0.15335995710297246 0.7096457228299963
0.5808694617713582 0.37748763433507604
0.7494719038675907 0.9102626515578967
0.6056812705658183 0.7230809394029701
0.0898372167685938 0.41260850321051634
0.9326224323810975 0.5893354055216092
0.44469913985812837 0.8553091625983297
0.18879078231791413 0.9044946413403913
0.239738834947836 0.3394619615307408
0.86316742627974 0.16664817271974264
0.6457745552989075 0.3565018681630453
0.4490626486282623 0.9414817245582767
0.6878909881759957 0.018500051087736225
0.7558986946008879 0.6164092541905801
0.6056143371385306 0.5953142165717865
0.8405263450550708 0.6838363512634734
0.7707096645429277 0.02203363284537152
0.8070886547931875 0.13116370204604177
0.22708377506989164 0.07875693741363476
0.14293162397558812 0.1662742142475142
0.17340644403003824 0.6929593703411968
0.6722572583198351 0.9998942906675327
0.21227072670067504 0.44904702580733513
0.6739425605730582 0.8474115807769007
0.08954280236337164 0.12214845622893755
0.9492836089210291 0.23791078787798925
0.6586877121344931 0.11668509728173959
0.2289934856570509 0.9396040996725832
0.15005499944503287 0.9440597014210039
0.025318514408222192 0.13240102758879257
0.862073822849854 0.44189040996579276
0.9799040624112835 0.33723820525521486
0.2193649084171665 0.050431179334938014
0.21138861837737244 0.896815039060188
0.0300414922366935 0.6595096891930218
0.9818331142325172 0.03756457310344563
0.6226979930981091 0.6757433666455642
0.9459457497999537 0.8824077301503391
0.27216042048123446 0.6378294857821487
0.987972655719896 0.7977477988942111
0.05115640706339941 0.6256316833215357
0.2922363442283107 0.08617900047679117
0.02761593878520152 0.23421535716425557
0.7990978567123826 0.02616896863215512
0.8805322135768785 0.9862964600057459
0.393460079156444 0.7174600816027287
0.8862597737685044 0.242695766842989
0.9705397805289663 0.23511111652316885
0.44674258302388037 0.6639467822958053
0.8298772968728799 0.9273052696672218
0.8670736275505115 0.30519075199932477
0.003863642733266892 0.7754518714092606
0.7926550092078695 0.9389273578451904
0.4085790400092356 0.9627125796801771
0.4216986591071459 0.7134112795144132
0.6113459096554357 0.6812693636763505
0.7447305512220913 0.06330084505667677
0.35212689756082205 0.9561088707250323
0.6403880428989636 0.239882214701295
0.2596007287634392 0.13955436434771906
0.7105213949806176 0.8858241912962691
0.9021662406333051 0.17312822788719684
0.9472679640361923 0.1095982546247134
0.07488943277896531 0.9079070323497294
0.6331257079339727 0.6242861883462759
0.9010947472895044 0.9821061161678171
0.9311622776379167 0.3295091442644613
0.326024078998318 0.41906960126885073
0.3953058413561402 0.8939583628677938
0.20344500079221406 0.13554994283432753
0.6625738690317374 0.3409889689535128
0.9648155878908299 0.4241658562085757
0.7088579691356645 0.9680075857609617
0.18378304178219196 0.8705763819107347
0.09425784966712536 0.7300939942507434
0.26056505316058187 0.4258368331582333
0.7387903365643181 0.8630385408414749
0.6846395550427183 0.29309301380358066
0.9506130322222576 0.24132094330148968
0.21056436285258262 0.8350253302635275
0.8858822919576894 0.12022270661406143
0.6922278829126354 0.8982799025610658
0.8002913677807082 0.5741966605844763
0.24507188419296078 0.7083978826873405
0.5719914035812655 0.9817948274778352
0.9964546803923684 0.24304967990278292
0.8362049887068298 0.44702058210138274
0.8142233186308083 0.1414261941524647
0.8929414311899396 0.06498778300681496
0.3939020610952687 0.44581289913061095
0.7600379939149108 0.2551312440056842
0.07671165315506268 0.864769782332988
0.7452123706695778 0.09654295397053714
0.24433090822342585 0.17089004079908265
0.7256040761459246 0.3147659929002291
0.002131575159280419 0.6930838809524285
0.04128218995581068 0.24190016356123634
0.3410701550122952 0.6895597257070298
0.9977391130610895 0.9686649338876413
0.30594750718626973 0.7068334710028762
0.7521719104644474 0.06648277291282301
0.6700166065474592 0.3869841444181682
0.6268177801558215 0.5537894112086537
0.9856774273139368 0.06330456339519486
0.7561600063791373 0.7006228698348668
0.8583928465604852 0.8756272978048701
0.029172927183942043 0.07353928712562952
0.6834315851460394 0.1489143356499455
0.7832620369097059 0.6818035876019235
0.9592005102361126 0.5700391301859022
0.8106672301431399 0.14112731872296347
0.7604460639469509 0.3729684952319732
0.9343325753503146 0.653964569376459
0.8015545086105229 0.2205831515448743
0.784946578553969 0.32054105971313607
0.012917797220799332 0.17022474678434896
0.03042410357859815 0.6958713732668373
0.1447379008745877 0.35046132323385226
0.9205434718487772 0.2808888022633499
0.9732179468296748 0.9641803297523671
0.5932123665298757 0.12976985701937793
0.3045213728713392 0.7720477593574678
0.29272700354459635 0.11739142478215758
0.07864392817009314 0.053560000762276516
0.5903283565131534 0.7971889494736618
0.12676850714071508 0.8322475252140262
0.9669867540392256 0.34824252704176495
0.0032722749735255574 0.0789867056111444
0.8518979672825895 0.05073594696897943
0.29255531212896724 0.766434534921257
0.6528164209140624 0.8313434267612583
0.3700417829863558 0.44530923105885034
0.4338661531549265 0.32426131737505093
0.18604157038674907 0.95582194678054
0.37505896085911083 0.7597920567495186
0.19286571804136488 0.3906062333947754
0.37117279970850126 0.3704344284687311
0.18913271505178775 0.7628351952522567
0.71554932689144 0.32859269142369263
0.2890741585283466 0.3811456950864742
0.597789872511487 0.394882114589577
0.8625538746736872 0.30401804424353873
0.34396308137975273 0.06493283982179254
0.6612210797796693 0.24173914067138402
0.030004098048810768 0.113757977552294
0.8367329139944922 0.7117286708085312
0.9424405569230544 0.6154355000956183
0.6046265840686738 0.8945380694655931
0.2935404835052807 0.2752024663956719
0.10958256167442948 0.4252988339797644
0.9997772854604711 0.09898855287158737
0.15175863908100506 0.15209949828497316
0.1677262280775712 0.15651695636013896
0.7186506912896858 0.9469885730683212
0.3613908424707474 0.18756433730727018
0.1622159891807834 0.6523163399002704
0.7514097432028402 0.24138247235140775
0.5624225840974041 0.04085051108698834
0.7009461831791239 0.7898923541707127
0.7454927313463221 0.4456256802278368
0.2384261950143356 0.33449135476003145
0.08612304642200908 0.1622628310678622
0.7885422843170348 0.9377666677964445
0.07413729118175127 0.07524559990052171
0.5556749777003128 0.8191961146273274
0.5798190851167768 0.6732801849855508
0.5920503664573129 0.05034279193676949
0.23366805719414574 0.35234415010247055
0.9433878036258221 0.7316576238057996
0.9481164518831898 0.13531323961480757
0.28446668716652945 0.8936754718818801
0.10539928576694191 0.6743295494978638
0.24613878181220772 0.7591349899918873
0.2802383957524207 0.9819372632713615
0.9266011125486039 0.8005477751715628
0.970227859670469 0.9303137846489835
0.8288277223596936 0.005298006885263495
0.5698038866531189 0.9987823567985266
0.29214657011416767 0.08432727120442207
0.23060322555336887 0.13968020435097728
0.2283441627937356 0.8918106985035458
0.3453509562897842 0.9588398007905785
0.5701688849632743 0.6479770403462175
0.21515534495696764 0.9115194887658461
0.24908254718006007 0.14835843474646937
0.6025034626511003 0.602201897023691
0.029403886398590817 0.6114709312670191
0.03042144161823268 0.09218036314664346
0.27710926063693253 0.13827104989523942
0.8752804663964502 0.39769815074871473
0.05700708211997918 0.9014433842340427
0.2662271156739964 0.41013704429008124
0.5669949728259921 0.08249509028268975
0.26076532184805 0.601313370249055
0.11588855199015113 0.12035097186976773
0.44038470775027316 0.1778455352987951
0.13633089319167824 0.5971256325573754
0.3416895967294937 0.8817614442327408
0.2321419059434756 0.02455068742824218
0.43484981146704715 0.8523568331451574
0.1677514081654311 0.8757396940763847
0.6748933563411675 0.9989976475341604
0.3480156624187303 0.7807346189746679
0.11986597605947291 0.01292451921831117
0.6575000888565284 0.3833072585326527
0.03543666476490248 0.6096760364878239
0.7128730254733912 0.9819815698217502
0.6190374752340727 0.7883089817824315
0.18618161195211824 0.5810175046888191
0.9617266640164971 0.24713765549931455
0.1492737968903891 0.4388448792853804
0.6277032566352343 0.6207438030764794
0.7716710922317809 0.3418562133775169
0.9574525566810393 0.6552978266075064
0.37454718716732915 0.27971498944212914
0.8048896651578541 0.9277566777612494
0.33602437826228126 0.42069539110517895
0.4229528281383639 0.2884176186209495
0.18514487236200994 0.6642511831971526
0.32111422615636376 0.738115080465713
0.07506927667522001 0.11843476463401315
0.9758657265715289 0.8301507996755721
0.4020078002358012 0.7613415078496554
0.6789957734314155 0.14919908586472197
0.9254810724828992 0.7546623209393215
0.6705520873107764 0.21084236062698047
0.25407242311000844 0.16340172235369999
0.9968054643286357 0.16596721776207535
0.55351654451442 0.27485936697008206
0.6381683795505351 0.5908214650153646
0.6114166937361164 0.251549176541474
0.033581583941393434 0.012801733983056618
0.9872879106889394 0.7341071585023425
0.6460598911191995 0.30610026730785733
0.7456095138191408 0.3629589393784787
0.7886628465408734 0.57961081778131
0.99273318223695 0.32904015541449094
0.9518505108206275 0.8702203422042751
0.6275834609871761 0.8624249702570544
0.11474329087449642 0.975956339383384
0.6682367924560771 0.039598686452492426
0.04375127827258929 0.13807808174015446
0.6544316023949118 0.41279316868419613
0.9952816073227805 0.3679990936652421
0.8697289259394424 0.5797199399949458
0.7697217156882517 0.3926257261860753
0.655259426968698 0.9204898506464857
0.070414791976663 0.5854700715839715
0.6619102540715315 0.9159058795213345
0.17061509634221128 0.13022482065848806
0.8060109428452017 0.12631032527104857
0.282768972777096 0.03231285065461764
0.09313020285370466 0.7440365061524017
0.632831921319703 0.9969858841106833
0.3015593897505585 0.7028855388382838
0.350536165200502 0.36193972851174316
0.14839574747116546 0.368231901223133
0.6200733423792872 0.2306646545368355
0.6033136360252593 0.3164000391383054
0.2044185544232453 0.3277326682804599
0.5884887442350618 0.40123016173843884
0.8187340778130671 0.7488661468927189
0.08703646743153381 0.004877692072097317
0.5581286354460268 0.8776890937623723
0.8228925172296452 0.7587939203924079
0.6008944593598192 0.5895403876844031
0.6365297026588371 0.30020319210669955
0.6789563159889261 0.17981775894136087
0.23402208225936172 0.6335614182456917
0.3714123476255201 0.38504016829787957
0.5742474324213644 0.0935531796666157
0.19311458350870037 0.21722448177969345
0.8302063278689731 0.6418238052605725
0.40208866642651175 0.1775055931786681
0.06501232911363564 0.4309035225146419
0.4207581229892934 0.024654274536739518
0.2362452044738914 0.8189158859849504
0.17707153245659046 0.9802865108087818
0.44847623831969896 0.9500011414594
0.9792690422163473 0.32212846926278227
0.8541646723789643 0.14758419669088407
0.7395497025755395 0.6568847336854663
0.7393641769033068 0.7100527028057618
0.13919819974119263 0.2967692177505059
0.7436298293476012 0.17835294370190113
0.09939585452905741 0.3684409584126853
0.2100519459226584 0.7517289789454659
0.3149663195437108 0.5757048287924054
0.31453559471015324 0.43128385172902917
0.8802828488533149 0.7158436394007078
0.5902693211424727 0.7554832676589591
0.8464171196819211 0.5827573846658901
0.708247538267188 0.6977432047059506
0.6636736855407548 0.008048678240498708
0.8373246011430922 0.7902629201930667
0.28975680811174476 0.8859287234854926
0.7966197297863477 0.9439566982994317
0.1812948023806733 0.1574407989474096
0.05126203702904031 0.22047785725998426
0.08945841871440174 0.27150855539196495
0.2916293753736918 0.0955956777216308
0.8276027695820539 0.2264275148426167
0.3660359442646821 0.8513194875138529
0.34154010875928886 0.7403563665581099
0.5769195445066725 0.7048882275952983
0.22730296797521055 0.8935595846997715
0.44060258728374724 0.5677020080552495
0.7232911905884635 0.9400345173766697
0.9131997132127634 0.6631106809750688
0.27289132179393405 0.9983024703344778
0.414160015449093 0.7348814717530511
0.3617334539555437 0.19980443639441003
0.9221099221822232 0.6695830445347415
0.880701803734855 0.2649326963702292
0.14128882555206113 0.2416962244522064
0.35137003800317423 0.9866988204183716
0.355726420249036 0.20868355345455758
0.007482711992995883 0.1603977095580913
0.9837537022982766 0.4467097543261671
0.05154520138849905 0.047954732054954485
0.7181581299893859 0.5851336658886855
0.42370325329864356 0.267774735015641
0.5702051808884553 0.9745117087723726
0.3535439650163643 0.2789935069392182
0.0012620904806378563 0.24558585499421715
0.9802096879482123 0.007082493389304667
0.8913489902394067 0.38046184812858763
0.5995556439813318 0.32400714745027326
0.3322211178769582 0.04947524673925929
0.569428455965201 0.35215867397561273
0.2920870501134418 0.6573073356809263
0.9643904350948523 0.26604268506840134
0.638059869467165 0.5575158133664083
0.21816428028246215 0.7455535952713647
0.2801430436334047 0.2200810860812661
0.14688507582650323 0.30816850738253365
0.920819960914635 0.07180997340304418
0.9923143761304156 0.4441510638650885
0.8613088548272574 0.050436038336682754
0.31840018806741155 0.4230863042864522
0.06748728089841105 0.1839809861351882
0.3218218816147028 0.3989312860912726
0.7717274451980722 0.8053765319971463
0.6319208346864457 0.09147112323828377
0.6218100855209444 0.9453072594596793
0.8030780720462244 0.6132388219583519
0.8278577759548046 0.31606673516810635
0.40564746993346046 0.665947188726168
0.42120610035476713 0.7116667944015984
0.8022932879520825 0.05770128911153727
0.19374419695379408 0.010482573177571841
0.01066488529100551 0.2625779638342318
0.18883191608026584 0.08426136896252023
0.8406104979379836 0.8175788824233248
0.316220282463921 0.07080265508688133
0.8348133756166551 0.32095355222344946
0.3570913496261471 0.43615371649595025
0.8457294853521113 0.6381216495441431
0.7370390359951717 0.7193238201848952
0.9733810202187383 0.4216911917235533
0.34463203745812987 0.3910842821540379
0.42694435363563754 0.8859931783529178
0.0396651365161963 0.23529659924369462
0.6540602111997073 0.221824840407161
0.8408819722915317 0.9650003268623957
0.8236436301782465 0.4188430402645825
0.2614821735287758 0.7866199656093319
0.8398337079157324 0.9399700453262313
0.12749437056410562 0.9185453536017457
0.4003997322695373 0.8781997796855661
0.22534322245811855 0.17477106199397774
0.04031360360202896 0.7123859480762065
0.16971634153286175 0.6903873919043892
0.6593851605180787 0.021625547799048017
0.8232660678181095 0.031982922633730704
0.7035424230970028 0.73843072941069
0.13291523773451808 0.9294765042781788
0.654274062878245 0.5755429025139007
0.9223183947673029 0.29881742028442937
0.04466256410778768 0.012187319726064905
0.4215456027766805 0.975874160335648
0.04355816596197015 0.8235457300369582
0.20790826320885814 0.602519718902783
0.03213836134765902 0.9014774233498839
0.8631629185245472 0.561910229261751
0.3260187552584036 0.7437869021233686
0.26519105154265543 0.1923089691393436
0.27676469921248914 0.3154808865520219
0.16804525618807642 0.360162814706416
0.39918225277480757 0.752926268228506
0.06016233111550251 0.6004482945459417
0.8561253202420852 0.8945540259728924
0.06433841908360138 0.319973203573241
0.9578057164349457 0.6483889043291614
0.9180690914399683 0.262081896039967
0.9173157209072712 0.736346531366193
0.5672739768764946 0.8603929690128963
0.3598122874015951 0.8115012720523219
0.3703987967312301 0.5779048056815748
0.830776879142201 0.8027981833816511
0.8764989823560022 0.4094191781838413
0.8954191803701012 0.7790024637361902
0.6710508501472994 0.15481912917641005
0.2591149395515798 0.7264535062684567
0.43339074969805147 0.35473851720421423
0.11180721882742284 0.6458803008461388
0.27460370026248826 0.3964264905510074
0.8182238322645317 0.22012562596351393
0.15877817980465248 0.8791629498708361
0.9614512211203378 0.9452109222279085
0.34744243190293955 0.7282466121936548
0.9563077392337556 0.3593205256374651
0.3632461558858593 0.38531246978331846
0.039654974026892886 0.09065603562371827
0.20721694500567434 0.6723047496114761
0.3211598764827793 0.020698683593351586
0.2645254663553086 0.6194775232619061
0.14980244060942605 0.1999236991776795
0.9651262241274273 0.059230311461835106
0.6989155424303154 0.003823453848531111
0.5800418679224894 0.3815509854837986
0.6706513387891083 0.37456452565404497
0.9091617830389681 0.5895715768624663
0.856584349205476 0.7824194947349059
0.0943535293672223 0.632466991636715
0.14871706233566628 0.8230813409401118
0.9464481221347355 0.6280418047644739
0.07601743953705176 0.2124446028138991
0.019864481305939208 0.6426760184566727
0.83590401800313 0.2341136570822029
0.39729848209105456 0.3830447392401122
0.6080271207192156 0.31788228169503185
0.024635498452093563 0.5777406675885721
0.9786061104279613 0.5787877348761785
0.24451919716042403 0.22301534846541404
0.7884622157605474 0.5715052120005886
0.9533710328189113 0.1511444271326794
0.40326575886048954 0.910973855133059
0.9489929002078699 0.5886365356802647
0.9606183935189158 0.11190022767945007
0.18935692037344687 0.9565517556028568
0.2886755722501775 0.2051299316083376
0.16910512687533252 0.39254661450771455
0.9321810333805307 0.31725919435186534
0.07504274550507861 0.3245378766894671
0.7838754203091512 0.8671897241447039
0.3765789228082743 0.5710935338871577
0.3716078509307368 0.33932561097908576
0.8206032800981041 0.37755338542683925
0.40360444359015224 0.9148620404262141
0.5832016981301169 0.9656882989544416
0.7216893921752465 0.22268177559299973
0.013190297406203144 0.5810763897141751
0.31569940100951643 0.5510305957696139
0.1113757476847711 0.9476266687880461
0.34047939912305636 0.9578766853116625
0.010644573624703169 0.4359636630025622
0.42465674554735644 0.2594566300063468
0.4008414300388713 0.30766379774933783
0.2316180586135289 0.7436805895603688
0.6351618300292027 0.6569576745993886
0.33353280069780944 0.8335274945132549
0.3036426925958322 0.6804601773641981
0.6721765563225514 0.6324532276428577
0.3151837963333972 0.42965567763494217
0.38173049834968464 0.7599581547113625
0.7477436433268946 0.6767724326618821
0.29943238542392625 0.8596957628371568
0.23608820237912398 0.6580905224941319
0.2645979933373054 0.05236915390494956
0.9383879934371552 0.16737933771577063
0.7390322091053246 0.8257420293270906
0.28534890520026046 0.8630018125355399
0.8189107562046322 0.5552644260415605
0.7908688951195941 0.07633048664132769
0.6037815782172308 0.9199514312803153
0.826972530297424 0.9479302431049498
0.2181247367875664 0.3101453681438603
0.9860654136639185 0.18037109082688252
0.39782919140976525 0.3395946994739244
0.9922098323263474 0.9481051526404989
0.4097495878077364 0.4021804273490118
0.615797804028446 0.14032596413072673
0.23792396532293214 0.3990299997662561
0.7304652583880257 0.05171426851937522
0.7915450540997845 0.25602966449070774
0.6070605564922579 0.5660202903614543
0.07518642529345643 0.12194579739950195
0.6331629031243463 0.29448580313807027
0.003769857909319274 0.5847445573902322
0.7906477524749488 0.7418422008526948
0.006366470522326528 0.9375100255394571
0.3345650100822609 0.16596788333478218
0.17826254730123436 0.9042258537271676
0.3963687411810556 0.036680043093877845
0.6637487901579893 0.8158768765502366
0.2365675776761944 0.8796773753374683
0.7908487687218834 0.36309299652340776
0.30707399123253487 0.12362867022978208
0.8949479071994725 0.20779968585029307
0.00481171077492637 0.3293966601692929
0.7222533709709035 0.12191986602788263
0.6645409303143853 0.389110515892923
0.1308975483542415 0.8442168455313024
0.7832547241452796 0.8780965506018875
0.5872110195867091 0.6348347501434037
0.5845872021948202 0.308058280007689
0.6122558558825465 0.2047493716379476
0.2312849247756683 0.9617188533365156
0.029019651759475407 0.071686010904634
0.8035436708876704 0.3061372485523196
0.7865516817079448 0.9860708682470288
0.2713013671074317 0.9187638879036378
0.7021289867484128 0.8996098067966826
0.12283964583755191 0.41553243623993696
0.9443357403524839 0.04495881740224372
0.2999310993941602 0.44482060576960425
0.9992173786851469 0.6873269333909379
0.05605412061785442 0.4493136606390302
0.5698645772550588 0.7658445437395295
0.04330365603337283 0.699191098102312
0.8968565403771407 0.8877596119785033
0.6591976935264588 0.9899362454495448
0.12565632143375083 0.3833721920442902
0.7969542043454735 0.855243390641944
0.4094339931832155 0.2923238751591839
0.4038136221533446 0.7386182183707127
0.949639467038826 0.08195853828164823
0.9809582174399962 0.21654035586638587
0.8311195456770345 0.6261015376596597
0.11769040437340672 0.310780645356898
0.3761085674452781 0.3376710412027123
0.9816857670782393 0.6578538361327722
0.8257992923216059 0.06298183559563819
0.23573415314321755 0.8262177628022361
0.0602614424934117 0.9597050777765636
0.8592452155595484 0.06949369587971999
0.4114599663493991 0.9145116941115707
0.8776628346900409 0.869606265223799
0.06041219112353613 0.4231519710993409
0.6758676655444289 0.04967331935697861
0.2784994990050492 0.12442634102126482
0.43536515892865724 0.6923849157492965
0.8366593397475919 0.17594351214891646
0.32248474373941427 0.11382940586828882
0.206207567885078 0.0531546318020133
0.9794729725462357 0.34321300982671565
0.19484894422471843 0.0477226339682979
0.6498676139380952 0.29137978026379596
0.3172789644332086 0.587234861316738
0.9337119205371293 0.5649494141245542
0.12108527698925176 0.07935873328057585
0.3990675895162291 0.06225187560764256
0.7816347183463679 0.5536385098606713
0.43928758639632426 0.24720891631813469
0.20971529756317142 0.6402492331232236
0.29396225759976236 0.6027227042682682
0.7220411057097358 0.7129582381418129
0.7908510018833463 0.39336590340999633
0.5994696158256964 0.9480041300425965
0.265763306265581 0.693354477804269
0.6256574390089213 0.9574247858281895
0.895251283070174 0.8600100379125232
0.7187062821984255 0.31437489314849376
0.3215908464550852 0.9752772979063782
0.31757837246002996 0.7838886006777295
0.4480554548846193 0.39566237624567135
0.05738322697240228 0.39167062242972517
0.942531603382212 0.2724875973460804
0.03022503946575239 0.0071872082650031865
0.8013887825036069 0.8508138618841431
0.8150343354392431 0.2706505809873654
0.912375154494722 0.6885328259321113
0.1958183667999468 0.00831187778499698
0.6359989786107373 0.7893553469092734
0.8911359936838649 0.0294951457937509
0.7730121872239047 0.9730493597929564
0.9023731075734827 0.8898159708680655
0.4114102850237811 0.8694084757916511
0.27594356701871503 0.9776905477995697
0.1303918682668882 0.13915397584329736
0.11774782284280205 0.8698569981203179
0.9973514862113807 0.10481901205706812
0.94267735217266 0.18774770592740808
0.17726304961490225 0.5500504431576365
0.44067693449309453 0.16786022684128143
0.6797667245327925 0.8534785193374204
0.18495587682943737 0.006698253518779618
0.6397711790664118 0.4099704687565776
0.4339852598312025 0.29305056427340237
0.21426613468573064 0.3278379068845837
0.058929891831706493 0.6687893725295379
0.06709316218484573 0.6491066402620176
0.7261133630210675 0.07452327189406316
0.914522498628014 0.8508906780105607
0.6215472294931581 0.7493637664301315
0.2734902139894998 0.051013363034850046
0.9980566437778069 0.7418698000340642
0.5711160991814422 0.9874933306841804
0.23413281620749926 0.6740802534851844
0.8338871919849721 0.054334344440376214
0.3984396177198777 0.1747079446951092
0.32356342472889676 0.8153164565008681
0.4023422359423958 0.39442836033245976
0.7168414483160253 0.32720264457823856
0.3219966606499819 0.2421227431842744
0.047378027984150584 0.8761443827591474
0.8935305574210981 0.2687252832034034
0.552733408956528 0.34399584997796906
0.1867851336359032 0.7281212863483688
0.8914271243234178 0.3718425004155682
0.7232787017676073 0.34142549774836484
0.7364280663218291 0.9711778737877623
0.8066571059044 0.130682373135099
0.7722735771669184 0.025592754148668573
0.18323241740000618 0.5862390935507485
0.7710703747403291 0.676476740317564
0.9679144379539408 0.13942613307120488
0.8147346052006482 0.6227456620734932
0.7550814476607572 0.2996151764757893
0.3503439350319776 0.35404654897528276
0.6636212850069904 0.04935886326297312
0.9203011433088277 0.8739574343945243
0.827734855444702 0.4311133522873193
0.8373981821537769 0.9573207252538009
0.08865486597553396 0.1267535844193104
0.9747049248436704 0.08539685482106352
0.23760108394854107 0.1490334985326629
0.7971375725946951 0.17965138800277636
0.19116694583394267 0.15376336575688088
0.9796458621933523 0.9162997016816987
0.2878350743182012 0.021146788911375447
0.6310088908228513 0.38556811629119125
0.09911526118544889 0.6772601902199097
0.1620918254169743 0.5553686700283804
0.9796211998001435 0.7869164127376483
0.3005089183558588 0.6816419579167573
0.08578341483817775 0.9369461900971258
0.8648712608556923 0.3963757977593946
0.6427293429690771 0.7296508610637785
0.3733946925931968 0.9676336811259472
0.9626743569432528 0.282681258435582
0.900244413129501 0.8782284352400048
0.6686066266881475 0.37421783295639344
0.9117093533609198 0.08713615905238092
0.2799509429177911 0.6404777574026432
0.38083136953332786 0.23205745490830232
0.2863663890278424 0.7452130657666951
0.08324963472268954 0.5623590752139022
0.06233351091460937 0.043565566650398235
0.8850933406115511 0.16194487558864135
0.021533676546086733 0.4332206584059015
0.4322146612717699 0.31357488557304236
0.10268610100212161 0.32983930841556097
0.9160236755758686 0.15676056529253868
0.7037111883291968 0.25160929139958
0.2806298837066682 0.21380767015540858
0.05447330830186814 0.29611694860640714
0.6863331129051687 0.040010812665646434
0.6280741009109704 0.4224713461088794
0.5997074617204451 0.6274820276190436
0.4390791557482636 0.34058680879337144
0.9793957299353717 0.3036133615882918
0.5545319420820748 0.19185790293647842
0.6996911954242673 0.4006508729717444
0.19995256321584742 0.03539491657215732
0.6491366787583379 0.1597727173935023
0.03776337939177887 0.8879148887606378
0.750593832579593 0.9750038120253844
0.6797407204380732 0.586990337968522
0.27958296710630415 0.08003410142334821
0.44162900575604447 0.3352731594280446
0.6817007563703624 0.00725937991191683
0.21731267495577367 0.3601366699211819
0.9160442718655217 0.3761639226835627
0.7766014966768966 0.03602099994588759
0.33926533560052285 0.5649482382724772
0.982176784301538 0.26020905908099756
0.4157321886758314 0.16575153886416305
0.5846793113797178 0.22516229647477293
0.9931172521262573 0.1559634906053906
0.6364578125679743 0.8086273124061525
0.6001391321843879 0.988514712231878
0.09570448346051907 0.9039248213466339
0.8429536581909048 0.6558655270550028
0.385477051356111 0.36807817977801915
0.6875954978404316 0.002453320360409461
0.015249871316387109 0.6430955908566639
0.9300070180114874 0.9749905134633448
0.8179128782602407 0.07761445686400337
0.04261640067284389 0.23915993676164826
0.9469733540870269 0.3094037558993086
0.05363345435384648 0.31497746484544
0.3896077244651657 0.8365745811762806
0.02506787894861895 0.18816380563072377
0.1859449157959321 0.6799407169438414
0.4445356334571129 0.0634806176559356
0.37429026125684794 0.11195321160178373
0.18274940310772525 0.0836186207224674
0.7124240352714218 0.22766378647838026
0.43951811010877495 0.7582875350443804
0.8479549071049246 0.7160634039411434
0.6524103992268697 0.03634109543526265
0.14186664257372683 0.08738309038918413
0.36895323009050063 0.3603208612497647
0.12315256348829962 0.977406662894204
0.17676540670952645 0.284336366300308
0.7295257138528898 0.3693671096780038
0.8830411217683792 0.5901687484260336
0.7082796139278666 0.7689014850346177
0.8687738224111835 0.8729560742570146
0.7260877132343252 0.28509950628879666
0.5756236171869497 0.7023513038750768
0.3250362556069123 0.2722685161998577
0.5635579694565818 0.3806082339942619
0.8019776889533692 0.4322677724882803
0.774169239990037 0.9355850356325823
0.9264965391848071 0.6386162230867124
0.9736980172368636 0.06927392665871857
0.639867607402276 0.06597719444455052
0.6824035237386847 0.18106488437102386
0.8202666626019304 0.3792469996868255
0.30610532854862516 0.8019767099985274
0.22941621065688056 0.2963141701355698
0.66972728572335 0.10900509804599479
0.7542639047221561 0.6191114663614179
0.5942842524107982 0.2722037931941952
0.961952310549521 0.11125036987378745
0.044289535436734306 0.08816934081707595
0.7822153402395307 0.21586545325351247
0.40652682102106474 0.8346660619095257
0.08045131641345749 0.6818151585271995
0.3221571013016403 0.10468298116292907
0.6600425505507089 0.2428295746125465
0.41337671020843514 0.6922179649997124
0.08521550670134181 0.06321175116896938
0.7540629478670553 0.5874270773540246
0.988386848581127 0.1603997851940162
0.6197151767691831 0.8087475879435014
0.30837334552402795 0.3189254867621897
0.2705793533659785 0.2540967738027836
0.1742904422276944 0.8139316686110731
0.6280225256211918 0.7606873437752626
0.1282804283944713 0.0836000415929743
0.05195717675063638 0.03942905007129571
0.865735375350389 0.13762941380878768
0.3910688582832804 0.2159628359074547
0.11903311736989552 0.1867485528295144
0.6999524563265327 0.18990790513621836
0.8458835587489966 0.8466438887600101
0.1335241443923012 0.3145294939513127
0.02350731925744176 0.1951247096828116
0.725726779280838 0.0635288690147594
0.8876916211684595 0.19205515035315524
0.5949361573405174 0.7929835456025278
0.838666595774099 0.4119365461318014
0.038473355027183076 0.2184903795493579
0.14270938331897953 0.9620212986578376
0.8445857051797026 0.22241387533280377
0.8043289951112395 0.029064572542004452
0.26413117890839566 0.9375160321650328
0.9438098355073715 0.20022476331111305
0.10608960250641986 0.22656677528999014
0.14079879686171548 0.29303452223809956
0.10039474156253159 0.6161554966449353
0.3477705751316005 0.011312582321037712
0.32878842897463323 0.9863886444521552
0.6944377393073203 0.938716944557371
0.41961102622894386 0.9100110438672092
0.6604564375395043 0.10410870037103559
0.39833867779380405 0.05016887016547067
0.597363388709292 0.6776655562586963
0.40472596090428326 0.0893388404075649
0.7791215625273353 0.015979264977013963
0.3044042778680338 0.558425741019749
0.4184089721722162 0.613139290681526
0.8676781960690522 0.6247531159086376
0.928269363729697 0.7326198154978123
0.3284547882562614 0.6446093751711836
0.06787233938579695 0.7542336744839667
0.33787564281375804 0.7071237678740618
0.7371157068145802 0.7524903158573012
0.42611106365924667 0.24834008241287686
0.9288289830485134 0.6174328141833172
0.7506756952098477 0.12744573195876496
0.35107535480680585 0.709626551777411
0.5614318019500978 0.12168680029209478
0.21672092117203068 0.33718522829337727
0.10692015644815556 0.723100614590853
0.8641904227554509 0.7378429515422641
0.08965750143667028 0.22657586429167276
0.008660066634622043 0.6418302347835042
0.9189357937407416 0.17617017176218663
0.15500446956116543 0.9310144922030529
0.10832354304280001 0.3152221906536574
0.020764829312262534 0.052228017878219735
0.38179431741473624 0.33796338405698034
0.9868320901982011 0.2522095233103302
0.30532683761804635 0.2014345858182225
0.022347523963215044 0.7357912282962649
0.5568303018241609 0.5521177939409991
0.9644746416606813 0.30840680423510713
0.23214589385216788 0.20054984507639984
0.8153365518671217 0.15420134066025348
0.412505260500035 0.4084119825199739
0.6563093872839166 0.3750674751262322
0.3150871896193387 0.15957079720207745
0.03836901225759304 0.3467653093716446
