2 1000
0.90522582720479 0.11108721958672574
0.5024837007148804 0.5467228643984244
0.667716154350185 0.1498080902283191
0.12566088960331334 0.3232691403254341
0.21800132976025033 0.7479798832234839
0.12469634820348496 0.306869008322159
0.39464597948622404 0.8199482922895349
0.20612570844371558 0.21135390178350266
0.48992697288841425 0.42778284301826164
0.21110581322299893 0.8993282214363472
0.6056225491336421 0.1154517911323012
0.5669924042892994 0.9054277392298392
0.20236422759314376 0.6795976500254759
0.5243910225687614 0.5751821735124272
0.3324045182391745 0.8886046496270257
0.2961878797505072 0.8316454551016882
0.15824653034527147 0.6574880581983247
0.7161421502082531 0.9996751278897595
0.6166307397610304 0.9898905557301805
0.10845976934533175 0.9496826180774386
0.580710129924092 0.09023665076163279
0.19512695106288636 0.26553344970044945
0.637847877684868 0.48929684790298433
0.06055832941412309 0.4722727338195286
0.7848453630700803 0.9706616065912183
0.19531844203561965 0.7919350008196628
0.40371433355539366 0.11934827278922411
0.9015432409209144 0.16483730075959668
0.8517597104455761 0.1346694351864436
0.8702214442092951 0.48776485585022833
0.6757247312854202 0.859081478977117
0.8833802130575278 0.16426955279288125
0.24872125051837213 0.06523853832608861
0.4283808823545949 0.9942364889367458
0.6164725596687907 0.15957931147692894
0.1064726581027241 0.06963380434956756
0.1430258626211265 0.4674931134704148
0.08596923210581531 0.08202707418366251
0.664198047121592 0.7949531578136847
0.10996196698879712 0.9948230958349137
0.034582066044464566 0.7689704628610964
0.06759008900528496 0.43334108444968755
0.8120581617944658 0.37558835367783683
0.19572518777079584 0.5076499552381998
0.33885460280853064 0.8707620130775532
0.8994515608052002 0.7953467522816544
0.13330632758994299 0.38871040283608815
0.9305925713113108 0.31750149507560166
0.4788523438266872 0.6901147609843049
0.552954130235425 0.9188504199688474
0.053862595373203814 0.8015799425060671
0.0863479141002047 0.5464397520646885
0.9249169669804371 0.001560824935246674
0.08169801665031551 0.5612824300522485
0.4504364046106032 0.7717515432149886
0.3313114466439824 0.20528839019011125
0.6223825094380748 0.023944371542843235
0.2096880449470837 0.15806801028916884
0.5529546757806767 0.5395522891102493
0.5169632659754566 0.1937713931017081
0.8426060202323828 0.03876463349768433
0.7242850761001348 0.4881409744758364
0.5277264932733802 0.35758818856072927
0.22039111952042767 0.08933828776611674
0.8919112859344359 0.3819724961113785
0.5537274675822484 0.02481745279303038
0.30146730740078154 0.9831688242035733
0.7359932832304598 0.019647467126843732
0.9832224151832627 0.8054694712923148
0.8209084247194319 0.27485435231776734
0.8424529543086349 0.7876163755509334
0.7129346153408407 0.01363421096503259
0.8709228512121675 0.3109669319159233
0.27420094034392795 0.12689685775377635
0.2752818345365565 0.9541283750434914
0.0034028985328452555 0.1759184052985735
0.651328367111384 0.5289567581691321
0.8937252468763267 0.697735574271806
0.24156465799804805 0.961577642405181
0.07479045233871606 0.020465744769320948
0.37027567211054824 0.8254054073697644
0.060561535607750905 0.9616568742159156
0.35907708614924316 0.5303744893948357
0.8279492686881205 0.34335361281599575
0.1667407161844643 0.9933991057350011
0.4969700219209011 0.16555322599907352
0.09835232371750702 0.3410954950012076
0.3933312516509855 0.1024978487338446
0.8775625137812034 0.8278836748331562
0.8720357998722604 0.596375192414483
0.7528788821792713 0.5488484342856946
0.14938848388176695 0.5931413041335242
0.29292462389188845 0.9563674188753377
0.6036066396491949 0.8879064725820365
0.9760998293063988 0.45012982853694283
0.4655466038309308 0.2546983143259932
0.1564650818190152 0.33484270693496565
0.08459090391057489 0.5821614990998732
0.8458092555954327 0.5075006699939346
0.8331615791117072 0.4948983119379967
0.8905941675231498 0.022897954945278687
0.9740261412727863 0.7894965927466968
0.695396372583588 0.783526352333023
0.5011407200610649 0.0895706720307815
0.8013239469383556 0.7451292221586943
0.1900507171591993 0.45854512362187505
0.9505760787057496 0.6879845489897299
0.08866223611217594 0.7589122128406725
0.8025658940724109 0.46658439391201356
0.9122980467518284 0.6970362774749121
0.5262627842501822 0.3388169637028513
0.04628601663760701 0.864977875682032
0.7933457055687778 0.7703037904078444
0.4614181554143233 0.20683700142763461
0.9387609868990655 0.37853169779848794
0.7919198044213792 0.4511588771570052
0.4362112421713321 0.5133786759244643
0.8641689394855718 0.5992773782837466
0.5206981347491592 0.021249750810740875
0.9588619843172151 0.0510762746835568
0.10917263230871199 0.03248883754506493
0.5986117092034268 0.17624009359360726
0.8939048338914506 0.11549032171836227
0.4759842682326825 0.5473476407810961
0.014154111217488219 0.7918266993333696
0.16411751119121187 0.6037145434788213
0.5228126517758204 0.1330813263559597
0.2553246225474236 0.04379354244389477
0.26210346558733777 0.9615728502787011
0.7510066669905117 0.2198913794382401
0.7102522611510649 0.5280447933714736
0.9911825324040007 0.5923106039162933
0.09612506220458639 0.5827711184660601
0.5047797990489377 0.7379253871433784
0.9064014754975511 0.3333150061391328
0.7058546025257414 0.03640740670200526
0.08607703010489864 0.7968541334215263
0.956804824432824 0.9157365603001729
0.9039288955054425 0.27651048461355654
0.9309729071412327 0.11112417261569052
0.056590417805047255 0.3335397809232823
0.10992021609203895 0.019760615417196092
0.7549377015941412 0.28055162051591664
0.6894652432206851 0.47714296939567624
0.13646352633634107 0.3829893801979458
0.24953441395059517 0.79054960797451
0.4539921794591911 0.5982049710966583
0.9817519351980347 0.7022619164526038
0.917652825486406 0.2562096008769884
0.7987925534655552 0.8396207229704895
0.16477206736172523 0.5311375292606834
0.6580342678926381 0.9818382896418051
0.6705072205291978 0.5250839956460034
0.21680742097159256 0.04776092570062096
0.5027899120667393 0.4204967302139079
0.37672430293008174 0.1393747980483545
0.23454413052747025 0.18341331770195002
0.3653155787448964 0.8965613268232928
0.903920190482204 0.6279764384475742
0.20457298863311424 0.1580908024338532
0.02635086451097768 0.7685147201829673
0.3728513311251318 0.8905071693895662
0.07785716039150525 0.404366098792713
0.8750330302803098 0.6938286017940708
0.5338337113440058 0.7498164112112766
0.07971132633031652 0.07565984947309234
0.27852407893668085 0.0450973003375027
0.11987602286737686 0.7015384984484756
0.8810421755471206 0.5446506796754661
0.0317361746716216 0.7826260003512963
0.029042917548062985 0.6970253144173865
0.04001605461799418 0.09892996503244578
0.15941328251917064 0.748164889223814
0.13154831351080454 0.37195716738921514
0.004487884633911143 0.16230579865432804
0.030761929540750632 0.7853863697477262
0.14344414307489972 0.8534416011857902
0.11799474569021717 0.07952983234324595
0.4865539736011327 0.49658922657504045
0.46025686257094034 0.342150387163243
0.8773708172520145 0.5273515394195488
0.8884688872605628 0.4998794014902952
0.8541420457114246 0.8162093395983148
0.00491842998100156 0.37390089754413747
0.841086054791664 0.4931718809367005
0.8884124563573488 0.9312170600274392
0.8716138636098982 0.6201058383356128
0.4100367749365962 0.14279083089857314
0.5487611823617589 0.19830705356830136
0.5504742721463665 0.4869100148063388
0.9020071588775401 0.6613052962997226
0.8283658225936231 0.320093481065331
0.37614230323801356 0.8820455918694797
0.36503670806105015 0.909561130383305
0.37015110911389937 0.09943612977052041
0.095538418124543 0.8632241133242368
0.9125546276404956 0.9303200113839699
0.9583057104538041 0.02926517579558585
0.3521070108597917 0.45778884111967233
0.6682145207662903 0.007451764849367493
0.6478552077922219 0.8226987135019175
0.3230590288499654 0.5495496728403091
0.8085136380053416 0.2519791284318328
0.27129375528617694 0.5437487219283804
0.08927924916732 0.9628683486273504
0.44953509886168597 0.10263121601184133
0.8467879248865079 0.4539315147044517
0.6332200290057909 0.0951253652367473
0.8747089380707888 0.16679033167617785
0.6733361702360011 0.48213169665183897
0.16655552198805224 0.0032462775938881805
0.7374268972507428 0.8837562976506175
0.0840060325566595 0.3318527106864324
0.5760291472289114 0.07322101992781282
0.31744346481421215 0.9093709091286022
0.06083444171070884 0.02667613500942212
0.10145507260553943 0.15853544572498623
0.4832088316177954 0.634915071028664
0.013520931167623096 0.23149961169730793
0.47578592556090116 0.3464167892271883
0.2747999702763546 0.7917562896655026
0.22738124944355387 0.2991523159804603
0.11582007405248429 0.9499973815924174
0.846208543992577 0.5002139149166416
0.2951948336706156 0.4826407800426298
0.14721090875058884 0.7217415166530271
0.9448207322934788 0.27136883998223527
0.9535284887001604 0.02357969463734222
0.67160476761718 0.03254745667814596
0.6366332845982949 0.07291513232023694
0.8186670544936456 0.03637469463138032
0.8427779144351922 0.230143262998889
0.922826601582836 0.8250894734920838
0.17609588676547439 0.5830884478367342
0.3722070256145723 0.1754174708979126
0.6477729999692867 0.9259900987468407
0.7597352677621705 0.4580785070775646
0.7749911237806129 0.8588550122066707
0.8330066334760421 0.5041286029837724
0.9214608352687086 0.5328826040565964
0.8546976680817684 0.6329493916631325
0.06304294799830668 0.17300205768934795
0.8979854903378558 0.34122837399990724
0.10588357407746041 0.09156004859474176
0.013511944599033265 0.10501315395479449
0.843990289746696 0.26831511316551493
0.10676607859743403 0.053507833188353726
0.2197121859978125 0.7656799552078395
0.05898713432474334 0.025319748394974195
0.9951142301929361 0.8950734585679919
0.49597976730272497 0.9355753829945163
0.6121092806531454 0.9891079745767185
0.971985790757441 0.05765830638626224
0.8243715766269599 0.1831445570180188
0.8787993941538538 0.37218244384722854
0.4964329125223733 0.17483036366008575
0.6017884678022549 0.5128315399403437
0.30723826513489005 0.8409901852280668
0.31516777687422415 0.7792805153958458
0.18667264421886387 0.0778152649171997
0.6677409535960326 0.11345578710620374
0.02369746785389093 0.33767096151540243
0.9988911026271534 0.5032739396591549
0.6688847520196034 0.20535658958630032
0.9903081231850429 0.6200192910102313
0.8129711953450554 0.7431410764485312
0.8412126554154118 0.7464637503958953
0.2826014866631972 0.050490414155491714
0.6271656496411828 0.5017555954417626
0.41503551329525534 0.9450420491444106
0.00780605721537353 0.01536665831872297
0.9879012782084233 0.49786823293254356
0.00461415036217383 0.3107845442981615
0.42677334495422237 0.9804869189621022
0.9650777345068337 0.8665077703505993
0.45383040824941256 0.01236593151491816
0.8860545428898462 0.10217602671521553
0.48070091647905 0.33901760342619214
0.07966712651844166 0.13231188103996627
0.8224029996500709 0.708059632250501
0.020713747675951133 0.7158761208215135
0.6431113416991995 0.01905682263484998
0.3253902216069986 0.9936398548635226
0.833064234329105 0.4653018787673636
0.3938978776040095 0.15778365125590776
0.06681632466931242 0.14154741656457293
0.19035566717085872 0.5319114918768995
0.08718775578318594 0.6610563884805969
0.4588011316864512 0.14054063939674633
0.2909208845933743 0.22787814589269462
0.8147186886694082 0.2652261881469098
0.7241260565346563 0.013723390133168367
0.11505289604084457 0.8956899668037149
0.488519319502869 0.7392639675568543
0.2869742311616651 0.8825900966782296
0.2735472507868395 0.162345160338909
0.847296782035106 0.5323736906119007
0.855802515226103 0.12567864843010668
0.6104621319100342 0.15113951902888512
0.8853787208528102 0.9562472460413376
0.7238638137823102 0.18087894164937468
0.8234505557247246 0.9689546158271675
0.4441438913868858 0.1136889490133366
0.726419722641202 0.8545059106949565
0.19671688842483614 0.7870981832629101
0.4921369919252221 0.5652185632212876
0.12099391711481355 0.3277085326248268
0.059641628839712246 0.2791622457787072
0.4205194469765021 0.11965876534335163
0.12906426001121651 0.8641145927594382
0.6271759911258576 0.820638458482602
0.08601561634825328 0.10306921094071075
0.8321490071556061 0.5336231822045563
0.1550283899309972 0.2088004022172768
0.06619920197343765 0.38156332131785053
0.8905680978696053 0.8144148093250295
0.7699734571813789 0.09806883001537925
0.06835223909097121 0.003129478285558318
0.1212079554405121 0.016369612992219396
0.050367415955234196 0.2456228076489393
0.294048527211467 0.9252767405641823
0.04554771713694694 0.3297633627641111
0.8558134661398922 0.5001853453716787
0.9456228694167075 0.19830757817735079
0.7372344050038868 0.8469858811686314
0.7357907639204458 0.1277423345965616
0.8944205828030309 0.691110861205337
0.5222928567800252 0.04220501742066862
0.44913465778967876 0.9150765257933795
0.787269033034987 0.16796321608106834
0.8555103196371397 0.8034445119478507
0.7692075328963931 0.1514414846661496
0.9541069766122913 0.9324224541778486
0.3127093250050368 0.8800003925776673
0.9607824955418153 0.540753472288777
0.33943911353375733 0.5266609249525673
0.42506857875562765 0.12971410094411506
0.09878990769751761 0.6735089585907982
0.16262896361683488 0.13617381336235967
0.8770686605308196 0.30431119552816144
0.2872002068765779 0.9858515101634804
0.1403255364061654 0.5127963411108972
0.89160905931332 0.1315653193898626
0.35249340372333515 0.8779871739588537
0.49015712337397954 0.6266998266903294
0.6145745341949127 0.04068263812875861
0.8185329017566142 0.1577555409302358
0.31833022153919643 0.05393281065216815
0.7224217355632577 0.482345836662775
0.1424028309436418 0.8027693806208656
0.3086956146569473 0.50294817896875
0.5282507658255425 0.9220097855637713
0.09723100032214971 0.8048129335349367
0.06576808398772105 0.04802731676486638
0.466898429490043 0.01453837685440773
0.01733014709873848 0.382200791344223
0.024198482065936 0.24204898242806727
0.5258471296911224 0.9802804113154926
0.9162135526545419 0.06473295374164267
0.36648642681502586 0.11218286000074207
0.4433964925372358 0.12739715325825118
0.9816277918312614 0.6437717555293361
0.02342138743455624 0.541238882789875
0.7310707434145104 0.9184271575066927
0.3152921786018258 0.4548813782614253
0.05498812824432975 0.8474826291254026
0.6559629057422438 0.9263929997315488
0.17580650202451076 0.9263006637206321
0.9232190194304839 0.2367826063324734
0.2759355812267472 0.22728567098721453
0.2773312839017583 0.16838237753353158
0.012775655751566917 0.7600351170160617
0.8612199226019079 0.7374562118141592
0.9130107536907128 0.3413747083323919
0.5794926903438014 0.12195829400453095
0.9721665599113021 0.732930218912851
0.506036637390756 0.9134272567496635
0.049819659631446966 0.9046752636087844
0.9671434276467035 0.22621466036553695
0.7286629552061171 0.20339861483743182
0.7246510380960582 0.975522470783128
0.4717940424674886 0.07599587516613904
0.905877878383571 0.4896419872741987
0.06244233573190616 0.6707687354137285
0.48540904493272985 0.1433683807879096
0.15492438164844824 0.34410578258358215
0.14086034797501867 0.23618890540612858
0.024695297829566254 0.8629727087186306
0.893102302655643 0.7012017414140514
0.3793834513728913 0.03194910792913219
0.7485112638606846 0.7732264050785583
0.05793230708954533 0.8456055567888711
0.781459224838125 0.7229529300933827
0.1774052431520643 0.09471455555148478
0.24890135415296866 0.865348393324258
0.10281844421695807 0.5497584550097884
0.17307082816331576 0.3499807044607527
0.8630046527212356 0.12929361900073721
0.9149467287676495 0.0594031020285124
0.6630140527157502 0.99530476189477
0.6932612733800155 0.1939288598800124
0.901344202526298 0.3135227810039134
0.6247804849790388 0.5459584960622933
0.0873295887221488 0.7929769704928368
0.6176438520586257 0.027936486035597508
0.1392139770636739 0.6309724541882411
0.9261730224397761 0.05052399641054328
0.7485406371030594 0.19513089656554117
0.8578225626485968 0.6499822658305886
0.10789060334523282 0.30553940551275605
0.6725186765716775 0.8538642455718445
0.995694699181225 0.5405054624800621
0.8676443156062359 0.7727022869735036
0.6021544836816227 0.8533939821016195
0.09138249726753822 0.8689718085932912
0.5429755127404607 0.8557043099311864
0.36640410964096126 0.9431020354737901
0.06400972169106156 0.5248868239907997
0.2177031301666722 0.7251184525816604
0.05953783025716408 0.9015050416673177
0.3112070261573453 0.9273401397949589
0.5196766814839677 0.7563844668105336
0.850401111612595 0.2699175774669055
0.7520766180385574 0.0747935144379096
0.7199019408115569 0.8722793660139727
0.8273984628492983 0.1823823668394261
0.2581144568548277 0.501095331783177
0.3471632464101255 0.11649886033837009
0.05970125772085533 0.5012908234807737
0.34394546960466865 0.9672678070752564
0.03027885464793101 0.43495713528028523
0.1568921852935311 0.2285831901454487
0.18731288923308675 0.47567291628272146
0.5177032545124318 0.0752038206603487
0.4770443591579009 0.46591815178485674
0.9936455426924741 0.6004151170089768
0.5434606646837891 0.5911770167373464
0.13195792315360522 0.14146821422854716
0.6670029728554182 0.8328022497533457
0.3436069183820548 0.1499916608215227
0.01261263623938369 0.35605338072295023
0.6339929132072673 0.5018448930912179
0.025197747203715037 0.001807845901986127
0.9013295271826939 0.17517489504473704
0.9091293589480635 0.6229105123052956
0.24511846936501158 0.5182795063310619
0.15362938450803565 0.09117148215585014
0.08245224232421433 0.02161922057814547
0.590864982907343 0.9054374677336764
0.21467800264674408 0.027831264584737947
0.19029008481513565 0.9960386243332113
0.0903277377730235 0.2770901478102319
0.5042431924159643 0.39325538115281866
0.8577640753366235 0.23477597916404835
0.3687506858914694 0.030407404883028843
0.057557013300606585 0.28681086889948026
0.09128838450170484 0.9124155893740676
0.04675061298541017 0.7769916944731718
0.655684653114139 0.4613751396134671
0.8286599774551926 0.04539797298084669
0.06338810516964832 0.055594134729586187
0.7998301364031825 0.6652596744378892
0.7102289025325846 0.8667353167097457
0.6520287850845853 0.48421063870657055
0.9034328648129706 0.6460562768533541
0.5306092361856025 0.18779673028019384
0.8069930346850972 0.8149818982918555
0.04088523627421947 0.37324470764287176
0.5324655018642722 0.5413687282240331
0.29863513589997914 0.7820019334963717
0.8830017339279821 0.587259409863044
0.8514571933026728 0.08328705129417169
0.6779794755278101 0.5203586688496119
0.17383293943619782 0.3307354789989899
0.6491683097247415 0.8007959389760941
0.9522270107260762 0.5306082333668026
0.3815941526483321 0.48460594954052005
0.8084558352722206 0.11242999823173006
0.09322795101641324 0.5806792304698546
0.19650404894433704 0.8340545565199804
0.6519288126680214 0.0070975681042820815
0.6228757336466587 0.18254164065051626
0.4513209983786477 0.35461971837898887
0.40501196326572053 0.48539467910326173
0.027285042831952544 0.22951339175808194
0.5738157014493779 0.46256328748502873
0.9886476676857899 0.16825991382575423
0.7413537797808759 0.9079620000323135
0.45656635462586626 0.9135795269772465
0.04269431285795322 0.3347604847311002
0.38225124642183206 0.48657948680830465
0.22525649055023234 0.12220131397773448
0.789088115971396 0.18844553769813754
0.022601683934220573 0.45161251435658434
0.9024047584165219 0.9428187002150772
0.3525729453666938 0.004192692767067574
0.4612982665352441 0.49926575227918135
0.1866422917923123 0.6694813053712195
0.8115145294082056 0.34766517673245956
0.46487526126960377 0.5819705658994878
0.17254441285392097 0.9191737549068922
0.014453992744662414 0.6527267188173822
0.40233922101397024 0.10867229933444866
0.06852417079882644 0.7126502208165199
0.07675619759097863 0.6087593794128804
0.24596756265484532 0.5332351797764506
0.1797220135624965 0.3735294110801243
0.9455760649264479 0.4782398789966099
0.7750536896777287 0.7667367945551414
0.9849757074859009 0.6465533259770562
0.8775442179798558 0.5563894048664998
0.0115757578711142 0.18594988440891125
0.03379821264305127 0.020501390506132533
0.37264518762631416 0.9553166132734727
0.8285884983263954 0.7418841146585755
0.0069412125617513976 0.32599767755214126
0.04911658410900266 0.7347736269162839
0.9642287595911447 0.032419372161759386
0.9208594476034138 0.833162230117833
0.04909380859150492 0.03510411897171817
0.9081753243638437 0.45553655296465234
0.2698378234633121 0.4637024842449139
0.9790154409831874 0.87467357647498
0.7469428150228852 0.8113266426861546
0.469161780012435 0.07924650848063097
0.9609956118656243 0.45863098155895266
0.4775724195650958 0.5371939208902553
0.9487054962373703 0.27006354187036063
0.48267738404284344 0.6661769089496279
0.48622156958660123 0.8707192750990106
0.46200257794852717 0.6434316541839005
0.07073090409740712 0.10105884973332557
0.4107891627810233 0.9904604743017196
0.9558613013129965 0.4282981127695493
0.4699937396443451 0.8429210278455656
0.7647408367315444 0.924950850110606
0.6452282871546002 0.17347003133967898
0.253691322616066 0.07220084602040822
0.17426805107626642 0.7544913637169245
0.5192114941546049 0.42093349864062224
0.5388369043346283 0.535050866720346
0.3530225205495129 0.8111978853968324
0.2521178107099913 0.05032338357372024
0.895842083259811 0.43128602640080915
0.22287050494670757 0.271193241113442
0.09639527246748258 0.4671854919619922
0.732826441841874 0.5297841736971527
0.08951651457125032 0.841938869202448
0.1681792767406054 0.4540398561869524
0.15860661003884768 0.669081147157802
0.5317780049673557 0.0014911778800664743
0.4342020963930343 0.06091938503822092
0.5933279072026473 0.8522716361896094
0.6071965041440771 0.07012361601793571
0.02408846580166535 0.050505500455472196
0.18029406054770258 0.7344489779449025
0.3163508338011296 0.9932706951016801
0.12423625630039592 0.0697841589311845
0.9398230281730894 0.34721649308658975
0.9492490194075829 0.3217289801281852
0.3638579853107513 0.5448929656797387
0.9414628218014408 0.490260439308582
0.6663723148392717 0.06730367653619129
0.3820626476920681 0.8303463994148365
0.6368339796047845 0.9100327231752359
0.1589200896401991 0.8325221449684485
0.4972387063615771 0.26440227590737964
0.014149189894501646 0.4446936013344095
0.9738163644710709 0.08655761880146784
0.5418030271984718 0.528329939888273
0.25591211015094717 0.5091110422523917
0.1718775999517057 0.5918589466523364
0.6993184744718315 0.9238601877127992
0.21388316370187888 0.11821804726524665
0.33731579271943024 0.133451845849468
0.8479789495305012 0.13784037257690396
0.37012620878761326 0.4563234130171109
0.775114510455832 0.24986500939076794
0.9570179807385405 0.4185174286304928
0.5101607294586591 0.31545890000439303
0.013791485074396537 0.7437060415897419
0.2908485838702588 0.1417028409946005
0.548431804048583 0.9778559582023372
0.9941073989377365 0.15548290198746462
0.17828345408019142 0.7015947219774793
0.6971632543203921 0.8350186014108374
0.16943340726514566 0.9833683439875965
0.021259818988444756 0.849252924052369
0.9588291619356506 0.43265283439878266
0.8181020170723472 0.7546491571007163
0.9837104611960823 0.02819337259479382
0.24754447785500389 0.8301498622947172
0.4874539449569205 0.07046130580222709
0.8241807582864638 0.23467033320596753
0.8750269664089713 0.6648841190388532
0.3748461396287769 0.8093599500237241
0.7457049810673928 0.13217013662764532
0.38332585592533486 0.11922583040624868
0.4949401668175796 0.6205303034463322
0.3866521998404727 0.8140038484752429
0.8798283037460725 0.6954824796587651
0.4513152898383972 0.8146699419933253
0.010567270977715038 0.784888302148058
0.4738724401236507 0.5005663296488416
0.2113063734523346 0.9129859622527619
0.24179040410617303 0.23752756925342144
0.9300487505217379 0.06747901245844712
0.9653577724105664 0.47802847232041956
0.6130124811431188 0.9440710085492813
0.6745592476679297 0.9105679889750109
0.28674614985899816 0.46333315728788826
0.9037055763378867 0.15283240619670635
0.9917653262724765 0.2480740079949142
0.06489566810532088 0.1291665153746473
0.10147760266836614 0.03344573245426019
0.41582677332501083 0.1599143661854151
0.1040843582325085 0.06970105329461429
0.4267021318795132 0.029497589687929815
0.8656679190924292 0.8521503171611445
0.025408427244995258 0.6803592507978897
0.6860928600725469 0.4813457982621603
0.07062697820700514 0.7401891119547493
0.07027551535125376 0.5568176645142164
0.04548167694105454 0.5554735124158634
0.9327933315573612 0.9122480738392342
0.5084229973156363 0.6082392404819661
0.10982376244506065 0.6540388719440642
0.5463347827930113 0.9611785797933556
0.02228417276234773 0.9173535208004148
0.7789976192262814 0.9201636569028296
0.7767532690716232 0.7752452124592857
0.9719924822136251 0.5494243864051656
0.8549654636968756 0.04338596711084264
0.25359693395980065 0.9893167172835228
0.2729838293625789 0.10592082261198676
0.22787794250895455 0.461148308528595
0.477574132022761 0.18239873099838777
0.5380730373610315 0.23354235817064684
0.6722591962002694 0.8583722008738723
0.9571723922030975 0.026399558905966236
0.7859749026434815 0.2488122606437767
0.6847782331302185 0.8173696094272253
0.6186632722078034 0.8489974823809157
0.9000659016485961 0.5811609818982671
0.3865591896498144 0.973768914694016
0.7912796017141933 0.7223576914418924
0.5159407807912139 0.19066404155763417
0.38303856378093515 0.9599998255142131
0.7385076768044491 0.9341548011901736
0.6795600271867193 0.11400042062558258
0.11169735310631246 0.6506800816397188
0.8936173668534395 0.31823202068310186
0.0018344214239056633 0.47574769956388097
0.4688497100619039 0.6898352718901273
0.44730330339613034 0.9266633293626377
0.3044196560610868 0.09413809502476167
0.003460848760034607 0.6359835143832865
0.3052510294153469 0.8678634052147091
0.3785717378155766 0.8682087352953735
0.49672859783532797 0.06878836602868266
0.05302973265436106 0.1159603132176329
0.33374801130150145 0.20598499193757136
0.2820745987749381 0.541217659546646
0.8123273433859405 0.24089676436075225
0.6909773992292676 0.1442879520140804
0.5140989310813587 0.06214326173090967
0.10829132151012233 0.507113014368846
0.9800917791351376 0.06981718854678554
0.8268736797387143 0.48995357721858024
0.21311721234990844 0.17954859235559417
0.05826274028046741 0.849604537246355
0.49648863682744027 0.2786518052492002
0.8658398223694785 0.725061378938336
0.1430835698342201 0.34068266846268236
0.1271012557077118 0.2745854855756844
0.2351252744379445 0.06786053193446429
0.2575893690313753 0.10430054097675501
0.464708124969739 0.7926534495525329
0.6462864497198698 0.13313194502017078
0.03887183015603124 0.9587811276913335
0.4605189206166731 0.6030689740700603
0.9558372138656261 0.6698129693488614
0.25591655985819317 0.9270742559806787
0.4727715647320825 0.884887491699155
0.7132525445146205 0.20919041858801835
0.7246939662467211 0.8292256917474878
0.5551253358171594 0.09051239631773167
0.1263557873334693 0.16287672979627443
0.9561272969750798 0.9903826963784089
0.8331086401464971 0.23002177465335072
0.7422899280353854 0.8441644423847383
0.796653676883851 0.9440553573303635
0.9450402456707075 0.897000502975305
0.4358255383568659 0.9250769714734982
0.7144056575496686 0.8344046999509591
0.9908020949843992 0.3232442687391831
0.0031874143530804533 0.8758757917477493
0.8952256795531842 0.8637709022128187
0.02566196024101952 0.16296412629224177
0.7965914005767841 0.30269487241212256
0.12366291778645044 0.042034156186654514
0.9341639184084684 0.2726215028173222
0.2408179239843674 0.1649499355272459
0.12045602527005306 0.33339764368809466
0.6864269626752398 0.7814572263216761
0.25721309114040536 0.48507114296736265
0.23896803854010462 0.23249423598074836
0.007334826663859317 0.5548522159574578
0.6226164369983279 0.5040882767039562
0.45408989427640234 0.02560475772805393
0.5914891144494292 0.8451722141800104
0.05098398608348276 0.5153505835037666
0.11473866178889791 0.8268053706106933
0.22815437165612784 0.14148735898919562
0.2091686580258112 0.7737556171386578
0.0688381197966762 0.8085296578981752
0.53320206573195 0.39982383010648503
0.2040539282200986 0.17479172100478368
0.231412861743039 0.15770331076208266
0.049703633926801216 0.19044570465603383
0.8316648063763733 0.5625994306729958
0.9505269757182004 0.5333301890464688
0.9459753995465768 0.03847509826305495
0.17565360201337354 0.10252737030797976
0.5774158855402898 0.10157809468691081
0.902234328651444 0.034888055747106295
0.08187515546654012 0.32688565447471285
0.652935048004089 0.8799605108496507
0.667414692812137 0.8724279731678157
0.16170817405448934 0.13910856964401808
0.5179738378303457 0.15052616826950493
0.5072493689548742 0.6614123291023789
0.7598453447271537 0.09151324233051927
0.45049203734358734 0.09692594137261501
0.8339739862705157 0.2733228562190374
0.10731278890002738 0.8543585400977922
0.5586119741584867 0.48357260321489637
0.27197986464173507 0.11398051101906204
0.6694761021944631 0.8579028061686309
0.44789460729980946 0.8944327554121213
0.40012952826718495 0.49210209277576633
0.8722811936237205 0.6428913912023286
0.6381827309531409 0.5312584328671536
0.059516351245366694 0.7477508867155935
0.5245664605167064 0.8658273559504789
0.7913339133444539 0.842253983740758
0.06880551553134306 0.7035333746454117
0.5705520002324387 0.5228885712036774
0.5549215192162914 0.0630778860254072
0.6932148633975044 0.09242114790055456
0.9805051471247687 0.9986386711387228
0.07350139502228059 0.29446596508971823
0.19694884333111506 0.7742604308935271
0.40489889155367864 0.09210183806891536
0.8238033722200265 0.1457831451993784
0.92958619595192 0.5505247789117912
0.23861701498454346 0.17469432418168218
0.5106677780695361 0.6961855166695248
0.5342268630579403 0.9129778487861522
0.5867664618181732 0.8929030874219307
0.9949155736771828 0.3849729524499653
0.941835929228647 0.5182583116664633
0.15376360622616003 0.0625457764763876
0.10760676555084558 0.6096476447741
0.23514540435074804 0.48731453169952044
0.4592232034882746 0.04835222200240197
0.2403448335784033 0.16048746232837963
0.03847670671599457 0.9316759830674994
0.7449885732632692 0.9424589599880457
0.4558892217821947 0.477072142473826
0.7823000049489898 0.2159502651926566
0.3208474058856945 0.06570166814010536
0.288426717757407 0.7755168977673579
0.3138655603243381 0.9482734342207245
0.9407488258790934 0.6556252041918386
0.543421302273776 0.08420770300598546
0.6033531517714924 0.1410504183134501
0.9345567860480049 0.15251768263200294
0.9909271955315371 0.24626465721443325
0.3412939881461948 0.10874583594185172
0.2856196357482582 0.7670864612195365
0.3033130996139579 0.18722215634520678
0.42555614559579713 0.45161274848109767
0.2206061941926789 0.7977158946244499
0.38479160670462076 0.8873307369775295
0.32127842132866946 0.0829811283717099
0.2057757935473442 0.15678142348697932
0.862735525665643 0.008355001412554186
0.7257132573727177 0.991100461602805
0.5651252591218429 0.9549874497157899
0.8936401559270796 0.7039679760293612
0.010718054152380474 0.6821350544730636
0.3691121564823975 0.46706593530325113
0.4510010358557539 0.9151152093295216
0.7286275059417536 0.79066250740278
0.10952883195310092 0.941206273481098
0.9878551141370103 0.6095790392698796
0.013451564088928225 0.6463262990531518
0.8695410877919391 0.19396928421940884
0.9700448235100145 0.8506028349919386
0.29104273393171165 0.7730005967308899
0.0789158681331461 0.5142818126104164
0.6386871679803072 0.5025736667986874
0.004202293624956166 0.557697204742718
0.05050731489642413 0.42016472586214004
0.40786587468160507 0.8588431460705271
0.5984853312022107 0.9218850054956333
0.21525555899164595 0.47986190288929276
0.8156231587698636 0.6549103278316745
0.8148186728640959 0.03873650753942037
0.9020049408535592 0.9730619232718336
0.927843828688655 0.035536928306384996
0.646337518134885 0.11756311568684819
0.944082747781684 0.8084375053676144
0.951181966253126 0.7202984309367183
0.2788778962465849 0.15571427889378486
0.28144793832485504 0.9274039823250375
0.9377604398104251 0.9872868592583942
0.5213490600381074 0.859396597554769
0.8893365749856104 0.4039970403756148
0.40279264713135476 0.16773756496015213
0.3644640629920133 0.5295984244808899
0.5427702798106321 0.03148360301382824
0.2969843457767932 0.49677028360224285
0.17438717731033515 0.19710675638498065
0.2385079733600608 0.19413297060602497
0.538780410506775 0.7781919681727453
0.5956306014242123 0.06616926605261719
0.8602271373141638 0.11441246258286997
0.07217210849309375 0.7061373654956844
0.10356994614286186 0.022308068345669563
0.5920835006072526 0.9889880321083993
0.5733466756433752 0.9859997963390323
0.08057482725990894 0.9567619058670928
0.3521693753998528 0.8163990553294288
0.40418964044404504 0.0851245342088911
0.5997039850115881 0.8777399287209623
0.9015934433548249 0.025474199955561327
0.8290938407083726 0.7779080447354025
0.5543918172764801 0.9924745173822268
0.4383840091161578 0.1431084495387821
0.5792416468862128 0.17185035846680097
0.8548145317911675 0.008106022395170775
0.04064360847679538 0.33540119082021824
0.9855333258706289 0.3109092793582098
0.9411041043965925 0.43956434072384587
0.11417371645189833 0.3728580913203955
0.7313851279179879 0.16371073373485967
0.4557827438702414 0.22893390360890742
0.33017131648804077 0.03123509168592331
0.20550685790697565 0.7986869324176312
0.6612684150238524 0.09133493554899852
0.41473504638567615 0.5380452713206939
0.525444204432901 0.4071066737588238
0.08236315558893692 0.5534742686370451
0.9974658731628171 0.7671347087687994
0.11483807098336507 0.12789146772637394
0.30840231066510715 0.14483435293721114
0.0015349021580236544 0.20026678667163222
0.7572350410485273 0.005907399714132677
0.01682835701262253 0.371901443740137
0.9013729599081044 0.17180577780619777
0.8881038495399137 0.15766030775022943
0.8393048513355139 0.3687125592518533
0.22862205234011268 0.9102953826125497
0.5006487183203523 0.5679072325225942
0.2142774145121703 0.998682341534117
0.7721248007252857 0.8425334574708776
0.48895136216779655 0.07665306930185556
0.03918583310279622 0.7426741444727097
0.34360588457938046 0.46645869457028477
0.9399226761960195 0.40829904431310104
0.5443699105796559 0.005002524840745148
0.837703265008417 0.32362048531174903
9.0622750283742E-4 0.7216478969328506
0.9269054958397089 0.9105722915341925
0.02887594627335277 0.5666632920801388
0.09070408296574739 0.8425865739145917
0.5197752191110758 0.45344040909418215
0.5493518160194094 0.4920987648932915
0.9629479645718539 0.6863178508949558
0.9772004368610469 0.9013349951681938
0.8411188982409236 0.7406837806055159
0.37680074877925374 0.010011185667448297
0.4623706231065642 0.6013526215008929
0.5424099705310886 0.256763884104361
0.3685809022404276 0.19119993771175448
0.09198341697904955 0.9684371226568625
0.06806532057582848 0.5666615762867404
0.8386212180851631 0.30723635661288884
0.28304328903761033 0.19420731785957868
0.13891449200320483 0.0993110898651941
0.07953448071010916 0.4749219677867045
0.13901834987853923 0.8187398021044695
0.8826005669355409 0.8128508400317845
0.1777725640643506 0.6869671905607202
0.20245709428935665 0.9374941221883432
0.39136603509246193 0.016847099467465765
0.11419579658273238 0.48050520347864045
0.3847071225434683 0.9206160551706469
0.43032867815565823 0.48382830995130954
0.3568872103638516 0.9493261880728966
0.8799156039287338 0.3407576625840498
0.5025585812795275 0.7696859534869093
0.22179927921498288 0.0460111753078295
0.6286783970450692 0.05198275845199607
0.7965434384412076 0.6598101034324187
0.29137405598717014 0.8859336958925025
0.1996041434283382 0.7531211294688154
0.049744702020027454 0.9933133887118245
0.876972147647036 0.143592711910133
0.18864158302555678 0.10804781408727804
0.5288758342912038 0.7162627493375547
0.5362637356506448 0.3773144896854236
0.0384100861858353 0.32672107667233163
0.2734259819667336 0.1057380867526515
0.5937320180455575 0.17291677764093571
0.9496280231700044 0.10051815703399092
0.7625772491351908 0.8867816183142443
0.48461614372441264 0.4336000570127161
0.5617246797978499 0.8382628621622351
0.3073254108341614 0.5265077711701192
0.4983995901267587 0.5371671789393464
0.10525026602556553 0.9259395251109739
0.4977309567629895 0.15557112708621001
0.03926810504106737 0.6049287678450126
0.9693900090017756 0.8140712496104939
0.21219349957422895 0.13039422938441236
0.2426685183213414 0.1946572138839323
0.9419013792852532 0.40846666986594216
0.18189963446604984 0.011678420834593917
0.30482201635723927 0.11863183326877746
0.00544861271505559 0.19204997315627892
0.711399001075566 0.47134496106582424
0.37814880080312063 0.5085275592650023
0.2520014540924015 0.06495395694504058
0.3262819539333971 0.14847730310962615
0.8373315744241709 0.9810666366844384
0.08365498383333703 0.8375836404732196
0.6464450936813689 0.1830573165249083
0.3369122370022716 0.09301282867420335
0.654960674321462 0.5326846986263778
0.2001889994405217 0.25172315908371123
0.9231204322912794 0.5486470009973563
0.1600334312129974 0.21488597341337679
0.8083662629690037 0.8834586444100081
0.19854595400676645 0.019098323040630527
0.48214046401032884 0.7126347212046787
0.9620819295142631 0.9323349873897052
0.973198843130979 0.8476994374249197
0.8738494935839874 0.8054986296461069
0.5851398766143288 0.5448183416578252
0.4306283595672886 0.06830822462459196
0.898721422966755 0.16937477831479997
0.8548476306507898 0.22942335574119088
0.7415699211254031 0.4860164138761812
0.853051866034368 0.21265231071372948
0.0373555438173363 0.9696717062254293
0.6590549413704521 0.8799810342970343
0.3188636039362891 0.813917977246858
0.8835893362849132 0.017626235691156955
0.5488703098847926 0.6424180516494302
0.35312504755944196 0.4555496395512557
0.5385621221929344 0.42216288141022584
0.5849126777287594 0.9520390252993461
0.47825729349319024 0.09347830730084039
0.9610860158878799 0.6519422264850535
0.6692217433918819 0.18406975548881988
0.9045770328822967 0.661527692725273
0.4250514626909404 0.053355362068619794
0.7976077165038343 0.9313477021739104
0.9850889347168188 0.29901839368396077
0.5846039924181897 0.03588755636328678
0.1676926861521132 0.6832368140432798
0.363447200928962 0.8643145486115784
0.06713082634309475 0.815424161344061
0.976251828390692 0.09780494935852735
0.8807023999615378 0.32069568481320887
0.9643051343738692 0.3771159519476759
0.9632982082836848 0.5800941336099452
0.10018528373336366 0.5410816097726154
0.15755894989640895 0.9766960725658611
0.7599087672140458 0.12678784300028323
0.4378512767881002 0.9247056908801333
0.7676165117683551 0.9695350384197783
0.2220609471381383 0.2780516985024464
0.7126410028075396 0.47656817086168235
0.1929540628554688 0.2644955969489502
0.19168866136211227 0.3244605761516791
0.9928776134300815 0.3251654423381115
0.40260769771751925 0.028295873059666854
0.9236187933177029 0.24647178588033447
0.40349891228930224 0.9900765137383764
0.03882842563860067 0.13367712346979255
0.8343632558355455 0.2226018781190019
0.6738905416872897 0.108862450158282
0.9879215337504079 0.05805237549093356
0.5939721719603562 0.1385429355078841
0.1956097864467311 0.5375178987705921
0.09043375266254117 0.7489544601411652
