2 1000
0.9253411797147939 0.7561959519213276
0.31528857834887114 0.7914878067949964
0.6275726439774075 0.4627860677661587
0.37233699916978724 0.884372754087068
0.033550498385721994 0.7100388427365675
0.015574489028666538 0.9273774604141165
0.24807435565974956 0.8370347974613512
0.5786943958686458 0.35103521082933475
0.6906804112731537 0.6180651127675229
0.6619225567679701 0.34030768319998983
0.8051853906641016 0.44038677864909304
0.5145853598088979 0.07313357082983285
0.3688823696812965 0.20399181092536733
0.3011986952039658 0.21428426952348756
0.37259037884030455 0.28616434977071903
0.6749210990463135 0.005720880269342032
0.36977947037160164 0.4127124689355064
0.41022791954103455 0.33604864181979477
0.18885670878818306 0.5415163281638032
0.40400526511349855 0.03215060322047669
0.8556363727331759 0.9465706974314109
0.6482594132372519 0.29064075792455035
0.23421374865885725 0.40438188093110394
0.8321232814867799 0.5812316981750777
0.4689722860623272 0.05049695038760038
0.5394756268452178 0.18843741444169537
0.1885151783687926 0.10313409891127312
0.8355311517279175 0.40903113559855253
0.43411311770016126 0.06790117658869421
0.7480416472511338 0.5098436696178209
0.40053834194312754 0.7334683950517914
0.6274802312272123 0.9501611596832716
0.02879986143723834 0.5890090497520903
0.26410568264866796 0.9564981207009067
0.18537326171561952 0.28514168259659234
0.38286014421202885 0.028490107145847654
0.432496700434839 0.6553951744156986
0.1620418568945301 0.9828751927314966
0.8895657538673284 0.2130530244578982
0.9610919966203154 0.11050051837497765
0.2857543364661057 0.8270395187830619
0.7227101510635426 0.35861689685050147
0.6461101923999668 0.6270511457634316
0.8447211241868479 0.4649607651490686
0.14490218141681088 0.9943201781279078
0.4512127372080752 0.9576274560614301
0.734381936086998 0.15596099328930446
0.5286407128982469 0.6276297729610484
0.5186040475814929 0.4199931450305321
0.8888600140833824 0.12360183762387955
0.32611854899079074 0.915807645967914
0.2064007311327848 0.8648133237565372
0.38267315098842436 0.41802635121791
0.6719531068293954 0.5065830920221653
0.8512857133798322 0.12249618319431532
0.5943054747629444 0.4375915322515077
0.7221923359256629 0.6202538310453223
0.030653696409904452 0.5635253226329532
0.5837911720138255 0.9906613130315625
0.8391064892203225 0.9107807835715457
0.6510218265765005 0.06299430457427657
0.17900121032191385 0.24379003160622026
0.9489534197255035 0.8816766107006101
0.41074926146726165 0.9426026123450697
0.39912764592645267 0.9487361660315506
0.0029464591020749165 0.8118887284205994
0.6187621923771024 0.3298204476380404
0.6283559110160448 0.23058486992880733
0.15830564966406868 0.08679784164913718
0.9855748472505785 0.6296556030197934
0.5487521119401831 0.3348780766420937
0.35584531619506066 0.41653004810417915
0.5806265316090458 0.21490800969603607
0.4311541316780684 0.011148663636810108
0.8473922764489826 0.7788137881061756
0.171697448649057 0.5470191747234865
0.3366905824913282 0.8206427758639314
0.4588151477114327 0.31623707224488606
0.5254867647315646 0.08967819164335322
0.4014743516727378 0.8604527777930449
0.2828442684970628 0.44191998231273755
0.14398967093058224 0.2996117992546026
0.8062317652980161 0.37939821729241474
0.7722891067386227 0.909934333668022
0.288208387657353 0.9071094318991861
0.9926325761381308 0.47770198481871473
0.0029355283088295936 0.1699539367649724
0.7142523078041748 0.8926616016744884
0.3958464012778382 0.05481561439362781
0.6777268882385413 0.45132904400868956
0.8296391079469346 0.8748304537383945
0.37907344701332224 0.6361147648619275
0.9251242776893112 0.896886027961515
0.37439582943643335 0.38557870362430524
0.1584518242367059 0.7421597944713528
0.48677282947027434 0.07522252177702249
0.18054905963984602 0.7871427548018887
0.11324863752234982 0.2720327634685049
0.5841755171695162 0.4739378620170889
0.17028476295975048 0.806575550413158
0.6059583906029932 0.2882157100600805
0.793271188473425 0.574914640240591
0.04841316407296348 0.37041779522093676
0.999693031526126 0.0502689293547387
0.9326772378997371 0.30262026375827533
0.01494718855261068 0.7205278834452397
0.41606640061424305 0.4991287571895223
0.8435504454509056 0.9451098520444117
0.36663806424428746 0.6779093066750075
0.7256645823868845 0.2280356517521417
0.4815862693939966 0.5866215263871984
0.5001008588423239 0.3317964429444956
0.32008649424733715 0.9108258447829352
0.2680530256157745 0.10502444434360259
0.8825772509152714 0.24015828310252796
0.2673471899462455 0.9149984041588728
0.43750905502365567 0.7020305419950866
0.029835583976157265 0.7134877849429765
0.8292287634440693 0.034086453069683165
0.6147029409878074 0.19515085578679647
0.5132627763232455 0.918704252818957
0.7055611526743414 0.17320906628301613
0.48564542955663015 0.42215571212327363
0.42257078897512834 0.21053706729900623
0.15365052177661476 0.7521091551916138
0.4464802480072697 0.9735228934982679
0.6867037679136927 0.032634374437056635
0.505139884436484 0.4795511964115593
0.38503676149721866 0.5043535998199212
0.5510198870580255 0.5522340763491643
0.46103195615079173 0.12562436076507744
0.7783261016416027 0.3601165155482098
0.003875291917518009 0.30295867301417967
0.25568496574299526 0.5471532208937633
0.9594458796128775 0.7489700518287719
0.39682354070159787 0.22481445464805727
0.575430126660514 0.8177546370542754
0.34877147862512314 0.6033221497287501
0.02431195032995126 0.8806724293654012
0.15548701047952396 0.7580639758504931
0.042949710551888454 0.890955303550038
0.6459321658150641 0.22176841017709148
0.3802221378547007 0.19061258677494353
0.3977030480185473 0.6944038256139097
0.7350237833542553 0.7785450869510133
0.6842225348322534 0.05263412176215054
0.17858410057683705 0.48464168352423653
0.9521613114051791 0.22935960577618308
0.23993946988651615 0.5279135754628602
0.8465845825385157 0.053273811555352935
0.46733035993020333 0.35655365677154927
0.9774111870529507 0.4446238602131163
0.585320244531276 0.3796498522753263
0.6966975766076604 0.3634372454704553
0.4667222458358753 0.896930590119815
0.9788046779003791 0.08517676807340768
0.7765395851421794 0.12201854748106211
0.615393989752325 0.7641920004133679
0.572167807283398 0.20256162028607094
0.5940181759216456 0.9248673370623206
0.7959821079658215 0.675553384511157
0.30890244213888707 0.3718570969239855
0.7520911965329249 0.019781496876097426
0.36198886736424174 0.3423407696286138
0.5448473891884233 0.944531852748152
0.2905704487321449 0.6619336691397609
0.17120633587072098 0.2008667654908487
0.681816051571146 0.11048805155666497
0.7607479664202708 0.5387475614283118
0.28669901771066264 0.9827298338059814
0.8042460444790024 0.09680595365881062
0.4580687087790404 0.8397608443016258
0.48061196445551235 0.3120569362512693
0.6439169031033346 0.5869489638993026
0.7683258544902957 0.9256600445831987
0.8906609987408162 0.1735552883334588
0.06647108586132178 0.9708135319344803
0.13141330402311613 0.3985780231854644
0.204868299948066 0.9004174817207689
0.7461492209109449 0.8727579372100839
0.6598626680231215 0.9536793310725269
0.9329573768999384 0.4949278947570255
0.11919737131985242 0.6316884526939107
0.9987381341190278 0.7695646844367885
0.693254920551539 0.5754843075540452
0.6350797584853638 0.3138966088879225
0.5021235423952334 0.1797212559880379
0.48218302018663406 0.4321563186466627
0.31204214290763765 0.5988642381610185
0.2560461918871578 0.07064410104823127
0.5974532138768591 0.5906666207388633
0.8960706458776563 0.7329100709880427
0.6375331373051757 0.4009454378715306
0.9853267697078244 0.6658888394171649
0.37105015560813914 0.47711036851867905
0.9714154521044333 0.011136969182803158
0.46363506505739205 0.4289051696480196
0.6345987975280467 0.5098001709536613
0.5280804057206512 0.5404428224430106
0.45770328543749617 0.6639087718065234
0.8020296057021422 0.8621216972460822
0.6877075037311188 0.12695172717712777
0.5804573917343918 0.41643016696391943
0.7152899483936752 0.06492243949236809
0.9572321045086984 0.8327307060266558
0.8653066933017727 0.2680683464933328
0.4284326743200627 0.8178654798264753
0.9653540537035493 0.5752698112191771
0.5134718571202318 0.5281060400303695
0.8907471155530274 0.0786493873723465
0.5814124605941245 0.010382285715375694
0.9093382038064822 0.298838514190499
0.9200010988779901 0.8069977108942746
0.5413568693374191 0.40257312522136324
0.16143042314665346 0.49955606989611434
0.24179402320069365 0.24784657433507506
0.940529685260041 0.8268359431356743
0.8519269309600045 0.0035559810020397986
0.9732647093638571 0.6005167599452718
0.08290969327688247 0.5424358618092643
0.4266928092732408 0.8063640757527729
0.09327624474709595 0.538074712850567
0.6236406484280185 0.8728205291122543
0.6885596751865961 0.37269528768095006
0.1820395001593531 0.5183988958029042
0.12441372291821617 0.17691302243079343
0.3446238791893871 0.3757503962590709
0.5651792872642696 0.25824992456993134
0.7405046416626105 0.7335529431944914
0.15915603819263835 0.6447469342747445
0.6050232723906357 0.7605354084107444
0.2297735148409814 0.4107666017583136
0.6315869935982409 0.4083435923457228
0.0795564634149667 0.02210935687270632
0.24769282884511068 0.9768970723438373
0.7966318517427129 0.5530552809724743
0.7655949982546334 0.8864403031625688
0.8276034292751797 0.5071691403916405
0.40299432331425444 0.6925772734581922
0.33420481287835935 0.6525526561155299
0.3009036647689395 0.06584658599054294
0.6471384468866713 0.5200980904214227
0.0694900971807334 0.9341729261939924
0.01570562142778642 0.9833228315636319
0.795381317813587 0.14758595606990643
0.07897473357603413 0.46511800654590496
0.4627474618031058 0.37957693121399494
0.9816489469059531 0.8143750278752578
0.3929231864831719 0.24888655276209126
0.5293604708448698 0.43853479869704803
0.945742188162696 0.9266695800627754
0.7615201664875683 0.9479276276268788
0.700689588561414 0.5636251877704244
0.37893875865460125 0.7779743521375714
0.5077609666359478 0.004671818336479783
0.7181958438978444 0.5388682843480217
0.12419330917521032 0.7158664041796876
0.2470348490478531 0.3677373608101565
0.4059812991245768 0.05766948100663305
0.7276978136584304 0.09105668894043062
0.14112559243344036 0.876730156376436
0.5823684674474311 0.5583849503564918
0.7504297917984957 0.8830423092573123
0.9805169692280871 0.8998963198603256
0.7170482804326936 0.4593575371143338
0.14757702470451972 0.6894222401404954
0.35037867779796694 0.6252411887444105
0.5587546748628769 0.4602400362219198
0.7546991468524767 0.4382765422185936
0.9249265010044604 0.6339373577443878
0.7869160918401347 0.9365958112111256
0.9276425248794048 0.5119899149485065
0.7925170550653897 0.6133915296576246
0.06080626767851938 0.27713541700294886
0.8667184633979853 0.9043847700784632
0.7574556841504972 0.49949606055272733
0.9133111887240587 0.8004424283159146
0.5618506694518564 0.8089925531615244
0.25285773250676213 0.8238563418447272
0.519457066040459 0.29718079803458963
0.3006229382564626 0.9691990973991332
0.4097428184763712 0.48717658382943896
0.39392516495991226 0.37128125894660846
0.07975942798498048 0.9290771337550062
0.16075807703637368 0.3559257504432177
0.48543115231196166 0.1779554320247677
0.1542031269224594 0.9241600171445697
0.5931606908724522 0.7429433680171631
0.34724290879192554 0.5021598076264908
0.9740665196977455 0.03562153391603262
0.6502258027272058 0.9438000678925879
0.6001538663611893 0.30978816075718674
0.32365961813833144 0.040528996070664736
0.893171268601219 0.6567001749107442
0.5284341201789353 0.1026106170197435
0.12600017227673133 0.06739710453868364
0.18048706547315374 0.511702421839856
0.7427558053337494 0.34518379092133056
0.824407601472277 0.498599533051148
0.551905844330443 0.042303210792365764
0.12550190247707405 0.15502604864092762
0.23546236771617868 0.36159721096096564
0.45694147606847646 0.5187323643253319
0.9813491560929073 0.2825537365643793
0.8090069339635058 0.1481390986198966
0.7185356854540328 0.5685422429098148
0.3391141742355913 0.4302299381767527
0.007814313587557242 0.43630700524420507
0.2599910400755342 0.8522486637545345
0.7461983055045507 0.09839856284962067
0.3394757037596683 0.8105661093883354
0.782492057762173 0.47226888477571805
0.11069292249996188 0.029063144163632537
0.7157755437944865 0.0963781468632795
0.8405838490493158 0.12592379865652337
0.01728094011712955 0.10944312284564861
0.2566239120231658 0.8525186208397915
0.39423539649431216 0.20182786589050472
0.07562416076124323 0.1268583966486272
0.8327950305661967 0.5925642879485978
0.3411866647841417 0.3697334651916667
0.6024439015751947 0.23310203292856457
0.11821700064543295 0.8698091975625887
0.9039513494729944 0.051726178931465805
0.5987504640486085 0.035244353004833306
0.860878285391418 0.2491028196265419
0.9168253804758439 0.48961713591637457
0.5287124119601668 0.971181062855807
0.646486147564486 0.47265726524714435
0.11593463454158193 0.5040971245989357
0.9873815839026405 0.47631946960762184
0.21113055127623848 0.2438912369702263
0.36979169774537546 0.8048344893282707
0.16457386886408665 0.4367626213808946
0.9654508617433929 0.0038401144413497956
0.6960930281420225 0.4759402190288162
0.6529061052002364 0.1766065368702494
0.30288839707966786 0.6508416580185092
0.96533229561783 0.12181448660544614
0.44264736044716935 0.10220895822127085
0.5903273156586558 0.13189453697150177
0.6338058824334232 0.2104517941209494
0.15736392142560784 0.9899169810782364
0.2580044203486409 0.907346547789846
0.40459874288135056 0.6952419288875108
0.5126299227861203 0.8120946637644753
0.4695537553664093 0.4657773557194681
0.16532721100194891 0.9608111124283181
0.9597315413244544 0.4821998141725198
0.5920795650026891 0.3045972985996608
0.15381256259882203 0.2460746565711588
0.17374109622244438 0.5668028588434368
0.34407185080790326 0.008611485687219256
0.31453069982356696 0.43485213728070216
0.3721390751893625 0.9443246174283519
0.8013944670497791 0.40940527415018113
0.058510400409644836 0.7636693811244886
0.4344581929927229 0.420445919262589
0.9575935019393514 0.24429270867744202
0.7457966335117733 0.9653786761051135
0.2352627081205918 0.9774632033322881
0.9230646029052471 0.5142258127743496
0.3411693892999297 0.5926855428646778
0.7846639383935449 0.9275761810226041
0.031479595425665474 0.5636540563445331
0.4739360508856816 0.8837181318500856
0.5374199460282366 0.5849554591768745
0.7302081638373944 0.13080439236978458
0.38310628845625194 0.8597970591474742
0.6461228102832202 0.448042510882677
0.571755021910499 0.8812775881738456
0.188936142212899 0.19276604125638463
0.7330659042661486 0.9828566592563033
0.9511083735286833 0.8818491443959605
0.03131276437002728 0.23881066364780235
0.29024385492623794 0.16114503139318392
0.15835968841027148 0.24628276299496565
0.7557167258560833 0.18816108720074143
0.33204803041395636 0.6635028540155049
0.7866905539919617 0.031522985905598544
0.09237030118665279 0.22509211386759764
0.3854926746160534 0.0019890711795006455
0.10824371891692308 0.7299984190210711
0.4718089519250067 0.4511042715389334
0.2946301378156896 0.1613956929708611
0.5264314230608866 0.4840553120889377
0.7732066844104154 0.1789199035152399
0.25192182829241194 0.48019532511280194
0.4953153261697303 0.17429086772408553
0.055578110391688806 0.10632823218269427
0.06784671580215929 0.3833518445685996
0.9735300401316742 0.9851906722863836
0.5732970405121173 0.1971946862547972
0.376980435838165 0.09550542728327838
0.096269708506588 0.25957776646478914
0.5992447347370543 0.6852644519442125
0.46518116359842077 0.18863974063115319
0.4042713322202677 0.35203329805646444
0.8722414286850516 0.6772617996829995
0.7433098189851716 0.145070616936671
0.1592593500362488 0.840009020550886
0.9000781287015843 0.5756693949063161
0.21572888475628726 0.2140346505164027
0.8338248942733055 0.7662235680420492
0.5971846215861163 0.21626006431042077
0.6810559723879138 0.9495379361860683
0.9767610945555404 0.5055989239069387
0.9961273551642952 0.37929788027413236
0.6866729497045405 0.0680531319995108
0.019055731205917525 0.3509592813088718
0.23786855310991395 0.8664119256835673
0.5340383424962892 0.16472534800176242
0.9239237014108056 0.7515319117485647
0.6009455606050013 0.6095014355808324
0.7054886585163709 0.5063955631532084
0.07434266068389295 0.788598413715804
0.6082363213479122 0.7887244654396797
0.778804033556184 0.4428127308089156
0.8614428403299749 0.7183124285997989
0.5542025882062246 0.6582325089269143
0.527722317719167 0.7486985804772954
0.6680863404729422 0.11096074673664846
0.015919904929639683 0.7004814610450167
0.775045802851377 0.13690075778424748
0.6615444703429836 0.7939178645735101
0.34965866758828335 0.7145195179925814
0.5671900656311076 0.8079915350610914
0.8293163211173538 0.4512135155766269
0.5951121854176924 0.02809590534749362
0.43013071050733787 0.4226149160180317
0.03593913697407247 0.666861832208482
0.22634996399410368 0.25808738346137483
0.18408358362895982 0.4825120642833044
0.6276710144137129 0.12079467049766301
0.8087503485454391 0.1672561026431375
0.9751958234470796 0.14012123342894767
0.5332668083441837 0.10359132468572585
0.572318968656838 0.5233627667077071
0.8928171805920492 0.6037113891619561
0.13161534976157363 0.28456057007889834
0.22623806610821484 0.620476872383824
0.8931674010414073 0.8119526365247736
0.5507376120878801 0.09958444937609168
0.6439821996332584 0.1612834496079063
0.30391930070970297 0.45907105527125824
0.35308340454949005 0.4595608113183631
0.0843529596416146 0.3723411843877763
0.008141855405865317 0.42054870416063317
0.8463919212734387 0.5352266524713182
0.18457223719727178 0.2295969129065104
0.23655494391529375 0.9550765376617129
0.29796968318453554 0.8646668524148188
0.5496266397250282 0.08358196389164252
0.9000508560706673 0.5757395202153484
0.015267221932051656 0.9963526155635908
0.07147990174763075 0.15608630921502908
0.49377831275130757 0.3582964957476129
0.7785261689446693 0.7575228185835648
0.7378255816387973 0.599076553043863
0.9573307231189904 0.30593050746510786
0.4420437361682279 0.37915611126062965
0.553192559430879 0.5210635122397188
0.9602494322558989 0.1743111426344105
0.2948943743221747 0.19648937206716754
0.16515512856489556 0.5339451935193599
0.7533074480197537 0.057394001776500225
0.19343891711099404 0.7635530690153634
0.8419492348519345 0.746411781574848
0.014576660155092958 0.5041441237826887
0.1141316134976561 0.490729847070253
0.6645110283000745 0.2281806603207045
0.44911917596655715 0.039352907081379396
0.7285788044794438 0.8006353088158521
0.9420535854625975 0.1629923781283421
0.6803437971132973 0.565629697689397
0.9018028416915959 0.7758246793070689
0.6951130726355459 0.1348782719082755
0.4211216747401557 0.14613247287820608
0.8911779129170274 0.18766026490576926
0.2169185042028975 0.43715746967506197
0.8218322361717298 0.25153077677250557
0.9247052760940588 0.026305170739294836
0.1285678044976628 0.23225990790686402
0.7452413884523473 0.7289755769745733
0.722006622770106 0.1213472814487977
0.5716795479289629 0.564254969971306
0.6027319150739134 0.5036362718395015
0.3293968820347337 0.8764227364467165
0.614045636164104 0.6463708508422668
0.47040500478484815 0.5878559095409874
0.23793978777705127 0.5124906095590922
0.6294297853634917 0.5082598489525417
0.9858896547758204 0.5626847315641391
0.8914224392388936 0.39040462090509565
0.9641746530423058 0.7035902639525434
0.8779721530584126 0.977327095795748
0.8393193382423331 0.1623317387269111
0.2459309026156865 0.5742447144537851
0.04457480115555568 0.009886775352735855
0.7304057041644708 0.1648968280030355
0.5834456092275893 0.6316392092295581
0.1326694216391705 0.6368385597747954
0.4269451827049333 0.49015938475954546
0.9671520182371816 0.8238401260769888
0.02034679939247863 0.6825448393708652
0.47646268986600215 0.6628371904028928
0.8591719016963246 0.4605718104497012
0.832771627830702 0.918320179591632
0.32243499637305595 0.4230904950797243
0.07632879631648737 0.8774176467842808
0.9457238596792206 0.7654214354982841
0.8972490374944638 0.35926033195213936
0.7532133026793774 0.6652183904976597
0.48447575118261654 0.982935650889282
0.8545375677031566 0.0430220369547365
0.27412764366901476 0.04442119575894832
0.8981971030016366 0.3355863189106447
0.6072910536977443 0.7914264735519618
0.025315212650892427 0.14313025690260306
0.21100558537987713 0.36229996685698873
0.37021646486168036 0.766849937996564
0.7715599711002034 0.6545648539128812
0.6951488693149671 0.3576842181000308
0.6488237847367714 0.16525139156804103
0.17708674268997693 0.2570278638103256
0.5905795394684352 0.5542776021381717
0.10667312954618247 0.40671992592406125
0.9780435121204821 0.873034664751455
0.10117575756662622 0.5353255134582473
0.9039964875375339 0.1106387994057505
0.09003723176545064 0.571458748790681
0.15487059630262667 0.2486236774546846
0.9514167918052178 0.7370881614880456
0.8179558467349811 0.11464868789312688
0.9772418930052125 0.4182021984896981
0.059197094960905194 0.9819610144478373
0.28281625226531415 0.4613791554248975
0.7047674148458345 0.12224833326766682
0.44229204609538264 0.5403839436760454
0.8474501369388521 0.30320391337248753
0.1496177171601386 0.7321784180202476
0.7742301338334937 0.17782833043679214
0.3633283369206276 0.43555963639880335
0.3703773600051764 0.734075642972141
0.8533922433564132 0.289324311406261
0.5513562321531924 0.6468096782197068
0.9380347383639583 0.23716819218613405
0.5876133260719179 0.24375360956189773
0.7896486084571929 0.7311634140449196
0.7509113011010586 0.5523857652814398
0.18668398311077683 0.9307461758144048
0.5923298370629653 0.3614622072129233
0.3080004599458246 0.33387139212933403
0.22458610179735672 0.8124493054751436
0.07760393574366964 0.034155924224482104
0.9936319948927914 0.2387187355326369
0.1287806788405872 0.9106842359313324
0.9772131600480649 0.8126793589987266
0.33350749781076217 0.4102767043157285
0.9036607774111749 0.8938038800875376
0.9522161019618308 0.707420430880594
0.3267067395061505 0.6279388384428269
0.04303616549895506 0.7725757632628135
0.7351921490970778 0.9119508894548579
0.8124203533351629 0.9675032164037215
0.5751633477574851 0.20418811064528863
0.3433077749512302 0.123698168146398
0.4582576773180912 0.03134823436502354
0.8010083655739217 0.09321863433811728
0.9443451565940002 0.853747898192482
0.8027364093390701 0.36875064112075984
0.8613097433916844 0.7776142917668837
0.06523682041479917 0.7794688195676591
0.8075301712719042 0.8783624419801769
0.3712580513732724 0.6565723203756728
0.3577972397154021 0.5169354852921357
0.5602048494680775 0.32413714853003195
0.036255291017480595 0.11103676444940103
0.9130174433335814 0.6003650414757632
0.625109513288909 0.25835212211357494
0.4733331718407148 0.08252687718728591
0.6084338534606891 0.05421980435305784
0.848147382414662 0.8572821105027156
0.4595409519320979 0.2626745305330569
0.2553435221163547 0.5778450324686607
0.20254925142750457 0.23823911230309391
0.5548735088629164 0.4081692339518991
0.06420513263837746 0.32183264946000034
0.3815704303084272 0.2627452646087284
0.40647119750721505 0.4569616972643803
0.0689707416773171 0.1580450446778905
0.4236685186345458 0.07799595900149459
0.36494265048510366 0.1596140627414968
0.3730604611414857 0.8260717380436431
0.9233193027958058 0.21314679574505613
0.8079670901466749 0.008117037495581014
0.26249193909640023 0.3355434608846599
0.8182903715457304 0.10287506512466138
0.3532217296517173 0.40562026663434714
0.18563881565250984 0.6617528594893928
0.37433588576967214 0.2624083966493984
0.48779929658550714 0.10800085470740173
0.33625321641672234 0.7356481677197114
0.5668463158829153 0.22858899261400023
0.10519490930685393 0.16179233598516485
0.8402021488810241 0.4277301158482013
0.9219072241238812 0.797114190443522
0.03020802433656944 0.39037614853464186
0.45843674928333034 0.9313111316772076
0.6122388225002816 0.9076875380702601
0.4390227994162229 0.1003662669847829
0.3941376688260241 0.0658212073379858
0.5478148605138631 0.5004876384780641
0.04670840258975317 0.777587067510723
0.16314900731286663 0.5225751142051319
0.38528930962481034 0.71082627987185
0.9790257114282257 0.38807184095102065
0.6631473830442847 0.11562694790023043
0.9033572541591889 0.49666856095713763
0.30870985691833175 0.5484430441245822
0.926419210639664 0.07434978930773817
0.6804621241236668 0.5628083385925081
0.23911320567532135 0.8618908430557211
0.7612649269878061 0.5895839819316971
0.14891334645619236 0.26611012424619174
0.9830083949087679 0.7459110196333791
0.9172664078144841 0.8941218500581234
0.3937941008031347 0.28543841567308825
0.7424682189791191 0.3363195082295012
0.7490308532321585 0.6371933901351704
0.5186919456664658 0.9321100822448729
0.023218014097494244 0.030548787479726225
0.6729945985801665 0.5580820505820301
0.42318980203335943 0.5016949113340023
0.3708550316200071 0.38722227077515825
0.8595261008080513 0.9695354354782257
0.6916039400491443 0.18235586853479602
0.7806462458468598 0.4124162770971871
0.3328373003218682 0.8702700876850792
0.0884062421301276 0.017106905012416518
0.06345919931627542 0.5442702480779934
0.9318643314340649 0.022311736775138757
0.3671953086377896 0.012849423403197724
0.9583472830415151 0.36735145424790094
0.6448313261366543 0.4881477941039787
0.9274404946360179 0.6893669686299073
0.1786177627062524 0.0029791210910771193
0.9198093368805228 0.31399312614581865
0.9764986378081382 0.12754707345840266
0.5733315727058441 0.3795477876189113
0.4698176649657101 0.7954624360198705
0.7552019936052984 0.06085993653630828
0.6067160656770069 0.637829524655956
0.9457756811597433 0.028885745564643184
0.11534470075735093 0.18312155204221892
0.759123393520836 0.3353814185638788
0.7019044618323124 0.5021209089078864
0.31571296148358763 0.5859751812483309
0.15630241417703583 0.35461036957111025
0.7138397780781263 0.19495663289848875
0.7665424728825219 0.7208344885733199
0.9828824441370396 0.46498019290570125
0.8605934737957189 0.146390668933558
0.2560195753985337 0.062442733021988106
0.10375527125546002 0.3687505143618246
0.9006265440689701 0.22296918481983108
0.1661692011465744 0.3106366625603155
0.41325707603278095 0.6187251200871687
0.7982838725183041 0.4066707974404288
0.5018269518490566 0.15916409996714664
0.9534000731244197 0.12152816875247052
0.38961766718540003 0.6126546101881639
0.7392776326264611 0.8695537155450126
0.7951950681039055 0.07945642681257181
0.37451856250749593 0.8034333057498045
0.08717802474992775 0.1803510981757902
0.14832788449994627 0.5409787528517479
0.1281492049005757 0.8651215108080996
0.8476438610944689 0.7687596749866913
0.44757427338361033 0.1868940241436282
0.5034215509190759 0.22657500427260535
0.036045539912182734 0.07255533846944484
0.9613575224128718 0.4299403031218758
0.04077772778168087 0.8348691205723463
0.46549278093363744 0.9146956582139635
0.030362291690174126 0.4056739630787236
0.6919697480212572 0.8620734774624254
0.404366903697011 0.5245471105879498
0.3978791035646765 0.13440093746651505
0.4196142241007462 0.9481624617312001
0.1541304502139783 0.055883255509127094
0.16608047380591795 0.09428585801508937
0.9656996328102663 0.02393543132055853
0.9702971199604151 0.6875842428953173
0.2765704001469498 0.7883634987285469
0.9305861957940235 0.9600926300848078
0.1903933488206191 0.4756105070987021
0.2863767727483695 0.2089950869666244
0.9246693172570029 0.46554002631367153
0.02895801857192637 0.41486485763558545
0.10033634615557308 0.6785530524192065
0.06284015220685502 0.5163839087196938
0.9475728974156806 0.4738220322758725
0.8989375056671098 0.8603375735526619
0.5084407065947971 0.0962096818427347
0.8320527868929892 0.22750041910072138
0.46044269696839757 0.6249007552690528
0.30551306538325373 0.5968417400020851
0.5897407648930633 0.912578998790742
0.6436867872688282 0.8971629549733402
0.2057952362822737 0.47126781372118653
0.6074127927653913 0.3662499515219765
0.5253174159978641 0.18415738137871407
0.7411041528648871 0.8804319573832725
0.9377488837022137 0.06026761027690464
0.8831666283521133 0.555397080737698
0.9346248798245617 0.4002318509617593
0.5455862456435613 0.23183467122485935
0.8125126485993849 0.7444620547801722
0.0037061705614832574 0.6029000107105037
0.590150351880527 0.18871137353028844
0.9308645502501259 0.8356592075095761
0.6962465647482975 0.7844075625714109
0.46965366943839004 0.5008177795618969
0.45457751915049593 0.23278403231396883
0.17701578271621754 0.4219997275440961
0.17498582042939126 0.24532613630647315
0.42449987863838845 0.912728950565058
0.07062614640985865 0.2581930726014011
0.16190365478166813 0.0842803658941611
0.25691579649953955 0.6413696661683103
0.7399160029808186 0.5944423951688189
0.8518899791808366 0.9959750636397164
0.6485950910922212 0.6810012493787092
0.19757341221270108 0.2500934975840341
0.4173965681906533 0.39568567510613517
0.15239475370658084 0.6393236629808136
0.762836822056766 0.8178079820466635
0.8266149726358099 0.5929540951991963
0.40192001007490796 0.5280195405226155
0.915344746926435 0.07302811580051316
0.04405231166565027 0.5855530937883272
0.4007229394782087 0.9901562991496862
0.9044929333179595 0.4712199509027155
0.10395130998931768 0.9963009268988482
0.09849530611218693 0.4575306784178951
0.31670200923577285 0.6602766494323012
0.6679922723270278 0.36586513927464304
0.1283005970204505 0.20908632061371935
0.20910204271024013 0.2966116703930778
0.3692795450399604 0.9769260622978712
0.8934895881875972 0.25309225338959007
0.709929315879322 0.9270193819888067
0.8997605367146887 0.2970233508645084
0.015171719787484217 0.4137855134189149
0.8142209860387821 0.09034835419225917
0.5372899190278789 0.5833734885424762
0.9970313433613637 0.4559006717572227
0.09415349134493856 0.009630319243164154
0.5481666783688107 0.1513853658451768
0.5499137029357202 0.9334175847609094
0.5051990468199772 0.448507706587416
0.2100386215564074 0.44319157523325237
0.7812217970484877 0.07759355838217785
0.48518506386996774 0.5546810166404677
0.4229937420548945 0.2534106885231975
0.4213267726218659 0.01309825382120966
0.9189347876256148 0.7715168060797494
0.4500103564884096 0.5293112695067396
0.10533827683945618 0.8401831950119011
0.22616012768333094 0.7012365384560799
0.46167935273331195 0.6797725489305458
0.44949088519338465 0.8999207981938052
0.09655897760482357 0.900410385076663
0.22723561234757772 0.36007811215311725
0.2528793055366214 0.058379932782473665
0.12756830090587246 0.9469064581483544
0.6027911236503064 0.5711294975403246
0.44751686891157316 0.03715036896461066
0.6361935724373112 0.5014415238210377
0.983649248705901 0.738279721036068
0.18522072920250654 0.8400425790599186
0.3183847503137409 0.3579227806973433
0.7010445949445525 0.513726811662355
0.9789571178338363 0.5285547425755025
0.9855418790090456 0.3515685927091031
0.9775200690642541 0.008689011689578807
0.1242000069023953 0.916346515257238
0.21792345832968896 0.25192503677768574
0.21105776886513372 0.9551026965221263
0.34600783860401185 0.08915446960746032
0.548842588781425 0.20839838189755544
0.17947694385837398 0.966817126232674
0.6175615517927551 0.02083522225567047
0.43625763669548845 0.4754586745514636
0.6934658856557474 0.9708625437651093
0.2720791472445412 0.36561475887743944
0.7596629397397255 0.40646362726093255
0.45127393037712815 0.7379850126749441
0.7527879052101267 0.41770660947673965
0.5431330630752664 0.3510255713435543
0.09186884496273728 0.021049208986338774
0.9107205188206612 0.26281864770755425
0.603833191879889 0.9785782965857281
0.9260435691290244 0.4713050807471203
0.4879872724521974 0.24049538255505998
0.9498338167731163 0.3574067262933862
0.4118732883170271 0.5018126156046641
0.991408874035135 0.326074243753783
0.4930042583613643 0.39759819453358736
0.723571778824089 0.9785200435751007
0.5640283102116145 0.13199627160935168
0.31492053220202143 0.868205289527176
0.057532023159961865 0.8881120707172773
0.1930194911861849 0.7452096515706322
0.23158381692336638 0.5399043673208012
0.9789212944744844 0.6458210637181601
0.19752466050096462 0.3501155721109327
0.2386297183857119 0.7554894078573795
0.6166418726453679 0.5339189317863258
0.4622224075617657 0.39556309386139776
0.137742922413854 0.1135335189268214
0.9420107953067611 0.1286352019122704
0.4349368434024642 0.9893122064132942
0.4888385395481707 0.4813218032010914
0.08167008913246787 0.19834203200722944
0.6813503654017942 0.061242935490866346
0.5658261601830837 0.9417716697407524
0.4558710858794218 0.01595680516519149
0.2164512019171142 0.268534329562672
0.49323095099906333 0.4364750267767531
0.5939227789712588 0.2624870004282097
0.40759999733058405 0.3039140494620628
0.892930320248785 0.6626062881672705
0.5913762521172119 0.19676640517012134
0.08164268584623868 0.6471778137978407
0.9074258827027528 0.02598635226600221
0.5270621092827709 0.9312432278818774
0.6444611028487182 0.22298810273262804
0.8961506804239915 0.4002037588032097
0.541784256367934 0.7920889299288487
0.3314235619619337 0.9091128948969803
0.369863229568523 0.2673120648028121
0.040286962779253144 0.44295265715395327
0.4018883825425903 0.28846565868166685
0.11349445625757648 0.0673185063053856
0.9401859719807746 0.6243098683557334
0.8781759631601164 0.026035366816561933
0.8827859894617315 0.8174874712732804
4.0315045051053655E-4 0.48849173325712114
0.473922128135557 0.63369101345666
0.8928845177518615 0.9626692341632086
0.47019466962957124 0.030265515914201124
0.37104366580786763 0.33927602715408833
0.5809914426293324 0.7140054144929979
0.531659806960279 0.9365423800550666
0.4259586999457118 0.24979086776268788
0.8934224226292122 0.25293414191420305
0.588272926962587 0.8648807937762714
0.28275381681047485 0.3460404328948109
0.32941965876416623 0.18698686661739305
0.8669016862855349 0.6801283330541942
0.3087883928630021 0.573949023964152
0.8170630726868893 0.8955505797738667
0.5147016950281355 0.4864645071127156
0.25051070861632496 0.7664488456342905
0.7996024612739762 0.03188079957606449
0.7324331580835844 0.8848475413073278
0.34717512437826037 0.8451372061859433
0.22588283284124222 0.14474158834141682
0.049938844754961575 0.23316996330205864
0.730865307489701 0.12863175752301592
0.501799436525741 0.36672546936488803
0.25477831444550225 0.4665011216888544
0.1254403855010503 0.15074800918669884
0.031387616309561106 0.0540015210416851
0.7424169215291325 0.8101951138804261
0.08706389761306088 0.37921023716186664
0.6783921035581598 0.06076146795584392
0.648424017030439 0.2597350569898613
0.8928308534573279 0.039656773163669556
0.10975891897933254 0.2298921328295883
0.22309433064157436 0.1984679230142291
0.19612121246281422 0.16952326819725283
0.4661203679042243 0.78586081077813
0.7850173211238782 8.751841307419461E-5
0.8088866485564639 0.8540800721033859
0.6559819121505875 0.9746825296241067
0.8992774000499048 0.7051185702411459
0.0850653525316869 0.6558740135731137
0.7568853781955256 0.25915489985450546
0.8863297717652701 0.04958199461586932
0.11443961183269868 0.20611048512385055
0.404166175018728 0.2070597015088984
0.2227999485681943 0.2042528128312715
0.9394002658509671 0.5070986457321092
0.9418863349873354 0.17034049279734675
0.7247585971976969 0.33402446797331364
0.12026614910851618 0.7541638680537319
0.07412641488776583 0.6103585463752601
0.6768078344157569 0.10080940864692722
0.14351483049662606 0.864130890800004
0.003915149404681073 0.41576853199679187
0.8181067458085267 0.6442794842219421
0.9045087921612925 0.4337979063252855
0.708558930676986 0.5356464206929903
0.7537905805144203 0.35185892109815153
0.8209179374953103 0.8236860618305409
0.18874363901786406 0.0222747980817658
0.09912492329566658 0.5481659642385981
0.47363447322592955 0.6278128822184809
0.1368797364479638 0.9902401876563119
0.02194704164933703 0.7389134295059088
0.39202271611850126 0.16614844608428225
0.4657080690548937 0.36077506253365954
0.6570800908488245 0.1017330163137875
0.5038324869475912 0.4132534930009998
0.5785486996640895 0.5748747054114621
0.9420575065600264 0.13372836434629165
0.8289810185673766 0.007978981590656242
0.6577636808469334 0.1070234502057873
0.8997424367648488 0.1729491562115857
0.47905482491077656 0.4535724565102237
0.8785494413538599 0.4294251856920839
0.4409859301954736 0.5365825554798819
0.8867793965963341 0.522584703076927
0.16607840305438915 0.561635287762726
0.5393259741571167 0.842574916216112
0.5682745619026129 0.26698839646144745
0.5842554427992676 0.37918466643712456
0.3590260517938101 0.244698824485316
0.11781291217350631 0.6450900540628062
0.2297264677515798 0.06362802050411165
0.5862666445217021 0.5826733135370203
0.6797480049400726 0.7812914294021629
0.9922147633646532 0.4635467792450886
0.8744102581128764 0.7989249383440993
0.02736078295017319 0.034275126874430906
0.6241819257796188 0.6224464364427672
0.1574095726734378 0.5151757734380747
0.639138470812532 0.09450191455270673
0.3130826253033745 0.9386824312773497
0.15476311956703037 0.9314768736003534
0.24872883315861316 0.5470855226661787
0.4358504296795329 0.27418536160819496
0.9315412715986363 0.0033042579262361205
0.5218121937307546 0.0774556585285846
0.7440956232522414 0.9776125009278701
0.5501368680837357 0.4755578299039309
0.6446259575538043 0.19358651225504486
0.009476009308255873 0.6671213837552671
0.2784699035474625 0.5780363582890151
0.01766090395224551 0.15121108602398736
0.16205829318710696 0.14337429109744126
0.8385687653487425 0.6699065955033173
0.9991781940947295 0.02283300085810358
0.6026909455622683 0.13825336557435708
0.9885202490074161 0.21235383267749552
0.2425193148087359 0.40785151956012744
0.08032418819933307 0.4158112710852784
0.3463827001886056 0.8018046382568089
0.12408678401362738 0.671377366847922
0.15437211005819484 0.9372712389862488
0.38728266700802605 0.23348480391818005
0.9554240489887631 0.2715983017299256
0.9848892047953709 0.1657973551354085
0.6377220238620542 0.24545928489380375
0.22748350112994364 0.8253273781801717
0.35450735611801576 0.4502746784809041
0.9995351610363966 0.08759656758155698
0.32148710114357404 0.917039115936389
0.46087334228265997 0.018538847283278148
0.8459649621717671 0.84916802397302
0.03949630463811782 0.9125472843904587
0.43476230307184915 0.5483539576693703
0.6693954576413033 0.7956189508778464
0.1541249542296752 0.9700195626953697
0.7634885773034629 0.5061369549806348
0.4690259249536942 0.03366193781579674
0.4573983077916022 0.5194582955990851
0.33955776144825034 0.4404446272269211
0.10430667085595757 0.4774999410142463
0.24480009834097494 0.7537406727075262
0.5163798804686366 0.531194338203392
0.7656339047413274 0.13016549426553858
0.25691853007177357 0.9825676120618249
0.5801904800523138 0.8669984474819713
0.6221759121153975 0.787089744734235
0.0851690772698821 0.4029040818229993
0.8268679973234683 0.5387000807831493
0.8752153603675249 0.37025417980779285
0.6005068062746671 0.21862124476897993
0.16479419371038695 0.16178617003916917
0.021360805160934415 0.29593560721566303
0.34024368330101384 0.6969913318916835
0.46128594972728476 0.9630946993399095
0.591508540452762 0.19135511157183105
0.8731954276372133 0.6239345393105707
0.8132511972709084 0.7756368246448572
0.4894963343689308 0.21221414827496932
