2 1000
0.08526959931977662 0.03873368077930661
0.05199869497495524 0.46654167672758473
0.5050291126977914 0.4259079214441248
0.487263823199107 0.5246818018897214
0.08408422463996235 0.5464569385573189
0.41712628602676405 0.22695324587371457
0.8064758283439378 0.1460458077468274
0.12481654997395053 0.02365615137919297
0.4240890722975328 0.5564506458554892
0.7996170816292031 0.010153896440629584
0.4024655201985943 0.04194176011719075
0.27135497999055236 0.13449939124244314
0.7013068329078345 0.09809092063621638
0.150641062124096 0.6116478323138117
0.4363370050080694 0.06941116063404407
0.3407345864261019 0.40614798124407403
0.8954221329695228 0.9349201343575798
0.4059213343936391 0.7547171812480982
0.6649170745506701 0.06969118631782001
0.7460217384344854 0.20505021505793153
0.11335832686606095 0.9431602973948109
0.4670951574198585 0.20328999461041708
0.41673251042962933 0.5920422376541686
0.20146503318139464 0.9719807002226836
0.7037650998376065 0.924693136912656
0.8077381405466335 0.07303210934377324
0.12371029365222863 0.7797845505187524
0.8448111821733266 0.50063721948413
0.8629716520301265 0.19657407944802885
0.9783423197633752 0.2893187684601676
0.9703043112407644 0.9467078976555957
0.9894096783100159 0.3573151362829191
0.41719226477548577 0.5961969990420763
0.8028885741314451 0.7482360493496181
0.12979144250621744 0.8256317828774259
0.4277478438812292 0.6420149578763065
0.43462449818419235 0.1491484464347993
0.03516208134192644 0.7320890367422612
0.010488929261936453 0.07715641952918384
0.5681352561924199 0.6408019592843924
0.18876693104054643 0.9750692714541469
0.45727046092398194 0.22703014085341677
0.7872562464427288 0.1552740569306179
0.6931822608757476 0.47818368192179483
0.2313553800876117 0.595608984087195
0.5051783202555191 0.904895275963222
0.48030947982746863 0.6979057961604372
0.2539813753790712 0.9581914631755666
0.29773761189861425 0.5890824496991781
0.9536201625846331 0.47866050794809833
0.9688302786075875 0.7632067010197828
0.025449846084056538 0.22759747117514917
0.8095627194606939 0.5879707240972841
0.07938949449455945 0.2441179830419148
0.37019315352942384 0.8409275695803787
0.37302434760549386 0.508870297410286
0.8117119347620642 0.8489235933176269
0.47795099646617745 0.24567733824056692
0.9665671129735441 0.4951164726823045
0.7166190747428949 0.5189364534992905
0.44086424902543486 0.6683922522824725
0.8717567370970211 0.9743576383581626
0.44091016123753024 0.5024818198149993
0.9397464599204748 0.17009987562323137
0.8913307048097014 0.6954144970005918
0.1726267288114538 0.32355615930707593
0.5837104635239438 0.7630875892613287
0.27825859378576734 0.9607021166491576
0.31030868123536504 0.5737937699839768
0.02645571275758396 0.8729680611256635
0.7724664632139508 0.10737415002848294
0.8073156795224584 0.3102189980238702
0.2907937971114184 0.8099806627567621
0.681424547955494 0.8229201412303796
0.7688219613364672 0.5852762945403311
0.4651415437004599 0.9366083449963609
0.4117738396931463 0.43407049545946785
0.015245871248065312 0.14713610652406672
0.44132513409783536 0.817681858596265
0.08529305366430329 0.37498537313556957
0.5319911908298138 0.5913110859127173
0.06818277503232384 0.009872261678647964
0.47383110459246225 0.7848477648847914
0.9606291248766542 0.1819749005419964
0.7398467186418617 0.06630855807859481
0.10088606941199663 0.41719009649068983
0.2691644075924352 0.7587071798557506
0.5022001504023899 0.7713971003584157
0.048104312019143114 0.7359378946149581
0.2371179897143706 0.7506180308066516
0.9535259634843551 0.564596740515297
0.4377339998612384 0.7235113617629816
0.2813821590661244 0.006951981830872422
0.7474963745877392 0.7772647104401341
0.6375811004902929 0.5189372235170482
0.21164195209368197 0.5086575552985083
0.8180761060088669 0.5088338950686754
0.8753003473980474 0.13426247849993544
0.9128311329109684 0.37286657713878824
0.21742708608994865 0.540943416275483
0.4771726980075711 0.7273269476496267
0.5383075985292297 0.5014346375598523
0.46962175045482357 0.19676879600229613
0.4025330148015819 0.1303346640080434
0.3341507564789137 0.44200640332095986
0.5867463565760975 0.5057233405040636
0.8044399893028809 0.9191354905327999
0.8840198727247054 0.07253377440539
0.850811193753773 0.5538986640884913
0.09224304976145792 0.2239595950750386
0.15787370952794744 0.3599412573499683
0.20537487318381753 0.5529595318895335
0.30523251563541476 0.5506591899492785
0.3569294984933399 0.060667008937550615
0.5174763918967147 0.16494338544715847
0.3958131585656447 0.8985300563120396
0.7502692049430356 0.9807890644374637
0.08569779727343918 0.07390012295504145
0.7623348628450303 0.19334608132712738
0.09526512604990345 0.6438160330624074
0.6471044935905139 0.1938121168258904
0.21172058818424422 0.7337662385318224
0.6136507350540032 0.06788967402657431
0.13467358135658958 0.3386037104270899
0.563340377096189 0.8925219284032381
0.24769210943425202 0.06033275442224262
0.4829293058166243 0.6547631423731546
0.9651598046831205 0.08911662081051663
0.5184180708425402 0.3456147803194235
0.5168907193930388 0.4918546459226423
0.9148819328916018 0.45206366442737345
0.7815663850060344 0.037651407023497896
0.8170184242011833 0.1442845833546571
0.6638627743555098 0.9785091070204014
0.8527529448500154 0.694878263378578
0.44103725754230205 0.13093454253566417
0.7834658583290997 0.12660474948013933
0.49020308174127203 0.16455046882935054
0.8107973065984816 0.8718577975561698
0.7778997851414143 0.4338230520780737
0.22876566955713706 0.7485414820612242
0.955339707588288 0.8135353262118782
0.9679416994246536 0.17319018068935277
0.8861535490512645 0.9600287578868806
0.9730323224723034 0.5780493967549689
0.6846934928997729 0.014186865217253986
0.4424371256672863 0.1870992914681302
0.8063687111115824 0.8434471679255489
0.06740063392075302 0.12822294376686183
0.5511334902695734 0.15353840757462667
0.2082305719697023 0.6951922160566685
0.25341169040934186 0.770625935801105
0.13928254515885086 0.2573147815346789
0.13223834060917083 0.8235110607985371
0.5116749775264205 0.3557202523065537
0.3498867083491227 0.4949527714753651
0.5117851862539101 0.350625197100219
0.2302711902503839 0.014904799093018228
0.15383767077428612 0.8806887755373658
0.3631485672691859 0.14599377335313923
0.8226000977827971 0.1287860323061102
0.5783471012357941 0.5843657260924808
0.6690211300887466 0.5484450462541145
0.28243857011947504 0.9741112317090728
0.5582739522091203 0.7234533179319755
0.5499070576657275 0.6922092855148303
0.6882221474881094 0.8790676861354014
0.327892645063254 0.07055458590354169
0.7955512004999752 0.23459791961486576
0.30691147189926604 0.9237276428236885
0.22374955154853227 0.9389445067239275
0.35408379683418467 0.8185898775219246
0.4384725918257163 0.043911138576282926
0.5486391320343285 0.6857828792825381
0.8690186181899522 0.31595182453701
0.3082387085042253 0.4912957062217278
0.4222707173882173 0.24083233878134636
0.8057113274033377 0.36693073328018044
0.832812575006803 0.9562544960916649
0.4651583867919534 0.5000625109528264
0.5988180488805757 0.9545250362019971
0.2529177084062706 0.549671943874642
0.42003251635835337 0.7790200725708837
0.895553275296232 0.8883809999425972
0.9009522504700138 0.7436594377815675
0.2832745239387684 0.7684383828648099
0.5367069005214951 0.5694132632822995
0.9849389640560812 0.030711166287910485
0.5990623403583734 0.7756946352669807
0.30555109311435114 0.5466347852223633
0.8846128490773557 0.7625226930135939
0.9593589093392804 0.7926072691871884
0.2673549923883176 0.18815176036405712
0.5535101624014785 0.17472162721311668
0.41518876934040616 0.716823223772689
0.5447807297129226 0.48957084024739195
0.811082021543355 0.46673998316488485
0.8033168370641149 0.937768494658056
0.022729305109292053 0.5147588981962522
0.8786945875479527 0.22082319979138376
0.42658354923840236 0.022035829498255444
0.7454746497459266 0.21605507960777937
0.5589711059894817 0.6780735322865397
0.5142893459877782 0.5025366974900225
0.17939892761869702 0.7577564878611749
0.12541933919386317 0.7229418158472671
0.3584697427087772 0.5201614447011801
0.8160990547337572 0.7454098081196399
0.4887286950665124 0.18529115849533284
0.4161037043390471 0.4213254091506823
0.29817018513026294 0.1617010922826032
0.8570483986078973 0.3368547571512033
0.6378387184290253 0.8229823455174338
0.19572627557175837 0.23044168159727707
0.3221729642065564 0.8787750987052144
0.07251366572234297 0.30195381737886495
0.038550676939704154 0.531523608281958
0.7458318940842539 0.9350667678722185
0.938571823052677 0.6739955910973646
0.3049897282058538 0.9596969151334899
0.29214610567347754 0.4742568958080561
0.8942768138086309 0.01966614596398064
0.053777060569940915 0.825380162362957
0.21600688496196796 0.4181725988129269
0.43868372573402414 0.7695669949786511
0.33299415771000274 0.057304405676258274
0.19539449548140153 0.9006852477859016
0.568951379230673 0.20454418922232365
0.6770861674731862 0.8455285158926578
0.560999285764088 0.897549146849999
0.8663790844512713 0.11137233157723525
0.3276490073640761 0.4626242870227373
0.18737284977911361 0.7813381702270259
0.8244776701445151 0.4602799371812547
0.024148283053476605 0.41899963711823307
0.5421407022853085 0.6857522687866581
0.7499160467749044 0.8585894945312498
0.6922471663295391 0.8303751225864467
0.642980463679723 0.8099628851142743
0.6581698434895595 0.5811197119410544
0.8634543314377339 0.3607422917162809
0.9580790108837097 0.2918292529851254
0.5317346130422054 0.5809738505275933
0.9323831587197937 0.6969314350540975
0.15755150493976544 0.859934199679786
0.29802469016638866 0.8127219298607993
0.8767311803371288 0.4836047347121215
0.4053116648338584 0.9495588136806059
0.570665505848837 0.48277381781285955
0.8085476378613998 0.29315744378267605
0.5396901085760736 0.6321152601497299
0.7607016515378472 0.4489164157184319
0.02488720196515437 0.23062847734313907
0.09942072700689264 0.7018753950857516
0.5080534398746263 0.16354931157322095
0.5479987503671023 0.8189859850563806
0.805867123253319 0.5805496838302515
0.01349125987268307 0.3967347597905052
0.7467495247308744 0.04428602259779657
0.3946241831190832 0.9199403514242516
0.5812263001717173 0.21378417513956083
0.70506539017758 0.04492230096247196
0.20460564754569865 0.9441205497422159
0.5022823935533756 0.7274368110967713
0.6155833529338889 0.9495284005303755
0.844136442479389 0.543977057812656
0.18282261422347157 0.4189953749042573
0.4792901233389367 0.3826531239846397
0.9823821520204944 0.5326199180973216
0.17155044704896183 0.9841260060659407
0.9190255415419736 0.755983303826801
0.0910945642144112 0.9884121542003068
0.02875963189682773 0.2962998018508579
0.6557780618345026 0.8909528530270707
0.48433152683494585 0.06594495239227405
0.28704285551874764 0.47158096710781106
0.07983600990598783 0.17844951213816707
0.1805247116494546 0.7582501289730295
0.5549272983733544 0.9383447041947136
0.9758182486887242 0.14010521986777813
0.5650331495036948 0.30454611003655496
0.4378806128720786 0.2336874127955566
0.9380827562154691 0.9431554830415243
0.488298565211876 0.6991428401964775
0.008262610723691832 0.7053874156438307
0.8490773979011881 0.2287917186305961
0.0739863203627289 0.7264340607968282
0.06913421867565295 0.9310501968193072
0.9240010978281193 0.2843773254436337
0.7943857272403418 0.9759741628025671
0.8449424531660144 0.4831017633489272
0.6843196069618928 0.4450916757348896
0.22915918895328447 0.9045140689846065
0.2746923675938945 0.9351536316758073
0.7908791974512502 0.527906077544618
0.9680534940260292 0.5999049356019219
0.40217791214550214 0.8832976181094556
0.4448773870497045 0.7945553056436163
0.1357094734345663 0.35370203493184793
0.24054706890566524 0.16362249559622688
0.8996169591340942 0.5035828970775302
0.04494074304841367 0.49808562922649635
0.19321500946013015 0.04886735382431373
0.3464355515331299 0.1577147886440926
0.05643157721020997 0.059856860444225
0.6835943691026535 0.8709305303125192
0.3354389208755887 0.9084420523053034
0.03587529523994226 0.702827564725469
0.7566527771725887 0.5791096955072703
0.4388567555944478 0.5711448866164861
0.5124221087757119 0.7784463444503427
0.554070743235501 0.6388853612723465
0.376910178033559 0.411884084739605
0.5769855339820958 0.7223880266653414
0.36190670819722404 0.9428741336589879
0.1186344798783312 0.21002772930982505
0.23799235450169587 0.47911335227344953
0.1852395421631935 0.6360680141637677
0.07696083231342643 0.3948336501821148
0.45750242919494954 0.793338773343617
0.46916729077653285 0.06033108711852264
0.9606983880876877 0.5675364224822836
0.16828769763744267 0.3884237956335369
0.8655202667485424 0.9995016031805711
0.42250892863217515 0.6807219372584242
0.34199923977680724 0.20362546383523028
0.5813586062800045 0.0019459030074756578
0.25637113182223903 0.8410142187767492
0.9478701867695223 0.08845954717568849
0.8331972778373385 0.35177278462624595
0.2362463391969687 0.9560050824991447
0.6546012926387249 0.4461321645342783
0.1485314414122858 0.5548391644686682
0.07569021028334433 0.3727680310721697
0.05991941083258201 0.2911585971956151
0.8170388476232818 0.859628704473937
0.0992758892079364 0.8089436530464293
0.3786693099482321 0.841245928687982
0.9387903472395247 0.2139539951850894
0.9696831884716649 0.3537725402621438
0.27451701561425734 0.9366088039080875
0.40787808577491746 0.38904009798119576
0.9933820496511692 0.35234897563955225
0.9127346202387544 0.44420923544965685
0.5309167252955833 0.06635720554283286
0.9616014346568875 0.5839272664759463
0.22019820617744157 0.5660529534481284
0.40905612824350446 0.9210522426766173
0.447125054649555 0.07590449546115119
0.6639070315690244 0.4801423971950105
0.791553738193241 0.9724006289196568
0.7412914060718792 0.8770663619679148
0.9917440384545262 0.22013399003988132
0.9089010430669813 0.6602885621599646
0.12147721200666173 0.2129164233842521
0.48844571169172635 0.9841034454668087
0.5466404907599819 0.4157263154824553
0.2548396876338239 0.5989763872753519
0.7649217724661824 0.47078952404823715
0.44158061019840655 0.15974449004508973
0.23701708526645826 0.963352385136353
0.7886149888875493 0.5844239312515187
0.6542165935740225 0.42522457231156563
0.4135534837930155 0.4291111821110959
0.16412900633221417 0.632130694888037
0.31597967563201645 0.46094449930282333
0.6287508215897446 0.5259471274986037
0.06579936252992447 0.2123563867267747
0.5199164709548281 0.2018526077162882
0.5868904292173527 0.9614005440325337
0.4572911815122793 0.4210205588792525
0.19934464985245914 0.08775665974972191
0.9216651065604667 0.07615956146364955
0.4462995635335193 0.926767476499999
0.8911357289927584 0.14894858423299873
0.27762754220666264 0.04835404723602588
0.28148501493827516 0.151315943208983
0.007028196599515479 0.04986654399242674
0.5700888810264721 0.835956943726996
0.44040383964383967 0.6840686191333677
0.015918710515714696 0.7951446082697686
0.5721438851662022 0.7055752250697951
0.9589698789258252 0.8406333516397625
0.6898885104502918 0.22311531736129864
0.8951214550594795 0.2140196121586021
0.6166189511536978 0.5911987371822471
0.4173935658400315 0.7355946292024739
0.4871313169008539 0.8954799019601842
0.46660933246431757 0.7293100742516699
0.9969890911162268 0.9640844674543749
0.7567815920595996 0.11361873796170852
0.45100080604085235 0.28763775583641726
0.11430452444670736 0.28798694355568955
0.3444857653040715 0.5383033319887427
0.7917933145663331 0.2324378777647199
0.10734920141752757 0.23014508571996484
0.4157009090139906 0.5174222381096902
0.7783487933421823 0.5643031642072112
0.4849304525152812 0.14217976937642074
0.2725860895755837 0.7867394002102602
0.47563575758630017 0.2832389214032839
0.52035264224885 0.46042451776419036
0.11063550724797866 0.801519043150425
0.40265713873619546 0.604005849340564
0.006602551918295174 0.8036763787606334
0.19101852439467726 0.01938377443140682
0.04410829177428632 0.5904400899742239
0.4805275713051246 0.9297189443511595
0.6832519199478513 0.43036893494612993
0.5221013727124242 0.13943596865448038
0.3690490009861701 0.1234229827612493
0.47949761253125256 0.3767874010226583
0.7931678655031738 0.5737842016119377
0.48213382719821163 0.06808388984624858
0.0061783029130854095 0.10432295463875019
0.01589956071815013 0.3898304951969762
0.4634143236835375 0.7701677441165397
0.6854553487962124 0.8603534840375954
0.42550112485449576 0.8747509923830753
0.8532558959131994 0.7804743569738606
0.13052207130532545 0.08471091514070628
0.23288177197559834 0.9999311874578755
0.9050122861829023 0.5728606128765693
0.43312410771585375 0.15187838580435176
0.1776310053897614 0.6724980952650454
0.2672616283393803 0.47085749068986704
0.3320802063060647 0.12949100470873454
0.914687184941799 0.1649777165128694
0.52413170977499 0.4364631752943441
0.8482953314718429 0.6913223336949815
0.506799500822783 0.9757993952808349
0.9429312829582549 0.8373139183832414
0.7431776012472788 0.5221576248911232
0.5859745308966369 0.8974115911341133
0.5002170925855958 0.6675759297345434
0.5798729311130435 0.1572179155588973
0.35852741143574807 0.5746207869485217
0.4367558523452221 0.772499668770807
0.4525818035228736 0.6678766904124288
0.11225887568800708 0.1506824238296942
0.3743558971155213 0.5266464701777879
0.9528229418243941 0.3812765877212495
0.7533423799310968 0.7244624050921253
0.40664007646785016 0.05956908037870534
0.3697008167723589 0.9099480142350346
0.2114002821837503 0.01026503348606822
0.70810083904544 0.8005126536081979
0.13710655536874983 0.9066079547582254
0.3494799854576438 0.5833864400138874
0.6162582020816323 0.9268346829339053
0.5545552109379411 0.8073555732896687
0.16010346420468946 0.3000581292872567
0.5272310927469576 0.10553424941315881
0.015540664068473653 0.3397629118742135
0.5054904586134734 0.5566949938849344
0.5017764311397612 0.6756040537358963
0.6309989360166155 3.9221639025988075E-4
0.8116249860840473 0.351284577779464
0.7036903988201544 0.1443013778115625
0.2636135635740583 0.5000027417860579
0.838086192407414 0.017965073163802914
0.1062741818524624 0.9422299271686755
0.8569704574512056 0.9886715197986622
0.6967619995710613 0.9511395636937081
0.5471798149643149 0.8566322060804936
0.06213023954464458 0.6851067968854068
0.5278602303151796 0.38855320515267544
0.6955154085260828 0.08809532757798266
0.8438453412828044 0.7273067600378934
0.6383680390715325 0.9066057909954861
0.20853572644284923 0.9417560328008441
0.9804280116777888 0.01991223994590341
3.659965177016389E-4 0.7904926154303165
0.44080930610355196 0.35942586231187645
0.10482880983033316 0.264863498158074
0.6353616487772594 0.5173085537128606
0.6817087424066449 0.913893966435382
0.7872607541548563 0.9859626803984897
0.4886094276001458 0.11519893240917845
0.4121806254921847 0.9482709259323976
0.64847441761172 0.11908880111030895
0.863677139457197 0.4489958430544295
0.867881791823616 0.5155828939417677
0.9664415802651759 0.26474740141651476
0.018207416932544684 0.36414065723168154
0.49666839117908 0.2375203557190061
0.9361746433447443 0.20701995902411152
0.6727026438831393 0.5508951243042757
0.14374871438514747 0.2649210680621189
0.5136775050065021 0.3193339759111675
0.8578656702815571 0.254805650531154
0.4094390630330823 0.9635830313153512
0.07152628964901209 0.22588168988279778
0.6598438526785368 0.5217928375282155
0.7275861782648942 0.9089141247572394
0.130254037042287 0.5956355166346503
0.9728326764168218 0.486834938561459
0.3677134410664985 0.1862498765354207
0.8248624711253335 0.8301726728474946
0.5281667634783864 0.8123690634858629
0.03060421396824664 0.9848843900727043
0.7132032943629484 0.05011578130772154
0.1295895945779486 0.7577730363781504
0.11495609821541009 0.4041974802907896
0.7266634835509358 0.8256821853540588
0.4685925048759624 0.3515666981219572
0.2362192230137945 0.19892513486385266
0.7829889562856782 0.2158484186833689
0.9508842273052767 0.1835131595160231
0.15259310138703164 0.2119321957760416
0.3516575226519212 0.8287295856858775
0.7628447971590592 0.19995997016091183
0.47911483189766957 0.7739002187464075
0.8885667652635957 0.4867588629371822
0.5980296598663588 0.17717214244965762
0.8659052143347503 0.36465146032325113
0.8990567730636323 0.7020945322660735
0.46547278502951694 0.4857649251648267
0.19162892104828655 0.5738670532552488
0.13397674352206135 0.7645043567288355
0.9125463169705789 0.07342904708073483
0.10208605242155955 0.8456073650520369
0.12029861495066185 0.1948182674946185
0.06836612861970304 0.1888793660708118
0.13212268211041522 0.29886647817159884
0.9096896062164993 0.4726842133416237
0.09873367010623701 0.33534925875588684
0.08111347385342005 0.7210625579404003
0.0180837450767507 0.49368634189657434
0.8087536580006066 0.03223999661708221
0.40867486614355897 0.87411831859805
0.9660495777166866 0.05654106600228037
0.8543528265295195 0.589075926901963
0.9424363284847216 0.6587246097975286
0.7562661601422861 0.060842954607458255
0.11886825160562398 0.5855252202465442
0.9649873539941187 0.13076889311188822
0.043562191044042464 0.575461496995592
0.39246839231510033 0.9382609898699554
0.21103111863677693 0.8666329289432458
0.5875151159201989 0.7318082599726657
0.10939519077444992 0.7337904954065473
0.18507941867746414 0.08285304931760773
0.660275925641571 0.005222878629564609
0.7209416676337896 0.5170918920677164
0.9762715656004496 0.6550590283968876
0.7237649357171466 0.9430677646318536
0.9957496989913467 0.2408395840576084
0.8199731183412312 0.27682340909367187
0.4464431608147733 0.9196685734406906
0.3014382312704591 0.2203652599512208
0.49093131309687654 0.04781913661469672
0.009834233764778544 0.031892011630702766
0.4398109438797503 0.08107984325095507
0.4744960349422399 0.2162053623030905
0.2402664708543777 0.7360600800994419
0.1929144293858086 0.720022476381319
0.9330935492872416 0.5135385158004315
0.49039457522806684 0.10630026053447017
0.5999019014278232 0.7817430742981637
0.45458146243128084 0.7519911514129196
0.5481105485193296 0.3522328866780795
0.5906195760501829 0.4698979592162388
0.4913611159125282 0.9687849121918599
0.9931084732913444 0.3416616016309263
0.4077919633400119 0.3157386451317292
0.3655890362635934 0.4020462473864064
0.0020041893994025006 0.4147659812712061
0.9899982250178243 0.47917250530297895
0.8977374962625067 0.8007449130727207
0.48732929678923975 0.952946586935067
0.9678549854959395 0.1651656129714607
0.12720767985905157 0.37398128357594485
0.3075884399192792 0.10317854314193797
0.7289059338289743 0.8402251110890742
0.16075622476813045 0.1597024929164953
0.5486205997500218 0.20899852579155198
0.9630262547121886 0.2747129197174353
0.5818654723002985 0.7468462987875666
0.6749611181378332 0.7912392408590373
0.08956357430575512 0.8119502598523587
0.40221716626171167 0.0225217650344417
0.5051274018132814 0.2876354886896726
0.7420824683668686 0.7579289932273191
0.16388866629787602 0.2509303444102793
0.950720816170797 0.6927841537438274
0.11353474122247609 0.40549286232256543
0.5598966672809161 0.6126058058834285
0.3474735837422115 0.43595328426312596
0.5664177883872957 0.33816936141762144
0.5769878852722973 0.016121881523917136
0.8115261488951002 0.5590881982721956
0.46837554993311203 0.17407827780232243
0.2349969446197565 0.8240936239301994
0.002127249809183329 0.08713470133579615
0.3991491192507851 0.400610638630592
0.5950372040268177 0.4055926543446039
0.7754932899124253 0.13613071823666956
0.1680611845316532 0.7838199606231329
0.48915167480380517 0.7542799345860128
0.061420819329568 0.08356302636814616
0.3078674136743941 0.9617175736991266
0.962890183406545 0.5654354948710089
0.8155832275364969 0.21116527478747826
0.5661137390248854 0.04814493530814923
0.9280012396601973 0.8956217033481462
0.011957905591266305 0.8765413327406384
0.597403144779936 0.8943316782609528
0.5152081946784409 0.6675866735013455
0.9332766756292128 0.07019752926257106
0.443147463684992 0.13698222219543887
0.29741326925228306 0.17721880935453382
0.12154670546102797 0.9721584958120043
0.08677218746552295 0.47926966002171023
0.3056097652997314 0.5683866928873157
0.6308195182872668 0.08866264566652171
0.12440969685989167 0.4804121608375246
0.9462749453600652 0.7354749083645794
0.6605272112954055 0.5971848480761724
0.0148880249612805 0.4942044416910206
0.4734896616606963 0.8118100180850002
0.7978440080043955 0.3175393965807114
0.8352763554645763 0.5076097541287582
0.06311370899351065 0.39924972278722004
0.4011779350954311 0.28007817947182234
0.6556598474211245 0.8133479067409931
0.6235176392286709 6.69052208901455E-4
0.9462967248374304 0.23193151711968496
0.5609570947252419 0.14596922261003864
0.5818983698342214 0.28249203049564275
0.49644623571896274 0.9157230934335073
0.23941776606473508 0.2454918796011475
0.9629308551739219 0.7229732314756294
0.9855489835973733 0.06156312315171297
0.06688920687984223 0.3000554349618313
0.7228563515438745 0.17595982351665995
0.7230209896980141 0.8094134690330527
0.5357305953175457 0.044938034127932736
0.7217338536575458 0.5324384706028786
0.5940554366195785 0.8830740290602536
0.8204435710029285 0.3405719513394361
0.45136892360490066 0.9375051280472639
0.8016669580378429 0.15515076358589852
0.5361081916454004 0.3446261284084361
0.3819704231409018 0.9370035592204458
0.49355077313459916 0.0038814846589949603
0.28661539458770324 0.7726478542690135
0.9500741428774905 0.4140772381064466
0.3009865044504543 0.49612953605563037
0.811217698177483 0.8596784834430768
0.4777130715992538 0.3206672107569256
0.9337467173800198 0.9541748855608285
0.9570000544607747 0.8593942415537423
0.7857908774815859 0.10243369348749165
0.28293144894180955 0.14544859359755125
0.589117352743632 0.2765002029311803
0.5488978614575826 0.7436152034253509
0.8245694226971876 0.2656920887528452
0.09606166241002945 0.4966070386131589
0.019854924839656674 0.5485336248940444
0.0832993104179306 0.9811259742473865
0.01975103635353237 0.8318813590427302
0.5962729178463138 0.11613088703268626
0.2986835055126147 0.10670276499096876
0.786749997194916 0.7989039736914724
0.6826628817909975 0.5786486822048289
0.5124067406346721 0.9210679469404196
0.1274879905052284 0.9203308085269836
0.44258306946856907 0.47461426771275306
0.03520340838204228 0.5725102166928812
0.4936246592717801 0.7189234786339431
0.36399711674578994 0.4945781950297221
0.7196520829531737 0.4025443250464824
0.05420104750530508 0.618507673633835
0.7923687432837829 0.8844647487799526
0.11299075284519522 0.9834620631673844
0.539404398328045 0.31988391545265826
0.8277081285329585 0.21877163186532533
0.906339853775055 0.10359021794102208
0.48557799042299665 0.2953955995125931
0.6124678342930323 0.1264097090945776
0.9689970239163499 0.9585659865793309
0.16885945126320057 0.8211291217529391
0.3895338065384074 0.8313223230345612
0.8108155684448942 0.08463101920998417
0.7455282997920559 0.27012365403474903
0.3242203042406696 0.8198160846965662
0.48708866896866854 0.2431905840816807
0.9282245903201811 0.8052857130819719
0.7865972034406226 0.4048738798527374
0.31240388868243996 0.15243144051305957
0.03866046763026121 0.6201017206201012
0.589649466505756 0.02219453110994929
0.6969561595872076 0.13093122797912538
0.3584770426411087 0.5103190551521463
0.1991064333484518 0.2010899398378695
0.09540113802339867 0.08085697275489478
0.08044764506724966 0.14089528921731376
0.5447375230648822 0.5712508648854613
0.1972202535687938 0.7667341982193627
0.11883489697505756 0.32938608850111517
0.26912389021161276 0.05172761821888605
0.14168922830783615 0.8831886307394016
0.9166990121138847 0.3167657343888911
0.9780861831178971 0.9485527115024182
0.09867899991194384 0.17092398158522049
0.3999711551325519 0.9194037209177444
0.4873265321547384 0.812876897061109
0.5385840446751455 0.21623203323900186
0.9239356112474891 0.8470140953066144
0.760671504578317 0.9628278547928618
0.8066714567348022 0.9633682675613798
0.20826439715373513 0.3160338631341745
0.5997329115688218 0.16535376112555522
0.7719235887134314 0.1493157911721571
0.1380767207726894 0.5739171980398874
0.5729949161211583 0.9413545321223804
0.4609622168925991 0.9322852540298311
0.47236102004380254 0.8380731097178177
0.5445461548504072 0.2473619822876688
5.667299692239114E-4 0.39792063611819983
0.758434711710877 0.10950718335793108
0.7374504587201255 0.965904540836364
0.4472258071758597 0.6261416923535883
0.3132739555924746 0.5446570820788879
0.8804742836125605 0.23018181743721344
0.43013535326661534 0.36124825079397227
0.9725542048648801 0.9471875235390418
0.2072537977977219 0.4965634605226146
0.9989234904576257 0.027546776663379235
0.3139228278732791 0.9380561772023946
0.7163714317561071 0.7700698445194513
0.8588094866966871 0.5598412116617233
0.6983329934437126 0.7852259884937538
0.09385414286302785 0.12287110460228823
0.2973009938201412 0.16111482912358366
0.0206702228377178 0.4286779347827633
0.7371244727620141 0.8052519479133662
0.11599963148600756 0.8304848726214276
0.9940947938815058 0.18436333145279327
0.6345624933726293 0.4779853811245196
0.1146112452644431 0.3270377245003162
0.9348908708050235 0.43858520647155286
0.7894108202696223 0.8303096572847223
0.8997122656266454 0.2557279744054384
0.4947439592015891 0.48815139340371017
0.5261701977142748 0.1334249213966051
0.13114024298016647 0.7938017464990962
0.10265316195100171 0.5872812492848587
0.6981154592121332 0.18223243626211427
0.5068230472064738 0.7485409129859399
0.012665691285063008 0.3067226493942421
0.0994957605608996 0.1336782684547343
0.05132369386566804 0.9823750568340528
0.23965013773644195 0.43481225184385286
0.8450383395417483 0.8472362583778693
0.5143122110242966 0.7253948525032187
0.5061111629314787 0.014298203605519477
0.8822201337998146 0.6349943715018554
0.9023739898317107 0.7906522113928283
0.7425026358625163 0.012272514998056483
0.1828652201501726 0.24718272684718934
0.6468434690036182 0.5985135426549488
0.5401024822516318 0.2840698237267937
0.4058823616222377 0.7732650881327475
0.9786131557384732 0.15733983676275265
0.5160179629929338 0.7178762382814424
0.9407326944447084 0.3644984979654564
0.26359850069170043 0.7495589733285265
0.5623029407877205 0.874147967109064
0.5150700978521762 0.28604137861022316
0.24539954099501027 0.5893605535049641
0.5683381408674221 0.7328244985635834
0.29832492911668007 0.4466257187307159
0.8950760092524653 0.10411623493492073
0.8043315319896163 0.2174251410939575
0.9179213933873523 0.7570394461794386
0.06519686510343081 0.37197897867815344
0.5033532908399282 0.5349799898343793
0.6917959925487024 0.43949666832503387
0.7169124572282302 0.14046278263026035
0.7710251049661823 0.9404415684177456
0.508071655792803 0.1302245034356193
0.812731807550242 0.9914757443684246
0.42606481960950415 0.7762844383043844
0.4342108369377632 0.535057128624695
0.17171012975083466 0.5146391347824051
0.24259559690094823 0.06308973007139962
0.9571273002116313 0.8309799673877579
0.11338802380518598 0.06204080550576574
0.7144531760503258 0.8110262557479705
0.8215044784325983 0.4062469584542726
0.9101781856582508 0.47097542394352776
0.34797241318399375 0.5522316283793133
0.11396901627719636 0.7307790127119533
0.8663112032452256 0.49645052540663026
0.9436913462163943 0.4312630480574564
0.11807353363882633 0.7041397954155867
0.5510307029869705 0.8333150119542899
0.07147307274567238 0.08144872083849641
0.049479034748881934 0.23756677279996008
0.09558105495103131 0.6856962788397698
0.5040454916650691 0.3568130160831001
0.627734431596406 0.8618767791841894
0.7756918946805141 0.7766479370887263
0.9875936776742947 0.7822551940367466
0.40134767271654237 0.4228742142233556
0.8414073989148856 0.08806260600599491
0.8445487000848224 0.5464073892939103
0.43112776842989453 0.3273596450849826
0.6996803450685873 0.06832119829358152
0.5187674079418375 0.3171438390829986
0.029608640859262847 0.7683922777990824
0.269593115490656 0.8682410000249104
0.04135657163241746 0.8781269664417836
0.19330389669437098 0.33882074110438565
0.5055566802459751 0.8012040231197424
0.876637933889301 0.22660660605575256
0.8218446217736843 0.27649127935007634
0.2944656398196891 0.8809330738311786
0.8156201020386539 0.07824181756929449
0.9297298573072674 0.3324434870797698
0.42982978148616835 0.29347868513219566
0.8248967715010588 0.5877940088608206
0.8281972050583667 0.28730628368377853
0.0573802563134147 0.7878363347990806
0.3940835706811685 0.41761838385120076
0.03651721616530945 0.1002837366956768
0.27705471909195556 0.9906618479449717
0.3673980073183367 0.8172967681385804
0.7749021204272846 0.8456675227149975
0.06392550640737915 0.7099711460641341
0.2983449301351788 0.8972031485947632
0.12684532726963982 0.24934165477177073
0.4270547715938343 0.7755117914365569
0.24846529925865213 0.8136951435813965
0.8188257059574346 0.747477945541736
0.23675775959827927 0.20983971667952073
0.7810876873150635 0.9120724043566515
0.08000226940021771 0.4548334236518551
0.7619990154699117 0.8562891227841929
0.2971715054673253 0.9503772477939272
0.4321403543915834 0.7941483404356166
0.5003733538111553 0.2744263456796734
0.26474014363735565 0.5670956692097222
0.9150486846104302 0.7086940429421
0.8480997139909705 0.18828992251912458
0.6102439323360646 0.8336057008127239
0.7217188387379894 0.5441340971268537
0.8066145884315804 0.8632508389087781
0.5680343021469626 0.3859557842485706
0.32900935732633463 0.9432758568829164
0.3416908851706312 0.171568538986405
0.14208239944548817 0.708410013315606
0.6874370857356643 0.5888299004107713
0.08167366199660009 0.4688975792585901
0.0577341015833005 0.27965611483265396
0.5502987957860239 0.6909214020833221
0.5415319057380511 0.5683688514088512
0.6734191083174244 0.14261867432341457
0.49227953243830525 0.8206776130491186
0.5446809284362228 0.07473848691619744
0.20027339315679016 0.5930098305730606
0.776876955583303 0.5239555400178362
0.5898476462786741 0.18668087704057978
0.2585895787927144 0.8005476233085184
0.14066529212094925 0.729977341460657
0.654336166917078 0.5282529398739002
0.814832873594257 0.32991246308645483
0.0841247198287075 0.49631886963562366
0.9132229540030398 0.09587140005199135
0.6534408997695229 0.06455762605455628
0.8973904913349469 0.8304868782975768
0.4794063489198359 0.3429749743021253
0.7661492263082326 0.9240434262614076
0.06140905831437893 0.5920559967038989
0.049389124487069114 0.16835890670328157
0.7941535999179399 0.7675668174134659
0.2786854342239583 0.019474938328791658
0.09847421396840617 0.7362236007809041
0.458382159029474 0.38871549760252033
0.14073064410426028 0.5780195492233031
0.6843704951532682 0.8788178089389166
0.5920919241524737 0.5459029775388261
0.6824499627757694 0.18031323618412431
0.1904191819891876 0.8722234969614829
0.17679457354852002 0.9093499597392841
0.5118341342034639 0.8371140132842755
0.8220056253057633 0.9520727092081868
0.9302019729004748 0.23674127270562573
0.08310206405752196 0.22127620541321968
0.41931843550561776 0.935668521122842
0.12016841520696031 0.2514463825013965
0.22460504481386223 0.275716398427322
0.812211983938222 0.009217812117572777
0.6206305525218236 0.46515100190383163
0.5692832717245189 0.670190409784748
0.8311147533524476 0.8809587408828622
0.08499153614320931 0.357473398362834
0.35482761518791694 0.5206231003836655
0.047748164142675464 0.62435940079787
0.1436209539595339 0.12471788833835185
0.05024236441700325 0.06842892332573658
0.9623355357402678 0.9889133223127474
0.18043755747256007 0.5515332820987879
0.9248143218330863 0.7161251546747972
0.0387254740548002 0.18533308448058705
0.6300728970700838 0.9042276987235135
0.537122594335726 0.16489609233570324
0.5078403012396917 0.33967408931896736
0.10206246476889225 0.48960802530406733
0.5373156288712012 0.28975656501366087
0.4256976178721473 0.7080082076951824
0.1587307229303605 0.7430500728979984
0.42188609088958684 0.5201531769430061
0.05466289271588809 0.5601714732368667
0.4491950943261682 0.4129922690327309
0.09809201175916271 0.9823274998365387
0.4759390397975346 0.060358219215056685
0.2250931213459224 0.5077055476147907
0.3474579108257584 0.5277822527052441
0.7572585706188699 0.4165891894775625
0.5324653277719811 0.7547889731691829
0.5470680348238872 0.9450869768946016
0.010048677889624713 0.9514876244138607
0.5390797317421928 0.36644797448264954
0.06150754202585618 0.2795228334214904
0.2544714284378973 0.16188137717997475
0.5624573505664556 0.37082045423432086
0.27910900306222997 0.17104283916096885
0.5427329888329392 0.857486131803298
0.9047648390406725 0.47258571811868055
0.20011339633402048 0.910489107409901
0.9136934241634295 0.07992700281191634
0.9812266940792722 0.4757969573447295
0.6225899780206097 0.440540339738529
0.22656445746510323 0.4404556097057185
0.4604628113963998 0.9431730759492927
0.5401168134705123 0.5927445167180535
0.766128113167256 0.9762803876516465
0.22815582937865586 0.41410849142546624
0.5555960870152413 0.7032132840543925
0.43313993916133364 0.2798568189081182
0.38798480372949284 0.9769741463833188
0.48301708439540636 0.21737372530772414
0.6356171206365667 0.8687975459121747
0.8485730221368345 0.4216997235525731
0.49263061245789874 0.23093417661262472
0.894660081279759 0.023965945072086825
0.8646869075725073 0.4680200607073991
0.5101252448666724 0.6195042763535775
0.8552933826750262 0.9226099950161374
0.01628627043841613 0.8365474332594758
0.7687837899565452 0.8680181292675183
0.27233809430199996 0.451075659144492
0.25587675791602915 0.09334173120792988
0.897429132026606 0.2481636653600915
0.846391825787347 0.8756763029302759
0.06433715727290223 0.6728948270822459
0.6044260068057653 0.5374223103360446
0.4597636400496895 0.1442414362347283
0.23828202758537975 0.5418844552623829
0.9873856961414123 0.39846523768728404
0.008403978474542106 0.8566705170931508
0.8189193778553094 0.26149327378973086
0.6401143099948922 0.5777065552863868
0.5446799955843855 0.5008418092714062
0.26077939343735845 0.8923268281926243
0.8584988577627196 0.8382562050606117
0.07333420183270345 0.7033549791591895
0.682577845332908 0.21549781406256374
0.9585280937086144 0.5754663690651786
0.03723654553443556 0.9950574012982486
0.20879025705771725 0.7025518841750975
0.8702189422130628 0.32104097683403787
0.7932525074435496 0.22044335282401162
0.5739702293091972 0.17863963069930155
0.205991712052907 0.12082589062165505
0.6885048251743617 0.023336019900351945
0.04915434497002702 0.2574630433490154
0.9276549012706498 0.6216911824393475
0.2751347531520233 0.5362417289308583
0.7073965162659333 0.08561284005242242
0.9182908552131119 0.5160548813573069
0.6098137000097953 0.08929659029295
0.41740842843690906 0.22213083828661218
0.7341176523847032 0.2163841416032528
0.9752175587877681 0.9759297498006191
0.7737840403348826 0.42469291237198725
0.10236436238877067 0.6521924493647471
0.25525254045374923 0.1438310822244484
0.46321862390800717 0.5198363382807283
0.8569636198109599 0.6939436738691578
0.5668372197137508 0.1343096452956537
0.18005806282802195 0.5631142251293296
0.534565042555395 0.0757893722252243
0.6747184351675415 0.005926580145231286
0.47821763601132783 0.6667125646808247
0.4379716697017354 0.6323215365018026
0.39648093867490564 0.8275486965800112
