2 1000
0.24298776331768668 0.7113838488557425
0.6992804949628944 0.24988513869896478
0.31479785538201277 0.6926585830321077
0.7345163527593815 0.6729731633230465
0.23038968185309083 0.6706390060062827
0.7504569346585169 0.3146666250365181
0.7205294753908573 0.27891393146616483
0.7554045246259219 0.3024201063449655
0.705331927453828 0.6882137702898885
0.7119590543005485 0.2676064830557958
0.29106283712965975 0.3319175553078032
0.7268306885628657 0.27257988512417497
0.6923844159503267 0.674141122819151
0.670816077201092 0.29441820437429966
0.2848613759372727 0.7381500866195941
0.32311865793713557 0.2600423462272572
0.2314574471789892 0.3266044901437908
0.6995096901575075 0.2929780151704994
0.7777568109733823 0.6721542357308652
0.2133553393067431 0.3307638972145186
0.27553460812571196 0.7258119322828933
0.6716109644952145 0.7725304751964711
0.27166193328154364 0.3186752324288281
0.321775998902715 0.24975044308379513
0.2556655747940141 0.32821771894785146
0.224043858258267 0.31567614504938724
0.28556299773619287 0.7113925886923791
0.25104042966273865 0.6789136478735567
0.6972611048983578 0.6771184985863566
0.7331264750072843 0.3322349724464594
0.7336966875084645 0.6798126465066672
0.7222997732955508 0.25258436927906436
0.29616512741189094 0.32765654043387593
0.26736357100850805 0.682576336286675
0.2427918965182101 0.6700216581130145
0.6828453018486782 0.3137418059675079
0.6901784510360361 0.6675641365960775
0.24835109456812854 0.31509945009369134
0.7173251582877951 0.29731374387617393
0.32672796005086935 0.2454301372832972
0.6929655382593403 0.29878127439620006
0.7198017622611369 0.710769851862441
0.31552786679280853 0.667734091960953
0.33157897155418425 0.32713380043789153
0.7734822644282091 0.6801018288259761
0.3087071647341375 0.31500401752037754
0.6921386468336974 0.250703415408969
0.28599437849417364 0.7260955476817254
0.7375414801422208 0.27833258496799373
0.28030336002725453 0.2529598449292819
0.24020380043256717 0.7065300569549127
0.2726528535855638 0.7048859639677729
0.24715844413528043 0.2948819570091096
0.2366292087639177 0.6932609337772747
0.31659751352622056 0.31333024106248064
0.26703487548034877 0.27336943727773766
0.22382718434699278 0.6837690219740629
0.7444640697561085 0.7151636009440976
0.7171088989882025 0.28402468873430264
0.6985943921181876 0.30941190154040976
0.2901326228698914 0.6982100696430097
0.26257387217327277 0.6863882871257524
0.2784413500438395 0.7261991553475564
0.6682481159716696 0.6786580656900674
0.27323936489614087 0.7412644369627063
0.3036811937796088 0.2369378793035144
0.329719882892171 0.2950019470699289
0.31651760375078386 0.28656438233360904
0.6743515610744298 0.2827947810366812
0.26092812950625455 0.2906204886632523
0.6681352782455312 0.7097352174216415
0.3248815356307758 0.742622541384022
0.6832134877030975 0.7432223668384925
0.2515918366441997 0.2980416090519502
0.7072821609624301 0.7406973559999301
0.7029925003717618 0.2441795422760068
0.7372687548756691 0.6876127649241598
0.6805073556415803 0.7451241316981977
0.6856098553530888 0.7449548976516074
0.320266278948232 0.322711146009544
0.25322185064376146 0.27761398689055716
0.28580242154253843 0.7251211611280316
0.7495407781764749 0.6883025486159172
0.2852402341098398 0.6847581192087456
0.3053029752783921 0.7654526514826006
0.259930780967498 0.3219330260377725
0.30996072783471573 0.31626411469829296
0.2926214438014527 0.2788773219706555
0.2847073965415574 0.2730542035954695
0.6769329128047624 0.684288169195896
0.7042072728501481 0.6795701684037458
0.7031187774116573 0.6731714769608866
0.6810058007759034 0.2759038610758463
0.264697795271274 0.6712186048052308
0.6845098059381732 0.7319397741437188
0.7044500351803751 0.3005149715698575
0.3299174736019612 0.7619099218565087
0.30812073469368495 0.6872563556099556
0.7028395131706219 0.7542327308826706
0.6956594247283531 0.28173451153092544
0.2646984595528863 0.29514917696033216
0.26154380749983785 0.31488488006831405
0.32322893291222976 0.24660948043887054
0.7147478005431516 0.6816462523574854
0.28307189709485625 0.31111381906501956
0.2968274340616819 0.7043604738805416
0.7531065123894118 0.677481335033359
0.7623058098589529 0.3262826017910624
0.2699273860925203 0.2831592511351587
0.7286205657778018 0.2813801068883963
0.3194575319883769 0.28089168300386125
0.30013279985252495 0.7101000785597568
0.3059912221066631 0.2501534753953838
0.32987566855153694 0.7659242599912939
0.3102421763472658 0.7538175415836235
0.6791344350664216 0.701494540109232
0.7721807266309643 0.31018236645011565
0.7639960878856419 0.30763601323869627
0.7224121039395259 0.6897844620851961
0.6790234167998829 0.7735374961746531
0.706767484563952 0.3077032331596793
0.6808418911075974 0.3228037949926472
0.2778640176215894 0.6737166139875665
0.32889255657573435 0.31941173657689304
0.2616396779569996 0.7117779607751651
0.6810664750554202 0.6898477900236534
0.7007873283665575 0.7582095281060358
0.7411898797006061 0.7052262518310334
0.2664631335093639 0.6918714503264702
0.29094052501795764 0.7445028447468724
0.32532286129494714 0.7287562455973908
0.6714501050126498 0.6758898493967689
0.26969479435370103 0.7148490677029541
0.6682375784336511 0.23814302105786667
0.7672288545731185 0.682644500582882
0.7336573438109264 0.6839391739937083
0.7589038223212282 0.6741570196716631
0.30698484432154394 0.3128160522455463
0.7072869987483515 0.24253330883045987
0.7292350129482938 0.6838663553939539
0.2926733041758285 0.7090439339852415
0.7349458219005476 0.7349219333569688
0.6830249373862635 0.2751733247746937
0.6898371313640433 0.23098192589326483
0.25878743117201597 0.31014038291773227
0.719519345408274 0.2730053525201789
0.6856362856361211 0.7704722654250443
0.7465239634472713 0.6942041529807143
0.2982414997456758 0.2617594489109386
0.723726447770244 0.28536133419124154
0.3313016030997016 0.21824712030662363
0.2920487706941498 0.6855592749788304
0.31962556237933626 0.6857716108525477
0.32185890627848357 0.2955750214143129
0.29274820955378356 0.7162177839051586
0.3136807903523323 0.22367458860099476
0.273650437003777 0.7399373020034415
0.7671466774370017 0.6768242388292256
0.6754471669610627 0.7320492660085122
0.7462193995266816 0.30043469427760205
0.25572487048372805 0.3128641607491681
0.6936653728544595 0.25801709472345014
0.2961290808959467 0.7617880025436192
0.32650225530752164 0.7533178905921148
0.7031523049738042 0.6820476344325093
0.2740065471624181 0.6741820743924636
0.6716792882163848 0.2687234039150662
0.667287189570342 0.3310211443716843
0.31508955237975234 0.24386325100745276
0.3300482914532511 0.7124440052218639
0.26281530789432705 0.31020256657218925
0.7066781019788811 0.2973446428169778
0.29786024626663044 0.7391945785397348
0.7111774902840207 0.7121778721598391
0.3003900989298851 0.3138846050128198
0.7296753232467458 0.28690009958930085
0.28662333378751326 0.7505449418808907
0.6691845321387652 0.2332394637620081
0.6971980679268246 0.6981062692596078
0.2481932968706767 0.2835720002053218
0.32459701841873934 0.6669255488251746
0.6799312359834022 0.30856954489153265
0.28201248325239414 0.6791043530969003
0.23020816101021768 0.6827776065312325
0.29564384174737024 0.30582322919952654
0.6997292112452141 0.7230588102611176
0.2993319275606051 0.7242285206576605
0.32033873168853944 0.7740040859353442
0.2980058427748957 0.31323513376996226
0.7696455391556254 0.6826226733980661
0.30162890037419576 0.24898838786928668
0.2810587161059508 0.2993181061358815
0.30090733567268024 0.30640448055706826
0.7307546673843878 0.28453280239985057
0.6833135053963916 0.7164875299657532
0.7088652432959885 0.30586394903875547
0.29064032579835697 0.6822346059397288
0.3196035460494 0.6772325445421928
0.7156722104921376 0.3186163658382877
0.7660940856991907 0.6833341656854995
0.7266658147573866 0.7038083582999256
0.7696350139002114 0.3148335601147023
0.6829653228600007 0.7243982366439733
0.25588357314851506 0.669742128983624
0.24914243903822986 0.7102575778420612
0.33236459037165234 0.7011258768813361
0.6849040092527071 0.2650403921899773
0.6702516077407479 0.2782193888780148
0.670016280923736 0.3159117376516265
0.26549707438359427 0.32641752451344075
0.32341459186696897 0.7267243583643962
0.23908200566636884 0.6703972791356743
0.26817546843831574 0.31302069241083685
0.6673713031166266 0.6915551642726124
0.30363086216939117 0.23204004459556404
0.22930120876628035 0.30629988730967295
0.25848309133452174 0.30443587391901805
0.31588822278723394 0.31012551263514865
0.66898530565827 0.2198914159264732
0.2543279770386968 0.7225892065810989
0.2470037566803911 0.6876226697086348
0.3278840494850791 0.2935449101156875
0.2795547843022266 0.7165397964704867
0.7352168479282752 0.7159420009642601
0.29215302256843223 0.256346736196719
0.687165340183622 0.24679451375710804
0.7009423266728944 0.7416321818336715
0.320589729007849 0.6670380581999727
0.7233810062170805 0.28423296618825056
0.7060709333729203 0.31606966330599806
0.24901438352148042 0.6949687985979722
0.22722301143609058 0.6683020418375818
0.29088910715551786 0.7239056529873886
0.2848383585149038 0.3170711819977755
0.3315589406112178 0.2936426597634051
0.6698749460728226 0.28137395396166276
0.2954794482659 0.671149222433615
0.3275679483983859 0.7223924066373941
0.7058994245629148 0.7124753765362439
0.2689482148080604 0.7293130490698281
0.7340455247233512 0.6759375313943246
0.30546310993916137 0.25760214065920006
0.7034725733088765 0.28516991427670546
0.6795740178477123 0.27800742835249725
0.7358977573859442 0.31091598926599473
0.7500309567479596 0.297450998037017
0.6729615246770092 0.2622059480527973
0.7028749387961867 0.7618082563266474
0.7465743509208943 0.32945334206180354
0.3114350031056642 0.293986084646889
0.671951404851732 0.7422107334230781
0.6707782898611928 0.680907828862517
0.25498165578604115 0.31003863283430655
0.6859511008890954 0.2850531357506809
0.2806840784295547 0.270725894887771
0.33119494878683187 0.2226152817276118
0.7052600407917157 0.31211959758317465
0.28570103902441757 0.31944122092941063
0.3153305078684935 0.2888071890488759
0.6797702031054451 0.7160101555035715
0.7312024051378475 0.7050670811166067
0.2433877265397043 0.697068282160738
0.29368842164155895 0.30311319637547984
0.28165937657052353 0.6779436369117479
0.3310819918996366 0.22204329051323046
0.24666637554213244 0.2926342662161916
0.7450995136339584 0.31511652431897363
0.7218589907629125 0.6925726692150767
0.32845495115032075 0.26552615819261793
0.23325758109501693 0.300785287449828
0.737766360116683 0.7199262498576663
0.3168426283044107 0.3180431425122002
0.22061784458561207 0.3240480550799594
0.7392786979420515 0.7147399695526384
0.3046457438736695 0.7041067693454545
0.29604029994924763 0.2719388217519868
0.2732973263437384 0.29860593340354047
0.7376129435422228 0.6872585455325596
0.26389982113755495 0.698522369666508
0.25998464466338245 0.6956076952953474
0.3183356073731576 0.2682489062555796
0.6876378945990576 0.6822381791824713
0.7271905342214805 0.3065270242900703
0.26253030249927656 0.2876442951923116
0.7396841655711313 0.29623340476087123
0.32177145285825315 0.7515285655469541
0.3310930806928194 0.3188447728448779
0.3045739589598656 0.2742336843370793
0.7008881736734808 0.7186502990577601
0.3027004729734192 0.6771830483135441
0.3201515767737797 0.7117566860095089
0.31348070473678324 0.6794293249648375
0.7200482716285668 0.6873834386577222
0.754053680003786 0.6771458281219752
0.7346270811300276 0.32285310333035533
0.2609469699301271 0.2726052032108506
0.6823586068043215 0.28148153878025073
0.25769620528545256 0.6934923613491826
0.7030266771694934 0.23933446055539187
0.7168728726662968 0.263385389356369
0.7127715688684236 0.2640094221945126
0.3020226573792041 0.667540374619802
0.31573561049921517 0.7669978139474167
0.6713103554232419 0.2407149761434395
0.7152149767405734 0.7052723448520929
0.6672087986136269 0.7020345454254269
0.3134257187398084 0.7108594192677747
0.7021330600926896 0.7334207871554946
0.314845362079193 0.295261796533852
0.29335818236471845 0.30393855471938724
0.6857751637176677 0.6707274674720648
0.6879743324352716 0.6758867397385037
0.6988988876552676 0.30112792178997627
0.3328810904677527 0.6832987003437908
0.7481636972814644 0.28289005731549377
0.7670697403056367 0.6864580203351949
0.7296086948507896 0.6673304368779766
0.23125578526434976 0.32748124873715156
0.6742419950260718 0.7190147966622966
0.33090694688981825 0.6882403287119668
0.3180301382615526 0.3318209227548172
0.2653178082615728 0.2822558033365471
0.7042610070784207 0.693761123460429
0.2167683955193226 0.33162701240497694
0.7464367480879978 0.6806153030624074
0.24888868215593174 0.6946502135151686
0.7633688525445126 0.31001455524599575
0.6963806027773902 0.7047540445474286
0.7659649578383791 0.6877597371768576
0.27265220419725333 0.308330079677149
0.2280540211007177 0.33195549679315883
0.7126115607572816 0.3059550056736774
0.742473947947734 0.2729972844339079
0.32715988623415937 0.22574995415807775
0.7458029378770772 0.7245768060446115
0.3240068989687398 0.30554976989845106
0.28927269450828286 0.6989187489060995
0.29547273265463914 0.6876599820693511
0.6745534758447741 0.22336277591390352
0.3296555968649205 0.31944435455270415
0.678145011773983 0.22501589897494867
0.3045146969550353 0.7342226901654567
0.6967459165706018 0.29990738498832425
0.3148271044974339 0.7507478095682241
0.6988426336321921 0.26626184861429036
0.28203745111132217 0.3300326799003961
0.2885162613402015 0.3126163175311931
0.6947529596525595 0.6741061317769469
0.6988534662190447 0.7143412955976415
0.30300410810086476 0.33224577660286503
0.26256334621129696 0.6712964195564609
0.3026212230371004 0.7191127307917813
0.32017959012237573 0.29886478419950624
0.6753730719948629 0.7304070357537853
0.33311950946256585 0.7464139069806408
0.2586930655444831 0.31397098503801935
0.7478035433432616 0.6715837562410523
0.2954557541892213 0.2813188733864628
0.6758406021912164 0.6911607340477277
0.30829990593329315 0.7091726458703682
0.30996301778801283 0.2507304500535147
0.7263645633918476 0.2869351229248982
0.6832582849804942 0.23430748377091537
0.7240181343469305 0.26383586217130783
0.733741185038529 0.6778800978178435
0.7787106103605458 0.33232518232559105
0.7044452787231682 0.32156516545934855
0.3247196508557324 0.7312038735820964
0.7058751895396412 0.2818314749276778
0.24088540401906877 0.3037570661579104
0.24540241031476973 0.7015346448234718
0.3206898033411443 0.7134537339880974
0.2421288076137006 0.2911048123856256
0.3000094643258129 0.23911072232918984
0.3300482420149845 0.32508391400190617
0.24549386317316857 0.31821043688349504
0.3040930626505697 0.23894825743620196
0.2473111748720337 0.2832121162981276
0.3175142449849093 0.7321260455476223
0.6985895607183975 0.676065798323309
0.7252869534832794 0.3115102380526533
0.6875467684623899 0.3270735715204284
0.7029558190835922 0.3237251147156792
0.2979292745233141 0.3217818106528646
0.3227123910070542 0.6989201130726552
0.31020378918583247 0.74377798300062
0.7477963577814912 0.32709033889574723
0.279358781196806 0.6930075725261106
0.7522534245911169 0.6957071802560841
0.31791216729670513 0.3002443260147565
0.7053743551317556 0.7157572943899545
0.25711936834473526 0.6991726078525358
0.7243741843465428 0.735046634815269
0.25689349766834946 0.2984730770615921
0.7510784222888077 0.3299592163429679
0.32246289654180627 0.7634173460228687
0.23764400290700782 0.32547179995900966
0.6957727695577848 0.27566544626870126
0.24302743282759875 0.3087101478976817
0.2782915714815535 0.7159395011309206
0.275171763494793 0.713046436825134
0.7147379041089503 0.2576744843070383
0.6681936022809503 0.6906761311263918
0.6818755958133084 0.7064996710375114
0.2676557973683388 0.30487882504245745
0.30359581209482145 0.687780741517997
0.7040604071914738 0.25430961996085744
0.2640811754336915 0.712959082373503
0.7315322896833555 0.6905643661880856
0.3186168234119491 0.31850313774117844
0.6752153756622635 0.6702523316640933
0.32120139979624696 0.6956742493532286
0.22587374306236008 0.6751097846413924
0.22247784196641807 0.32163972649382544
0.21853023852581 0.3263196539712545
0.27101471253434206 0.28085744448025707
0.7235187574399548 0.6825034131092319
0.6951908623937533 0.7370766993528941
0.7197717652869466 0.735585399201214
0.22560897002156244 0.3316879539053075
0.2967080987576368 0.7213172177709891
0.30202608022128097 0.6992454300806248
0.6746597039546205 0.7180048026809981
0.3246439521564318 0.28391267898700945
0.2787647457417527 0.7154984597240907
0.33000303174827883 0.2712210560378886
0.30129330228967033 0.23639852007129558
0.23276663645494022 0.6814137592897043
0.7390241209058164 0.7211489430747999
0.3023702952290628 0.32199498783716196
0.7403091424407127 0.297632234325343
0.27414314190888134 0.6945480286401317
0.7299141943462253 0.2662751689283991
0.7085499926717808 0.6935123767193431
0.668277577399709 0.7744621576204163
0.32249783551268374 0.6946474099471251
0.6811730318721919 0.7337534108222382
0.2731819307837936 0.27404435573583397
0.7134257515431397 0.6681520367168614
0.25180021005104347 0.6944199651163722
0.2978167168367071 0.26148471387993055
0.7335974664823887 0.32611717334485146
0.2280254043479617 0.6818550075554295
0.6701697716044582 0.28886688999
0.2749003599990302 0.726376164947371
0.31026709863256907 0.3078836146178976
0.3298631280406813 0.7625693228678616
0.6841895926660728 0.7261107290042725
0.31418066990624904 0.7661028838623983
0.29084345296518965 0.6682267739868619
0.2629803952958135 0.3308760898357359
0.7175165637852021 0.2971017256967514
0.6844606999370343 0.6833323188279555
0.27169347255585974 0.7045405369867292
0.22041184696932448 0.6793110252283608
0.7194103230791262 0.6956016604505069
0.6712916390472166 0.30835158558993325
0.2821911855829937 0.28610376653951053
0.7177230411078221 0.31951050508046497
0.7166525144288175 0.295764086160921
0.7497331328711048 0.3206929780498615
0.7106869507450612 0.3179235129803797
0.3199164322837881 0.30076540856508516
0.6947370671198388 0.2737132444846919
0.6679209075551698 0.6773044755137264
0.21239726794984726 0.33177312619201693
0.3325074075924719 0.31685323461346404
0.7083899191974311 0.7132200238662072
0.7348815408053058 0.3224970026795654
0.24148822085154475 0.7036293018625474
0.29489778890503915 0.7056538672410286
0.6779869535892706 0.7594815908004475
0.7270332325977902 0.7243719150632305
0.7467994394423672 0.317408639764836
0.27489155447747016 0.32438609375235117
0.2882434275774991 0.25396907813873837
0.7322895888320158 0.6990699079481593
0.7331217255965536 0.7233649706296759
0.6694087236417442 0.7622615240524337
0.33181964269226694 0.23103856374171894
0.666906179578979 0.27731313676132074
0.2684905633894431 0.6726135461351268
0.7320486449675244 0.3265124537707986
0.31718559325525364 0.6942469388967754
0.2750444156732891 0.2752258281340222
0.28080352842184764 0.7400570982512402
0.2615137388923243 0.3041866565845869
0.7203207880098854 0.6776747646999861
0.722590373439571 0.32575748865651877
0.2909027732160907 0.714873469335103
0.2989020629562207 0.33229599593132064
0.29482965543855166 0.7611336935591567
0.7572622662005521 0.29450165394645444
0.3256909375566148 0.255001954138406
0.2605491062449321 0.6975649499354806
0.25751674501482347 0.271711915124385
0.7764041687532206 0.6791756890160343
0.7162265423237401 0.7476594407983399
0.245706363645658 0.3096748611897562
0.33100998567801654 0.24674925790645563
0.704961519288634 0.6786844910721045
0.3216703981500336 0.24961667294796586
0.24839006128669916 0.3276177640460216
0.32145425590366095 0.7199907430055691
0.2299315506488847 0.3088924154475341
0.31951410876842634 0.26820187510813775
0.2751590828581981 0.7316577731837319
0.7721591895717936 0.3090204381582581
0.2582402625527308 0.6977476140952978
0.26209334926234595 0.3123123960641352
0.7313143319594405 0.7249762993154738
0.32717580272827007 0.3318751802549341
0.7178697799311757 0.7133867851981132
0.3252321356998802 0.31194048313648104
0.7162201134055616 0.7204448607418985
0.70670051823067 0.7516259870566024
0.7285446610149621 0.6729743677390685
0.26281908072302096 0.33244792325069705
0.3216657984922813 0.6796760445626221
0.25200352280983984 0.6954515221772933
0.6669551280923929 0.6742725621987363
0.6859449290689491 0.3227478059009523
0.7557516896486804 0.6831479055116312
0.6961129748658813 0.28671717300226984
0.6841605615851811 0.7484244743587648
0.31193757891808405 0.28291741349453103
0.6682886369288885 0.25990827372518377
0.30632595336224655 0.7194355671726103
0.27264878946977156 0.6961592255033959
0.6960351997269795 0.2683742453641502
0.307921720626371 0.2507947150334482
0.7445944358119365 0.7133227162651776
0.713771339974235 0.303106070487538
0.3222032489761434 0.7388807997038523
0.7651375012134658 0.6914176800510722
0.7052693934485765 0.6777416240497542
0.260388076723164 0.6924406301406371
0.2672022453338959 0.693470008217001
0.2274768586135969 0.6913036297762231
0.27256606243286663 0.717425305645997
0.691880501135782 0.7346444865775081
0.24795138820334128 0.3185322301208068
0.24047298357524538 0.6751280055654761
0.3332236390302471 0.28076030192136414
0.3188825220872977 0.312524711111586
0.23262445793250397 0.3134314801984083
0.2949458433963994 0.24684887872581163
0.6941132602844893 0.6894936444218326
0.7020582297909922 0.725640886882543
0.6747179097515951 0.2804228832635527
0.675152032735364 0.24317885432536568
0.3064960742963607 0.6942513255028495
0.26290295326204727 0.332056049215567
0.33147743424717524 0.6953372283786522
0.6837617014398399 0.764353960006398
0.7330871882968603 0.2989111958081745
0.6710133923968103 0.7437494073271433
0.3300471114503164 0.6979415246574179
0.29818495859873995 0.7442452930973856
0.7310734415868448 0.6910726919215952
0.2562750455546642 0.6771846513162131
0.700398538522145 0.2754065709334721
0.7041383951101893 0.2652952798449414
0.6712501123071994 0.322766787539156
0.2985515736481623 0.23672050139757117
0.3068928271067334 0.7563072258832316
0.32374939864892216 0.3188532843581442
0.6740606830168105 0.7296594630672631
0.6814857154263504 0.7371770095785626
0.2854378033402646 0.3180552182985539
0.718359685898051 0.2996284904452634
0.7127910264831603 0.32490930214685165
0.29279343348685416 0.302033343639977
0.3110212975496274 0.7651021858281003
0.3294923745785524 0.7557259397104027
0.7094703239993606 0.268346456439407
0.2719034823530311 0.7131719727267084
0.7121792937582373 0.6992485495137257
0.3019809018159181 0.2909420889773898
0.7410093103940454 0.7182032028116155
0.6681789422972381 0.717051033091997
0.6713560479250533 0.7565292303928591
0.7085690394682456 0.26034444199096274
0.23709871828449447 0.3269436099780233
0.6908361153993426 0.3298459063735557
0.31458870642305514 0.25710867872803156
0.31481157202257837 0.6948445572136432
0.26589337895189724 0.33186007852731947
0.7003996781023796 0.3159540388205996
0.24753524966496732 0.28839073295694506
0.6985798209350592 0.3124210351514116
0.28622339184786105 0.30595624758147655
0.2956889154432155 0.7445193916720156
0.6919113620064076 0.3259778190772077
0.7298832644604953 0.7053013737443533
0.710626975712439 0.7579591429941238
0.27499519278463935 0.31223791928719213
0.29537688595684497 0.7010385065681407
0.6848848525936942 0.28038757900929023
0.7459526963821221 0.6903650280997079
0.30738479698087573 0.6866833405682389
0.7185367305519342 0.7428567250983062
0.30471265304593664 0.26720880571999694
0.3165352870958885 0.7316427276794011
0.7140209853532216 0.27211299025530744
0.7206191826479962 0.27466338654113953
0.7093743096294468 0.2607770905351179
0.7100937936154037 0.6932525596259772
0.2514817717070076 0.2937697270141274
0.7108352289157317 0.7489320421042903
0.2999825946536292 0.7270687238552598
0.2586134364523477 0.28100332013194085
0.7659646794494387 0.3105608963040152
0.25377536543419 0.2972149393516993
0.32157571406402263 0.21946179913779384
0.31089229719379863 0.7179614976308181
0.2873094756783847 0.7445497699693243
0.7606046572006632 0.6717758929218631
0.22610856827536918 0.32476776781981775
0.6740296434558126 0.23418124017383513
0.6841273436611568 0.24826301571521303
0.7133504499587046 0.7233373165056944
0.7678660507879637 0.6858957224769823
0.7507211735874285 0.3043364178403176
0.6790941554939435 0.6902964325909824
0.3226867132306498 0.7719893447070498
0.7541151304191229 0.6907522740246049
0.7716126829498045 0.31787919417344224
0.7686739710303289 0.6905969871262564
0.7420298290612979 0.7007900503426556
0.718815159573996 0.253802054382011
0.2671817509299207 0.7250737378232722
0.7068101390217726 0.2828460366234842
0.30295908998669996 0.7074333041218374
0.2654230317937276 0.27353956006864644
0.3100889704757921 0.28420974663911636
0.2837425595227192 0.68164168476686
0.7736459747815527 0.6840795187496271
0.29029536823235924 0.24154051354444106
0.309985858045396 0.3091530391462727
0.33110050276380953 0.7051190711182351
0.7369890132330584 0.3235438553567386
0.6737780825299249 0.6924191804883019
0.6793304806419284 0.7041681110063261
0.7627899068521447 0.6957884284077152
0.7363467020442503 0.32950491575905116
0.30879368467261814 0.3166875851476332
0.7237742979613011 0.2889867872354377
0.3012818914040847 0.32300565650204494
0.3054871238350857 0.29184421685150097
0.6989252372954539 0.7406414116498851
0.31021643240600505 0.7065768085536379
0.2853861010266606 0.2657898524038683
0.2511789735245191 0.31099935150802616
0.7661650206109374 0.6858419284073923
0.2951698110414539 0.7101028771086738
0.7029823064560842 0.29851936983636507
0.2928379142798534 0.7352200827078895
0.6843642178871493 0.7167201972340009
0.6846929106567484 0.7480277359673289
0.30165745563299284 0.3279048567877758
0.3135195047850766 0.7061718909968093
0.2963148030011282 0.6672766049674862
0.21554597282558852 0.6732064672179883
0.264272350999739 0.6863510383008254
0.23432808032487196 0.6927312897734615
0.2997306985153976 0.28676547010969045
0.2688586616395463 0.2747921183228831
0.3273492828979181 0.2562552572482788
0.27974937089662233 0.2759887613358524
0.6893386570017221 0.31289516885693336
0.30528558480356327 0.7399751932034491
0.32806748610215464 0.6881525168828123
0.7186744475001553 0.25958131230644643
0.30881777031778834 0.2770185628153725
0.25380922248284477 0.6810149168019636
0.251893203339981 0.330644573213537
0.26269479858202127 0.7042876245467621
0.7479622492733168 0.29690621394713324
0.29061342932673484 0.3191029358206616
0.6881726262530095 0.7407728678088432
0.333070634417614 0.7243791281414824
0.7204544828359863 0.3239196985646451
0.750194927808585 0.7010224808294394
0.7532793443056914 0.7111085781008016
0.3327750015091385 0.230608432916654
0.6775737848523625 0.22457286873027182
0.257037811648155 0.6838191614400754
0.3079722953931351 0.7258130530700845
0.718964035936496 0.681436009780664
0.7312935589600955 0.6932632521710369
0.29379039967096376 0.6845510669638589
0.2681082251023583 0.31210455352590494
0.29530594354424167 0.2978137294248524
0.7149784813993002 0.25929882571882323
0.7547070046885067 0.6942781252278469
0.27907651427837044 0.7411520175246338
0.23519192370536468 0.29940040412117064
0.2938320796466417 0.6945578979013468
0.318419149451336 0.26459537066643946
0.7055017053828503 0.7525023136881729
0.3323024173052339 0.27398749742435713
0.3005012521156166 0.7440403869722169
0.6870671904325423 0.3070663084666242
0.27388412005833707 0.33125744584912054
0.6671782686787997 0.7471687230881399
0.7370505313669385 0.7014367065505271
0.32146561981527144 0.28525602540738926
0.2894513480577744 0.26738809676736375
0.760402841823734 0.6830995852660228
0.7854586809224638 0.3311466022306385
0.22248699538035777 0.32944906116914596
0.263401795031584 0.2879697574918815
0.2416208758528614 0.32718550825388126
0.25544529442438835 0.2736397399523963
0.7047950737187522 0.2428170784800603
0.25510962054831055 0.2759982097342314
0.2715558082013213 0.3212898319983333
0.7139108855101441 0.25846778396562786
0.21983657255645372 0.32378492970794437
0.6899834952235796 0.7255346161472609
0.7303952771548612 0.6861745379762222
0.25987626362091887 0.270581226986211
0.28234537492752654 0.26469000438318036
0.6712985572560154 0.29716935683853984
0.6791497917480611 0.7306607205250301
0.7045186279786413 0.3070798034813622
0.24638749719127606 0.6689735419532958
0.730269803810323 0.3233341882661067
0.7436560056777201 0.29461118559272204
0.300449894407846 0.2416248550963579
0.24779672669032915 0.6957668512296337
0.23671099841770615 0.30042098235331505
0.7031605578863097 0.29198985031938185
0.6772371752334262 0.6762098579696258
0.6804086118839806 0.7578988768324643
0.6884105392472768 0.24447888242350868
0.6714496916035134 0.2285433737989706
0.7535854787335193 0.6862103289418686
0.32060062693039326 0.2818708767450251
0.7242472878954683 0.28675048507620193
0.7256585682955575 0.7277080600021061
0.33178804105791826 0.7794126162989274
0.674602616097587 0.7533658057961586
0.24508393795201222 0.3253932667458568
0.6751839068286658 0.668202121242009
0.6812755997919769 0.2540934590995768
0.6916231259011241 0.7444318829323406
0.6785887635239213 0.6774875786657443
0.7054690410924215 0.2668528603313727
0.27551225422508085 0.2695508566100431
0.31570557719173875 0.28282626907732067
0.2741343109866081 0.7421553718322063
0.2622576179329459 0.7205304324354758
0.6737247387747146 0.6785431107352515
0.2544459616699811 0.31028206238007683
0.7450188440210344 0.6709895282961262
0.30627292326992395 0.3264508693138378
0.3093482649948247 0.7038004878185058
0.6728981174309744 0.6914243167455445
0.7216011856060386 0.6986578865038456
0.7057012649703686 0.7192472210194919
0.7051668391446442 0.7391566842576207
0.2875070967074781 0.3100933643543049
0.28940662625637725 0.6783375918932182
0.7130520058908072 0.2967856449801787
0.25789138799493616 0.2927977656764511
0.7088853836254724 0.29651643286212437
0.28069558333000644 0.30136145863355124
0.7518037493627239 0.33150884574652373
0.747030637115237 0.7126058874229005
0.7418382286267761 0.2732652044560001
0.6915765833200987 0.24235812574892668
0.3028019088214099 0.29034304218373796
0.30736700345425816 0.7047497743764803
0.29993000466874487 0.7539816898862179
0.7121552984517981 0.24370119875068363
0.3053397781038719 0.7263119041016537
0.7000553750294662 0.7083195916348822
0.6851901900127396 0.251057199763257
0.32459600983005465 0.6952830014034365
0.7289804219810636 0.30303846546017954
0.29791557204415287 0.7125949385108236
0.7742274937028342 0.3308579179297305
0.735494940405358 0.7206926773449884
0.7021791423810112 0.3140991630805119
0.7508429951883195 0.7177429415172094
0.7632331013989403 0.30184197402420054
0.307033217907667 0.7700116754529128
0.32894906995893836 0.2903603835478058
0.6735330892404788 0.2873007916155751
0.6703146158321324 0.768551383755505
0.678154035219364 0.3139113257044661
0.6898665001205094 0.332492785514759
0.2599186895342088 0.2883171395806321
0.33323595454761723 0.24631414082131886
0.3330304607836756 0.7630412757588659
0.677639659263685 0.3311057608266712
0.6871615637692636 0.6995655992408754
0.681168391025722 0.7463660296918645
0.6847892700843524 0.24141738461579754
0.32270794237358913 0.7400621467742051
0.7010479317739045 0.2497371505271253
0.2350496541710546 0.6953165853859828
0.73568437246587 0.31695570606219536
0.3264701364166769 0.7091523910645744
0.674117892803525 0.7312717407225022
0.26824874126383647 0.2953953823651646
0.7235094336241651 0.7258383937129236
0.6868716008543949 0.6789929107418229
0.7391671008768904 0.33007584551145897
0.7117337312835609 0.7357470287304004
0.25729670901817714 0.7264742633647921
0.3057171406467629 0.7506953800098892
0.6883083706867468 0.7702292142985957
0.3310832188086107 0.2306873100265665
0.31164941126875356 0.6965029962729465
0.6766626456383801 0.23123124598074263
0.28998153568213336 0.3069033107203333
0.727953146255518 0.7212088532566967
0.3068001178211973 0.3233954351289752
0.3220405754909965 0.27038283970437116
0.7702100509867004 0.3200092362428033
0.6968467562101819 0.24846376102727163
0.701601473194169 0.7484286010783516
0.3064883960652707 0.2536179808442689
0.2705827073832595 0.2592748081907742
0.28829311319719475 0.6971652763681627
0.2893443198625948 0.6855446486293547
0.2245029240842611 0.6796686091688497
0.717566131635088 0.2980035641915575
0.3298615700473174 0.7687755756420142
0.7030094051698473 0.743769683263745
0.6715848914327303 0.7824896996457407
0.3229131894134063 0.6901126715506877
0.23836416934163507 0.31929007118331354
0.7021103770019893 0.7065766607984583
0.681416527885947 0.7025634037218291
0.31431985792828343 0.6913018790291747
0.6972301817719484 0.7082176795631425
0.7227512509453852 0.2901951229160801
0.694964533542741 0.7089035149693214
0.7733798510024551 0.33222359097567533
0.253605377807001 0.27713290484831477
0.3256976220659006 0.7639577167776804
0.7115296731298353 0.6983668803471865
0.2642520490167002 0.667299490574201
0.7236969316732972 0.7096327749077124
0.22680389587090954 0.3149900734437403
0.6906782905850203 0.7061047655981655
0.3327323776548239 0.7464015335731327
0.7512050441218432 0.2974468404816535
0.29085567797395717 0.6738480849932906
0.7582208274367859 0.6888237209743383
0.238005565357024 0.3136319166253829
0.7373918227656111 0.7313362555806683
0.684215252920249 0.6877800131942499
0.24827330919869461 0.29773251273457535
0.26821954618594257 0.2951635347592585
0.2606464569584287 0.6938471047076001
0.6968643899361561 0.3282778763442149
0.7602669595965147 0.6960436408585198
0.22804439858959158 0.6737954822586957
0.7248201730376405 0.27396234258846897
0.31459740428323624 0.22477797509529418
0.2522613229889986 0.7145200568211333
0.31032153340409985 0.33045106809594205
0.7397913942033636 0.3086733702193897
0.29229224543562404 0.681173573999205
0.2828226522880357 0.7321981423498785
0.29516826183193867 0.7023282289202073
0.7395555755239611 0.30468463884014607
0.6794442930532458 0.30183194682262127
0.25455207392153634 0.29772742144514985
0.6694681592225993 0.32798373393593017
0.27273040783580293 0.26654590850535775
0.29020290218690414 0.31604658471979774
0.32740179223806876 0.7094644557271205
0.6682635986066062 0.2512695809091341
0.31462837594989124 0.26196183065498646
0.6766733624531115 0.28222144204733
0.7055137646491483 0.26101825127198686
0.32406582766823666 0.2510542760037201
0.7546441601510516 0.7125645376844303
0.28310822013429704 0.7354108746691569
0.32378568488070947 0.7510911175989057
0.695079099194872 0.2482010791342264
0.28155179705462885 0.6970215637349554
0.2878784816938643 0.6990147496444519
0.29027249296774504 0.7145404635977161
0.3176434210374868 0.30141821101775956
0.2898096576620762 0.7065351627366472
0.31841201125885654 0.7667085674080886
0.31453121026066033 0.2891037452661599
0.6845942378166915 0.2630471324604
0.30387690369391473 0.23661107933324865
0.250398943249595 0.6805650311599577
0.3031958176892404 0.6996527526909477
0.7095405280877148 0.28123340242849215
0.30041805256563003 0.26971555837796946
0.2843007839722401 0.32052787598856824
0.6934396234663581 0.2906037964450866
0.277799288225713 0.6687817706846038
0.29641863675585134 0.24929509762494495
0.2839321006372646 0.25269714967175483
0.6924146693654704 0.2733643386409177
0.7439847942196324 0.3032911889721557
0.2905934885117898 0.6754137222151305
0.31171956036145076 0.680911005474588
0.2589522810976591 0.31196413219482777
0.7023153205755186 0.6738631219437494
0.7307636066532233 0.6825891974581594
0.7462878090800279 0.7164019502699566
0.2696309126527703 0.7367571129962547
0.7032998622201495 0.6811180210737293
0.6730817007283266 0.25304520664947516
0.6943540043230096 0.24501547969361848
0.7040960069032555 0.23832244037352057
0.3236228253902691 0.7233275645649898
0.27326974081502986 0.7177709703290611
0.30386056830060515 0.6675141013604609
0.6743727143930758 0.7835453361030303
0.21785509523683289 0.6673102202218871
0.7174471313621092 0.7121495437331014
0.7069214470003458 0.24431899671269308
0.6852044150138732 0.2232164371794373
0.7117304738222258 0.24533906907440994
0.7052233179121585 0.26422998063194736
0.7190911759831512 0.7277364437430631
0.6674391230775109 0.7482414026036892
0.2899671914211549 0.32768301209337647
0.2295570765027567 0.31717055272096295
0.7374970680857739 0.7024283689858317
0.6769945449347483 0.2275308661637062
0.2933074688296464 0.6953714152026284
0.33203275867589965 0.7016659795178213
0.2560496846777519 0.3217683314627702
0.7432240071236568 0.693952714967098
0.6741797085192394 0.2272423420168147
0.7583169140153085 0.7020850409944482
0.31707050926150226 0.27049828321864267
0.3232154522796673 0.2516535182189821
0.7485293376132076 0.3152031049256576
0.7051950171861119 0.6997206265395524
0.3119674821346915 0.2764589425534608
0.7292151470898502 0.7057347075007536
0.7007403014392287 0.2938692389274835
0.7173398870875173 0.7524663154281895
0.6916623451265439 0.31541987192872234
0.2950471486314785 0.7057888187701663
0.7302927147454918 0.31956674010219865
0.7454527522633919 0.29275981801368156
0.7075597804608553 0.6806532603026139
0.31569765829239294 0.7444537355669637
0.317830393978381 0.2457216334770097
0.2926739142759135 0.7113700032037531
0.2706213742941176 0.33316847507308467
0.7450834573405695 0.29088681949474393
0.7226292779266473 0.7094530782099016
0.7245702076231543 0.6789086949419327
0.7317773337039648 0.27182157904843074
0.304139312761889 0.27095745896670687
0.29308184022715844 0.7297717697066998
0.7804371250139048 0.6753940637077263
0.23568205567441514 0.6820381391374918
0.32180604621916475 0.7701234260096321
0.2420347771189001 0.31816681880464237
0.7597365265987978 0.3197043555092265
0.33291936204360995 0.6973085287764259
0.296578362227257 0.27859764051441815
0.3303497234367453 0.25900724871623815
0.6679330411523651 0.7440758630688927
0.7185494241997292 0.25453109627630255
0.6845207592012316 0.3261630022696098
0.7014860269827525 0.3309975873814168
0.7331364854687832 0.7233249662790991
0.24818032829081493 0.7021864658510961
0.7844340858040865 0.33240153557543206
0.7104430483571806 0.2581594905393737
0.333061787796744 0.2514979397389612
0.3257956694121078 0.6884770177971539
0.2538708304722117 0.6939371320777844
0.6888671634480144 0.7562376949184308
0.2673148806433201 0.6809886653114335
0.6822787707117515 0.7044104179474445
0.701280321875577 0.2866823539115606
0.7025853079020943 0.3023457593933726
0.3231234996186817 0.2734788483666273
0.7353916937712273 0.29092659069777915
0.7198482504509087 0.7011886655630588
0.30664153679795003 0.6816109167936091
0.2559324930887843 0.324990265916526
0.2448068688441094 0.6846518177096538
0.7078855789744789 0.7181051504492992
0.28813180253106474 0.25192694876717114
0.7231415992601322 0.2524902425625929
0.7365587017395375 0.291157633114871
0.2637914175454713 0.313882226135499
0.23883763044069994 0.6783974412885057
0.2990636123566781 0.24150897489462952
