2 1000
0.6512882814015524 0.24190921845437574
0.6034778833628033 0.7958720972014584
0.3945542925684907 0.3230097106088796
0.6012262112857509 0.31534313424070415
0.2641306327351932 0.6253272107419884
0.33181389640018744 0.2516510320335017
0.6936234961837868 0.6191767878254292
0.3268348256493532 0.6601155375589942
0.25254919562618594 0.6389432491421349
0.39774648823174663 0.19091760072135378
0.2590044213826408 0.3916857667480671
0.3780946539915281 0.7129258677296281
0.37840422575681765 0.7649438469364026
0.8049821452493626 0.3760997164073331
0.7628320226283474 0.6668485004264947
0.6006245734910028 0.71478809645271
0.6791951555178488 0.7190899476384804
0.2842655243665595 0.6424050537418504
0.3972866988766467 0.7494888229464249
0.20311493590466956 0.37885228940780924
0.2477693324979604 0.3969124871331865
0.7466930740555408 0.7120307876106503
0.2979775286267097 0.6542764720599518
0.6010765769642863 0.6236754885994733
0.33752412559029477 0.6219060533688027
0.6452718491050224 0.23864499411216566
0.7749854473500074 0.6190350662090123
0.67999763651616 0.6482657947107358
0.2608414782167898 0.6417639853267194
0.7146245296339165 0.6641862656813576
0.6981065312662458 0.2692097323543384
0.6272324827238354 0.2518576649898946
0.2849855941681301 0.2773785953356456
0.37647301895049745 0.23164603968688813
0.788414316604763 0.616696158690844
0.37830319862925177 0.7741561044023251
0.21612537813144095 0.3484258739415874
0.7166887207943013 0.3781526256091101
0.3608398729729385 0.7963904348573267
0.32885011963317834 0.7592627850957261
0.6906608022557247 0.602465645427877
0.31841051367297335 0.30771502689350083
0.3470031039927507 0.39291379971999907
0.703384479966624 0.7328742350116443
0.613439588561852 0.29555188878563154
0.26835767450716064 0.6803177472212121
0.2550221045091424 0.6299401433567964
0.7873100119577614 0.6609338682011359
0.6042961548217733 0.21626408174715772
0.6829337589237995 0.3038152804662636
0.6221170527158195 0.3739164866694471
0.39736671545811697 0.3284876641937362
0.3906634500883728 0.7996242645202107
0.6103433258455003 0.19235728571175226
0.7192102777655373 0.37055829237363946
0.3207055706405314 0.734026369340227
0.3822663214155897 0.24658873801656989
0.7951311968272294 0.39846107456110547
0.354711431083922 0.6224764116438056
0.6789527832270043 0.27006836844669346
0.35319104020599035 0.7576616179339469
0.35834287723034564 0.2557052278444977
0.6136256579037738 0.3872899039817944
0.6932329821269122 0.659060557068234
0.2981957846964389 0.6343787190924528
0.6730757845163919 0.7404168129384666
0.628556875579588 0.6426193356792638
0.3364982341787208 0.7694915035786434
0.6257156726237212 0.6793092154620239
0.36755438531984397 0.1968193431270936
0.303847226654008 0.2969608064990038
0.2710950438653532 0.7086715930379541
0.35718034016605194 0.37076347342675076
0.32927991034809756 0.38869678189777124
0.34269997873227365 0.7862805817374772
0.6403094653652508 0.7441551012514875
0.29577329930107565 0.3585326088545936
0.7939730388015885 0.3743094606754306
0.6089312276276109 0.7559454078661568
0.36726097178684325 0.7861510930476066
0.6762228110112514 0.7058589298339197
0.31666685983730913 0.7106956771178319
0.6555076448514063 0.3698992656335153
0.6078382757624724 0.31477964207535003
0.7252590095155849 0.375092766022217
0.687894199713466 0.3373708859315969
0.8111888254846122 0.6087240963081253
0.3416197911441249 0.7754300829109758
0.6653310793389496 0.3687291315423522
0.27288301936952397 0.2833834416717501
0.30007109507352325 0.6672757886686838
0.7055616539194836 0.24695769037782356
0.6840617123249711 0.7173786392589822
0.3800739226286943 0.23125912391077874
0.3491631006962711 0.3907159997729107
0.7467589771737148 0.36742738633387373
0.8074958928344421 0.6228043988872289
0.2973696841165331 0.6597089677668393
0.23275507221712588 0.6854786923969763
0.7701209754553171 0.6231636551712763
0.636870397612484 0.6619611522413104
0.3862878973355971 0.21426984371182534
0.6106394921237597 0.7756650353253762
0.27889219957649003 0.3658763504794047
0.6235582645323522 0.35657539251045134
0.7403644407088532 0.6838503089307225
0.769176763755765 0.6677511087046573
0.19586731888775755 0.36752465055849526
0.33330644135828524 0.30966309129227065
0.672796670408956 0.38451782531364165
0.6718456943927424 0.7419418073587145
0.2852077073749981 0.7518032447571015
0.22655054941354802 0.38946980681886545
0.3634278148259694 0.7115856590530656
0.7555220169327548 0.6786074945399261
0.32311374496950573 0.2582701537929232
0.716378108281615 0.6903195942040897
0.6100350933038741 0.666809950161022
0.35884078381581996 0.6874719029665372
0.25718803140780044 0.32959072296131986
0.334529804335283 0.2378098807727519
0.3088167534570081 0.2762792689995589
0.36016410935128473 0.7215295489214116
0.3379923265191397 0.34933547604580717
0.39672018994788794 0.6930519817097536
0.6774912849478104 0.6945190981111021
0.6629285202322411 0.6673051975028751
0.34754809105845796 0.35027832536720127
0.30448175603637706 0.2772964404990962
0.620263270252411 0.23528430298351222
0.3324596038926354 0.7811104749049403
0.6358056681717719 0.6440851382010703
0.33694746879703674 0.35250339736138603
0.7732800720952748 0.609643363379907
0.2604281225111571 0.28813504836896475
0.39081068602137026 0.3792015689265926
0.6833091878297245 0.31509393592982105
0.624742851912088 0.32537391215949274
0.7514472533978068 0.3398826964853553
0.39603164249834055 0.31842303706018427
0.25126038318282606 0.6754013700191199
0.6315519578921279 0.24330027392832865
0.34942347234120785 0.6672266268148883
0.36293308017037695 0.32956970357679416
0.6780881136711161 0.2746445524567578
0.6018326694145145 0.3446232589367014
0.32955320710962044 0.662674933358023
0.275086388316106 0.3887791690381661
0.7110401309605536 0.36875575822566997
0.7788303136176146 0.38689531318500425
0.26840115837459566 0.6322477403104121
0.30220882468327037 0.25621334420980535
0.6807237527949971 0.3305962068607504
0.6329051398050941 0.3923081614012367
0.3027946696918028 0.30930103956963295
0.23327336688325018 0.6988340472793819
0.3893075834172194 0.2811762141503049
0.6613383116373697 0.2318516813154229
0.6477663582298434 0.34492423950177165
0.36351372546048666 0.636924658066982
0.6221082322309138 0.7463175690526263
0.6186404444480385 0.20156313242930757
0.260453633823431 0.3836080133950537
0.20178736543457243 0.3869132469880606
0.2973631370154164 0.34284351080087694
0.3466747697915987 0.6805883996393771
0.6294525107581813 0.7308588178294689
0.722124953186776 0.38537552579764023
0.7198503893211633 0.7255291471482558
0.6778258176080251 0.25073385929199754
0.3612611355071311 0.38237256825294585
0.7451328810752729 0.6230435760458866
0.3473608649863905 0.3375555743604456
0.6430105810160835 0.6545780037340518
0.7065389125390824 0.7238441072772311
0.7650280751215568 0.6776999850058634
0.6510003592292419 0.28446578632771224
0.38895046426610536 0.2028088309910706
0.20756355209302801 0.613537555540505
0.6130833299401611 0.34982891730089205
0.7486017372249708 0.6032434846913983
0.349083707774575 0.7736874353315544
0.32899239639346123 0.7141934827846399
0.6315779651952211 0.7117487015332404
0.6339859735000825 0.7573497675340854
0.38213015597877364 0.7572876923824816
0.7103180248813041 0.34619608218904896
0.3700054529737312 0.6233522614925862
0.3669068284364685 0.26337833957751045
0.3756963729665649 0.3944113385335156
0.2987516691625113 0.3784549516027693
0.3127157243963271 0.6450639864679307
0.34714838774428936 0.6506236126242544
0.6094790611203894 0.3193397716721831
0.38080557427709305 0.35383959879667803
0.28910276236361654 0.3897384637305904
0.7465279280425949 0.6582504404325752
0.7611788501496641 0.6332286712888202
0.7006591384659838 0.7585873481443
0.3798949033190334 0.20175373359647353
0.801485597826887 0.39819875678746286
0.3243673666087106 0.36249899640431715
0.23182541671325696 0.31986455530320346
0.327349544326466 0.28427265845641114
0.35923502119977746 0.7134224058039776
0.6140242326909784 0.2908277859126468
0.6110935370855806 0.6550501545701723
0.3491813719377911 0.7135510692348882
0.6615793136206088 0.7391208417483108
0.62328890812522 0.31581146849770303
0.39025794181840623 0.2018037840592647
0.3105582039784809 0.3050364503453872
0.7510399165940559 0.3491647784328833
0.27900427191312793 0.6352283762804406
0.3027048084033508 0.6081676919146555
0.7979236723166129 0.37948341847216027
0.7406953376202512 0.6726783786163023
0.30804525145244044 0.6731973871175579
0.6031432555729822 0.21456645621513948
0.30429415840993734 0.7079236379683465
0.3101809525030378 0.33772613252686035
0.6066373955521546 0.7011458886005985
0.6795394794025617 0.7578254391627496
0.3916790919469023 0.3991996284942244
0.6543904612099007 0.2646774090449082
0.6825437455694695 0.7228955307267405
0.30611065183429975 0.2490368042848502
0.6671736767212507 0.6506305562499046
0.3986816164736334 0.3551596977707586
0.38521384904514766 0.7499305523696262
0.3397013503132069 0.7516611744302124
0.7105675905307339 0.3620117383104299
0.2705672779737447 0.6320367878923439
0.7041480571225573 0.2588573802278844
0.6747817207771825 0.7764267613683309
0.3577854964439666 0.3139305457008158
0.24582050445500758 0.6528031626645858
0.7482756793582539 0.601351188091472
0.29548210568217104 0.3568868784969985
0.39645073129786323 0.24941895428740446
0.6781039607773606 0.6596442578840005
0.6071781575232089 0.3521464428383828
0.3595129976443586 0.7514504412099495
0.6409933311533201 0.37426997670432094
0.8009682284848562 0.3715062855680552
0.39853957226415526 0.29524977070011005
0.7239605594079118 0.3147609482959196
0.6546671574813278 0.7048174278173006
0.3859969438542261 0.7110482941600367
0.6160247444848823 0.3654237611910869
0.6814027249902044 0.6039682063345111
0.6276713420687144 0.7067136625391578
0.6574854789819677 0.27093063608230816
0.627653421709693 0.3710350818423499
0.3908760930431432 0.3654180756061496
0.2615469584352883 0.6877102929847665
0.7355288543349525 0.6139517518918426
0.18843633199792187 0.6138496789472605
0.3163435403225633 0.6802844536646482
0.6664234973943093 0.6269597690831092
0.2170470958867442 0.3908698906166007
0.716090730044237 0.6344420561747699
0.7147357373750312 0.7435354583799647
0.3033537026761054 0.280893607977595
0.603965087495936 0.23754713434752428
0.7512844846522708 0.6005766885838146
0.6451982353284647 0.6368995367449228
0.3978102693479638 0.6681011889928061
0.38328311703982776 0.710052252869702
0.6923118925255236 0.3141030307440138
0.32932114629906784 0.6020374130572924
0.6832217776371767 0.6033677816610438
0.2506495699931617 0.6889318754066246
0.3474312928354558 0.699659652842349
0.7183176698302576 0.39973125914460217
0.7375484996212429 0.7070794149681361
0.33733320792143695 0.7870124323721746
0.6123820974368774 0.320211897673114
0.6841829104586086 0.6545383005652091
0.34843160948162755 0.3481603867708697
0.3563703384545194 0.6971008638179028
0.3781894959265115 0.36777993980552925
0.29485225774377644 0.685290843053233
0.6273422390429929 0.6684168558611284
0.38951075760198095 0.3306959743299964
0.6185081021093828 0.3035376645535065
0.2524122645691884 0.6502466939844009
0.2752824897923658 0.664630697846711
0.7728776092250484 0.6647100955378299
0.22210934581680497 0.6303845467637055
0.3836460054919699 0.22191287536361082
0.3155543151110377 0.6804492201181753
0.3111504437890704 0.37204799924788545
0.7347634049221614 0.6916534726428671
0.7424437700439669 0.3268747824280791
0.7454560680664126 0.3651201686318488
0.29238632665876585 0.240206217267123
0.607219753438767 0.8040635377178958
0.3715647342204075 0.7447378813218968
0.6251890165746964 0.2554301217310333
0.7838777809795942 0.35098921111694803
0.6782474805026277 0.6734974664900147
0.29053350707073855 0.3304505396513825
0.6829672101746947 0.3942930274248607
0.3779428223879031 0.29822028841557047
0.32839275287627934 0.6711775211413691
0.36860115002077476 0.7062361200539556
0.34170284914922744 0.37361782029832613
0.6313631639151708 0.2377447591655273
0.3881433389906639 0.3694439345838877
0.6895418110684993 0.23659149674182978
0.2226498740046654 0.3969568906672779
0.6125915210874532 0.3786737259062778
0.6361306474906457 0.2422114840805757
0.3559998874422925 0.20363297650998602
0.31360575756949427 0.7150296631677792
0.32660186299599725 0.3286316556761091
0.3013004295543942 0.6398788031987735
0.7741418837003275 0.6687755816582333
0.7622140855570485 0.30351537671058704
0.3466557891120414 0.332515206642756
0.6649627192239094 0.6902116266908476
0.7441827573125567 0.6906809906023843
0.38554562805654746 0.7585422204993533
0.3928406699010122 0.26908279913032274
0.2902675339456918 0.2518006612256102
0.3675190051819237 0.7431598210984578
0.6916123826415578 0.3037772838323469
0.6371201837923842 0.32252073871566533
0.7854969232315284 0.6059116557176472
0.24670238669723543 0.35616911828813425
0.3421671101689404 0.6150261722411374
0.39333118378641774 0.6840882658988451
0.7128343690428368 0.33422484746419767
0.3577572301433313 0.19941064883269
0.2654158228133431 0.3553186228152081
0.6204115315090754 0.2854955051914052
0.3691897907609071 0.7382501845254289
0.27671520688585294 0.7439751981589217
0.39196663274404975 0.19066690805573405
0.761449969892181 0.6159048207833081
0.2487162323276545 0.3002557080749514
0.7311481147439477 0.6111464615839429
0.6358656794698164 0.3832141005646098
0.30791451682221316 0.6453993114613918
0.8081773150932424 0.6092204302898263
0.7000975173256913 0.6631484816104471
0.7465291945515322 0.3224136558315175
0.7160977666842725 0.3215684936512371
0.37169413080969105 0.7077918137733942
0.25536343061295586 0.652163001828477
0.21878430835798368 0.616963411869946
0.6145732804959281 0.6475809802981201
0.308031536704781 0.6426362379037942
0.22052623951408845 0.6245283617915619
0.3550575067040913 0.7496662098033772
0.25787517516708147 0.7127045915000729
0.6275116151376527 0.24313814400020473
0.6701414748408347 0.3099335026998733
0.27948521225525647 0.35564981164026144
0.31079628243218616 0.3866981914293327
0.6710530170940887 0.24286155295357648
0.7622226182315531 0.64272393867355
0.187095297668876 0.6120376593755995
0.33980929281506644 0.6135746062503887
0.2767039534627439 0.6949420752356845
0.2825873019252044 0.367236540734043
0.7535819451398718 0.289185151198015
0.22805023218094067 0.37261179831898117
0.3323180105828274 0.787656636380208
0.695655674625273 0.32216994174982516
0.34609477145512535 0.2734642403477031
0.3742420024499734 0.36799565436226545
0.39460421383957733 0.7852120798567468
0.37142293240327373 0.6211671178007783
0.696202255841092 0.36013799134467217
0.6622520284984728 0.38317755887675886
0.24505768902282576 0.3271363196871424
0.2561859626172929 0.6389589443585351
0.651368864069681 0.7593410803842382
0.2997663571689564 0.2624780855282839
0.6488948291579856 0.29932734762792135
0.7592464592836664 0.39750920394548483
0.24437686466704733 0.7114600726304374
0.3957724624801553 0.1918490531279773
0.3871481334459901 0.35667502876119317
0.35131866384993726 0.7961338368972228
0.8008304822190186 0.6132825862536352
0.25603379743232313 0.3066183825458477
0.6782530744284808 0.271354179734286
0.32444243646999005 0.6825018287735292
0.3335674468335923 0.7682218800466925
0.7606914789662808 0.36413974342585176
0.29705880815330155 0.3323896214852732
0.30009386670181404 0.28772772435636607
0.26059897495312345 0.311366233329909
0.6881680868516341 0.3919920621025158
0.28784242181004316 0.2782836133967441
0.7817050881150756 0.616273060633287
0.6249468450603102 0.2859020715220819
0.34908839815957826 0.7071562092875708
0.3889204896812357 0.2470483153681159
0.6510358770207718 0.23674745785383855
0.2562544007217843 0.37550596859202856
0.2943575673225526 0.34428929005782216
0.6017145870708005 0.23455134477663686
0.6859879508686281 0.6019845079972002
0.6261702136559066 0.34767029741659694
0.30381114629018013 0.7411185008396104
0.24297895969780747 0.6963095999670168
0.7722277889534133 0.30992063998803154
0.6326869421358775 0.31736506920332097
0.3042500677209944 0.377810139653454
0.3840516930906216 0.3421819448555926
0.30745560791384263 0.708712178581929
0.6303794125657861 0.6435804251352658
0.7699239537800152 0.6651839558515076
0.2745524632642855 0.30759705379839364
0.2333717964736277 0.6561081355196586
0.7750908693768712 0.38169228500807806
0.3774875518040859 0.3708775536333532
0.34397106303165015 0.35184508830386985
0.33534402642490313 0.28400594955684777
0.3323319889625679 0.30446827329122905
0.3997075185999879 0.24175904697164474
0.33395700379636173 0.6926415857927654
0.27948431090522174 0.6317410952831356
0.6514457837581347 0.6062761598660003
0.6744989705074177 0.23357873041161026
0.7168824611401878 0.7080599483667451
0.24089436851407675 0.6190997906515221
0.33990971838108097 0.7083171103255795
0.6376379119392267 0.21011717595158097
0.305726415599469 0.31878743065573045
0.32782782468573113 0.2238743365989917
0.7106814021745853 0.6841164952611657
0.7272434708096818 0.7359013161473075
0.35452068137778203 0.7657679091877252
0.36291006501862444 0.2914409929799493
0.2739875983753708 0.39106351258452376
0.36859186316655235 0.31962090194688575
0.6717268344529198 0.683054165681069
0.7808818745744577 0.6298877486498717
0.3774922720166186 0.21068405186432115
0.2838999816846667 0.39691890018961284
0.6354260574974854 0.30475104797980224
0.3327113445849095 0.3651934016103653
0.3635673177019224 0.6505136990495664
0.2927565429061939 0.7281249346947157
0.2506520547601071 0.3818893144126182
0.30744577885695057 0.6337401324997123
0.3999714649770719 0.24003801172332062
0.294790219603867 0.33682259440124085
0.6751719748166486 0.6627202593395436
0.2999475249997493 0.39356513353003664
0.2890092440308507 0.7349064614093692
0.6290469380706241 0.7024357951851067
0.7470158642321245 0.29927118086854343
0.32581714660110106 0.24836834077060055
0.3174098805864529 0.6002964496766414
0.7442240891609394 0.38501411419710085
0.6236697655274681 0.30549450429801506
0.7762880568650593 0.3255242881653584
0.32370251213454926 0.7009940904003864
0.6392071435947997 0.2972218168032197
0.7633021484328372 0.6630280991109193
0.6098422019405375 0.6744579468357245
0.33044230191944857 0.612703828397896
0.384188968406585 0.2800620193522626
0.7526284060933348 0.3534346614587126
0.6330661356427362 0.2944708589272479
0.37178664914859993 0.7190499106478936
0.29363110837436246 0.6648115916626097
0.38479903880893607 0.7183900133818298
0.7587436963056089 0.6971270807269561
0.6628808624247706 0.6512560754351067
0.7641707032816154 0.38585728747018977
0.25704616322407103 0.7140202300639242
0.3358659634122757 0.23753543066703053
0.3625560466703759 0.6510871694143185
0.2265897308223228 0.6644991637916262
0.23962899959951645 0.6462474577498933
0.6497984147533545 0.2835099047415497
0.31991346855289504 0.22213662405786538
0.7027395143528408 0.668425243755613
0.2604349150373936 0.3461616101213152
0.3909198060637148 0.6314249067825376
0.6846766836007213 0.6481875904972254
0.3692891694838357 0.7159184619504191
0.7470349522785567 0.6570031248868013
0.3053007093901984 0.7165683695461434
0.2843510769831503 0.6603214714056536
0.6556268338331334 0.23081484631850413
0.6742414235739267 0.2819125837478963
0.3538485069597256 0.26510529052464327
0.1916620027416871 0.6045815026835585
0.273243640832208 0.6979392617168434
0.39515537599485195 0.656454899590198
0.24204634513087808 0.6333282413108376
0.634019072085501 0.6814530254320625
0.7521415068162141 0.30870584652149136
0.6382692476144669 0.23553729966878845
0.7805305881718057 0.6136197725289885
0.25643906277806117 0.706400801005909
0.37739878777737046 0.6654312921720303
0.7086598395002186 0.3077328785563448
0.7089101552939321 0.6137739883165239
0.3920789983750047 0.7337430447182992
0.3164964408536831 0.36117540445257135
0.6668843668481044 0.26539298132752787
0.35944995359851284 0.3800358405756751
0.647149655122266 0.337446357681938
0.2098690284503445 0.37160415412892067
0.7214926619762101 0.2764027582454174
0.6111871377870773 0.630691922973703
0.39679050511215874 0.1911006963167433
0.6101631313165002 0.8002525051397338
0.6074242709399192 0.3515462069748345
0.6499512536642422 0.7055334339125127
0.6010009764273848 0.7008598882176372
0.320718299588996 0.6871076540451331
0.23882666405717623 0.623589479007336
0.6946886673779678 0.3386262974585873
0.34470922167707707 0.3073776827878518
0.694615860012048 0.6533335518372917
0.642719614176812 0.32814861717306687
0.35505353660527694 0.7483427673597123
0.6857610567907044 0.7352400074515749
0.28076815500579 0.38045683221116555
0.2792886721635053 0.3449290548800682
0.7833119127682572 0.3991910546169284
0.6705252832405647 0.2497749508458007
0.6324284410574558 0.6382176756329019
0.38828830954182425 0.2846456028808737
0.6376675832040156 0.3125729533031185
0.7890108321387884 0.39838683228930794
0.22400666088268373 0.6620911487942711
0.260283449488928 0.3647654739545839
0.1945140596499909 0.6004094404140197
0.6975572367399078 0.3004790769383555
0.6236206193304215 0.3098946859623457
0.26676269717228795 0.6260273420441982
0.3111913223818191 0.38087978751998863
0.31019156148698757 0.3522952713952182
0.3934428072514973 0.6545462939924791
0.3841477189681697 0.32222731767817203
0.7108818288810437 0.3067099598293367
0.7412225096642384 0.6477142841729578
0.3979237146037442 0.6024294974705636
0.3942179010346225 0.3105767555562484
0.6072543594695555 0.6189311217374762
0.27012236965685055 0.371079844060614
0.7301878874959201 0.6986794723850704
0.7426283732895321 0.6395724531235475
0.279525640985437 0.7372516203574272
0.32310849230937044 0.7240423480282235
0.3565593219967833 0.6058779410348477
0.7664648426982301 0.3301458973225957
0.3005895177082011 0.7213971804837122
0.3867447543630793 0.31198532665805156
0.6436838898550534 0.668955900260407
0.6110273665887519 0.3927665631426599
0.723354389521241 0.6199540619352859
0.26767498540501733 0.7243700895398668
0.3850901394401811 0.6493092962688459
0.7470788599888294 0.6375272273793753
0.27448422150352925 0.38819558909835084
0.6732041819848131 0.22903057471882282
0.3229968977825527 0.6196752602943562
0.6045114057695509 0.36094829543794704
0.6939531464552066 0.658531940853414
0.7171916455540759 0.6554619523652885
0.7476702018525727 0.6338104791573282
0.6094679474790308 0.6902753034610389
0.27850616928864047 0.6894678121116643
0.2592358474162457 0.7131254829243447
0.37632809837102055 0.34341378495390795
0.3734035972288242 0.23244566363671404
0.3941163255991643 0.6622228810295419
0.2812232030325007 0.6248613676227541
0.7717305817175708 0.37486250146379585
0.7204575316983496 0.28971557472648946
0.7537742753421295 0.3441452833130978
0.260042860311151 0.30542134249153374
0.24499351094473287 0.6680198327818448
0.6180379502111736 0.6810544795876865
0.745870694627682 0.3024217912824313
0.6922709387490521 0.7136821777800302
0.6216935349086532 0.27651363089882974
0.7869103577883086 0.3976664525197071
0.3845731434418145 0.6965205235419879
0.2520706019462142 0.6106008817292424
0.7416021749333025 0.6368904905467411
0.7203419098138151 0.6786681204361776
0.681590107362595 0.3759803565112374
0.6354858022379772 0.6021128385092619
0.7275288450814186 0.3233388396180358
0.6957343991648594 0.2898766720372792
0.33699381990747235 0.7652757217852847
0.2579701844761715 0.32530473622987655
0.678327021489054 0.7261013711783304
0.23313201036807074 0.39370862511207894
0.6434814848020689 0.7081879080163319
0.7931360080903487 0.6343598650190787
0.6632153502296132 0.6548561143975624
0.7215137754830405 0.3577730289037232
0.24314702160751256 0.37220884370707363
0.33184823567863353 0.7518900405988882
0.25222260360274074 0.6265482424721096
0.24618870602171772 0.657646810962589
0.6089313073234407 0.6829930841934965
0.6049350558313086 0.368190466449278
0.6471864038801393 0.33631722530861197
0.267309706628576 0.6505985922750682
0.39251613413467745 0.27449572062982563
0.7350484645212974 0.7206936789890304
0.7655706084554347 0.6441955539975818
0.6095571502479775 0.352381039538883
0.25533627820649396 0.27569551848126805
0.2671788767784252 0.3693280427234119
0.6831401244768778 0.2989313493158743
0.23986747089063154 0.6945150233752346
0.6060493888072228 0.6818497061893337
0.25803525836799124 0.7227206594301666
0.3741462983643087 0.7412359760060548
0.625463489972436 0.7219147824019826
0.7416928651744894 0.37589490768818423
0.29587762305190624 0.2868576988914817
0.22319089152049976 0.33281329695909156
0.26520842412564627 0.26467429775966733
0.6059224309490845 0.6519960275963704
0.30953399738515375 0.2809071031548126
0.6261645325420278 0.7362403393262387
0.39145743483002926 0.6796412817816571
0.7427137333004512 0.6519407599846427
0.26866218762997507 0.3412071252631148
0.29028385383586885 0.3610722737834562
0.36654519055245427 0.6223710957663204
0.6383547028111782 0.7625534504717623
0.35678717125261694 0.7074433970585999
0.7128953637820729 0.6657913592015094
0.26749543914874796 0.6443688689162756
0.28786425485145906 0.609817890450281
0.6431065384772573 0.6424475065237507
0.6142613506728339 0.6029162613708813
0.7395474538094314 0.39983822898150445
0.22285150694363254 0.6737657482485632
0.3465529329612188 0.21385395307390787
0.22182759890057635 0.33555170105658627
0.28242768195435053 0.6982384818954
0.6769379166287645 0.6366601143384188
0.35753675294818843 0.7386504799445371
0.6237894420467474 0.22624038308804073
0.24922653285598262 0.33692664618432033
0.6905838553793298 0.7402591786082943
0.3560843629846887 0.6063230033467456
0.345393423453917 0.6521470117345994
0.2934218341642528 0.7397241649079228
0.7389260773677518 0.7265720429468303
0.36511490227808197 0.3080429168644706
0.7030442640401665 0.35444752313041206
0.6136133057088019 0.23102065357608847
0.2016137698763334 0.3833975617146107
0.608186735798213 0.7660702541715041
0.332580377040976 0.3025028744071988
0.6427226712022335 0.7909269239863602
0.354832363890337 0.2277747409524994
0.751685526932821 0.6180730640697363
0.2174134036817934 0.32428088685750556
0.2831545631282466 0.744848034617773
0.6786933159256046 0.3105497822340546
0.3140617058466786 0.3705039793333351
0.31436230628551143 0.7199974604010311
0.3771678180853154 0.36549744070622314
0.3456200004150679 0.29231528869880186
0.19868120385053223 0.604164446553462
0.6796514905437416 0.3857483231261227
0.6830101449638601 0.30031279369112296
0.3537254096201806 0.798860116514734
0.35732127921719004 0.3177796890929685
0.3728950127532744 0.7730704092797285
0.35849695596601294 0.6557304642469234
0.35377374816640583 0.6483130099256597
0.6566068306385724 0.702655833989553
0.7241931872070724 0.3597503655589046
0.6657992235852012 0.739890871787975
0.31469840943846095 0.3773077981125269
0.6408713115047957 0.7733642840188473
0.6092609505777912 0.3875394198792659
0.6411861592929713 0.7335748816590614
0.7333593038737216 0.32834384659916216
0.6478436872384185 0.32206463418852027
0.6806913373823842 0.6321083365490866
0.31191841145371135 0.24838797939737578
0.612184125264142 0.683321353739869
0.27855006173113095 0.383944095130507
0.2970523486004232 0.6935289989503354
0.7724160831967863 0.686766641267899
0.3625071030723237 0.37667926166980714
0.6566117393335413 0.7733183371188811
0.6570125833831221 0.6144329777990822
0.34298970268687334 0.6222286194433082
0.7582207572107227 0.6454094028441141
0.324888671529141 0.6436282117959681
0.6754532800456392 0.7514278121092245
0.35898566750436345 0.6458472669381028
0.24225614195194034 0.295845600315057
0.6559385703752806 0.7079776633809668
0.6149536332678844 0.7304264020436403
0.7460758390517235 0.3092080362130627
0.2263620311154324 0.3377057771661377
0.632685606096198 0.39567505878527043
0.7483779563124686 0.30289079861373236
0.21103383232305206 0.6195521529183781
0.6940321375974313 0.6945476998024446
0.6425694549140644 0.3744996450637742
0.7366604274254559 0.29520916748312376
0.20298180725890091 0.605838593872463
0.6878070370328263 0.2564368425410738
0.3517162279152808 0.7470577681095953
0.3440705226031098 0.7086116031214783
0.6004606451463886 0.217530400565347
0.22974883639392718 0.3279100212237728
0.35180722584940616 0.31996163409241485
0.7302534066538008 0.6686357100541535
0.6552590889510147 0.28867813523581054
0.3124919657468703 0.35751009268193623
0.7946964949785259 0.6486195162859326
0.6987366311994478 0.24971343185600936
0.19593363537662467 0.6243664758626891
0.3591686155728635 0.6945241086882021
0.31687530778497 0.36845358453775023
0.624924885104361 0.19550048155647504
0.27216539423886665 0.689065483997251
0.25515020065696026 0.32286410354216677
0.7092608057188645 0.356361470421916
0.3058551668358085 0.25618661093155826
0.3304247504855482 0.2910669541683242
0.6381810137588206 0.33241158127452
0.35720025629240504 0.3536271416217852
0.6681249879010258 0.6784467988199474
0.3414893970449132 0.2773894165747043
0.6276634316817896 0.7323707862686578
0.6394405352882225 0.7176753388814522
0.2423983334600719 0.38035487145120594
0.6802123573014641 0.7724823874656074
0.7459908106788178 0.6924368955085957
0.3234439221017512 0.25613203451201305
0.28082942842458336 0.6679929668897602
0.6107805272345544 0.7262799816542509
0.2933480217883898 0.6142735889449639
0.7048890378991952 0.6689515021036508
0.6261230406743077 0.21735812512673802
0.729296764558419 0.7248047736916984
0.1923405409065707 0.6108801715020569
0.2812252838380631 0.6883384312075839
0.2569618127424822 0.3456725128727838
0.6173728546342396 0.23575632213824937
0.6406838601473971 0.6304054503909131
0.23447677130253874 0.6805605339225629
0.6789815840216711 0.36459412346506426
0.3893704656871185 0.21754532366352008
0.395497938857837 0.3319188953702066
0.6060306804596013 0.7264668549700691
0.21453202617416078 0.384515284309741
0.6006411846055528 0.7077200982704738
0.2940068924969452 0.3064694700468944
0.3013219137417382 0.3538024765157368
0.7045680998223183 0.7497387564418062
0.716857441924109 0.3934558843676599
0.2996019258823214 0.7211538197970208
0.6657126469428812 0.664598425027902
0.6814794899187837 0.677085088884646
0.7465556105402353 0.6758411652939079
0.6753202683168585 0.6332873559945289
0.3341831893590502 0.7144354539600449
0.609285952100397 0.7197417818084009
0.7492228571518901 0.30816831695811064
0.2675638009259673 0.37196236534998584
0.374670059576792 0.24469435942409679
0.6868031115237654 0.2416137270308314
0.6187746611937778 0.3111955660660237
0.7097353544685002 0.7514744973669616
0.21271299040985292 0.3509632885582197
0.26598958712674714 0.2758940943052959
0.2638162669755343 0.6250309516209492
0.6413792692149326 0.3925962197189139
0.7305008492733929 0.2719203255571112
0.3737832304983212 0.3270801869241654
0.29974163767285733 0.6472387833782512
0.23729937271435886 0.6783926074128167
0.21089607629558527 0.38668287133667545
0.6185000709389483 0.3337457351392702
0.19772801391692263 0.36154350802035484
0.3144391102497758 0.3768315932832802
0.6497644219751675 0.23400570029104617
0.6073499335411926 0.3200002080510721
0.34208874813222445 0.27173787530491544
0.7493127928976037 0.2929086046912882
0.24452594227602487 0.28651583791704116
0.6348430548625036 0.6386302524918883
0.3919879185244135 0.7345934729254525
0.3730353024016845 0.31610783129817066
0.21116130500155794 0.34869870294952954
0.3903098289928414 0.2682317822178997
0.3133555773419222 0.26532366659592044
0.3050372240490268 0.23668287588459214
0.30708276891927144 0.6155202685538314
0.21854521248316972 0.32606296468198515
0.24587323882777268 0.3072249466541561
0.6222420272023658 0.7149530453057178
0.6764538174767358 0.2943885339426836
0.602551212885414 0.8099104525341332
0.23690638395577157 0.34062462330566456
0.3518810811160318 0.6884641461396407
0.6283970704607664 0.1949562734589836
0.6826652085425848 0.3748952564732444
0.3360203315674253 0.3206560482749482
0.32729510309408727 0.7751158584172599
0.3713770122649801 0.38638054492579177
0.33822579125434615 0.2908096266865593
0.3669878327271807 0.7634703279373724
0.3669778733858531 0.273816782194211
0.3454961863896213 0.36911340182139996
0.6121523985144959 0.7555672100137397
0.3862385852576026 0.7650537880163046
0.6218469569326132 0.7049487257320918
0.3028366868392959 0.3004103880991794
0.39174385281710533 0.352617667412795
0.24903223671212293 0.3990007727706967
0.37297895871692854 0.294142538371031
0.619495383216299 0.7859601422638509
0.3696890977953007 0.637218470468645
0.30967001063501254 0.3632307462047436
0.21084844672909786 0.615755891405469
0.6480924448016535 0.6345123700059939
0.2452086584609322 0.6742112961059263
0.21342112642145028 0.6081970611656884
0.18951050097450606 0.6141971913700877
0.37601622866045303 0.3733576134347989
0.3569014295774756 0.29822936615166074
0.6053886826015936 0.19983542673454424
0.6143042563801835 0.6727295410606207
0.31225985198840933 0.7133394848574628
0.6645291571952132 0.3129442173292405
0.39390858803121753 0.7647881939860447
0.3729157863073784 0.3722852798406949
0.6370936387477738 0.20325744790473
0.7080943287547832 0.2981586008953274
0.6549320345103823 0.7582915779051919
0.6747294617949346 0.27177693555632887
0.35373569092672086 0.6517996576374343
0.2684841815156571 0.36524326731224854
0.6584955433478139 0.6543032168110182
0.30151880559969546 0.7576811977462796
0.6186967263052593 0.7128134066087021
0.6088174729918305 0.625106321847864
0.30489818652609246 0.37913808849345254
0.7322105400175987 0.37146530136690203
0.3189384905814213 0.3447722422862701
0.643060101904052 0.28194008491582856
0.6718837615538551 0.23005810328989185
0.7216803248109465 0.6164414397333057
0.6602649694022745 0.6017711865745478
0.32658011239338425 0.7484416341586625
0.690894121968315 0.6610921148284377
0.6484171170201938 0.6783586433973423
0.3098956692681287 0.7201989486309275
0.7828333378654097 0.6267067832170428
0.24311703843382326 0.635198330458773
0.612138310817888 0.30488488870092356
0.6891426090305658 0.6869752067834306
0.6017540152189816 0.8051888505811144
0.7052057222024096 0.32011335969733434
0.660879701884946 0.21146029287008472
0.7731975540609385 0.6378841841810514
0.6509618782962091 0.7521289430132624
0.6774802550307799 0.6995053817017487
0.27522829840332885 0.39768802968718175
0.6262505098494704 0.7127462511016374
0.6307054734149011 0.7376574520006847
0.33800689300649267 0.33346766475459977
0.2794103172787835 0.31116070003423246
0.806819894633961 0.6040869223489752
0.29710461697745727 0.7494316927372594
0.25213097154457664 0.3776258263763066
0.2967516390270739 0.2471453592284455
0.24290908895026808 0.31932806297581784
0.24199776491485092 0.6314142717256868
0.6868444653238832 0.6595543306658604
0.382948597865152 0.342924095399216
0.3805659998724513 0.33845136327944414
0.7054437633253594 0.2511185145178577
0.6324214950750418 0.23180402235987263
0.3867448026976378 0.26823226026655844
0.652198715550125 0.27749545531693887
0.6816290608473143 0.3846702378177671
0.37727996568527844 0.2909816035996049
0.29386462840540184 0.6718153227901055
0.6447745996473332 0.7656190120374816
0.3517434351814638 0.30366454272453414
0.2840946895405261 0.6624465778351906
0.6294260907512885 0.1946149907923087
0.38267724504861234 0.6906029830031576
0.3620316007571517 0.7074993821734921
0.7195620064985307 0.3741182523063672
0.737785426877685 0.3686980585688552
0.6871388933632264 0.6770163772389782
0.3431698832415837 0.7238772733328757
0.6338311901719011 0.7911569106737802
0.20499671579236922 0.6305074852935599
0.38696279535688505 0.23244442253991748
0.28327185457263715 0.6566976602744367
0.6876889483744808 0.60000165434284
0.20142233392738607 0.642335200644546
0.34302218085490876 0.22806142159289977
0.3703376361823353 0.6072122130519253
0.3978581820193663 0.7161278371739678
0.665013896020516 0.6112486186008524
0.7147954765971588 0.39581332610917863
0.7372412685196104 0.3960445115881509
0.21662512835018044 0.6249663772900467
0.6240210777989804 0.3738114115735368
0.6251764598942038 0.2036890720698551
0.33172335443334633 0.7870998349597291
0.6313638559507152 0.691082485079325
0.6516285672429524 0.7457346287519917
0.2627219934742555 0.3389778023308172
0.6842338870170307 0.3578633379015551
0.37861765162632477 0.7108772774923561
0.3227061467820529 0.33818351967403537
0.31910641971935505 0.6342686673949944
0.7443585553820949 0.6670725913146089
0.3287013240192104 0.3081847121577803
0.24289924125644724 0.3252261074841375
0.6119300883524692 0.3511518403319659
0.39529393962664416 0.6038708841063561
0.7577297436959247 0.6413449917833611
0.3600972385054674 0.3869939841660316
0.6395295591214739 0.7121019498846504
0.3908435022250899 0.6059140309194195
0.6239156742692359 0.28470346388862755
0.6102679771651367 0.20260413869949034
0.7505116472935616 0.6431112784892067
0.6092925421949358 0.3333703573513249
0.326864442657243 0.3485700243830908
0.361599100004497 0.3701465902978065
0.6855866722794277 0.3682171147830937
0.20054957033683285 0.36683012109389246
0.2588731462898851 0.6748697877966463
0.3401812595506053 0.634846878584916
0.3820460044258126 0.320612796379537
0.6654046206412983 0.33321743297886786
0.3034544071271632 0.7467721957797795
0.7397798626690691 0.28710221774988476
0.7068378164926574 0.6628628332569151
0.6064799695094993 0.2819671702813882
0.19905547791318345 0.613935011589234
0.6689950765281404 0.7487794344242703
0.25944602881518275 0.33392839029323873
0.35926009023013916 0.7059116482426493
0.33275951968293327 0.3695014198806582
0.6085985058315398 0.6356310610285755
0.7360910456655166 0.7287820834229403
0.3869556057881207 0.2437013259322075
0.614839065548407 0.23883711881179337
0.7560369879833629 0.6830746997888666
0.8148906420291151 0.39584148306911093
0.6402963739169653 0.7629132162762451
0.6732674611286295 0.2248152786174038
0.323566198681273 0.23647777674196147
0.6329689160898011 0.7051630835161913
0.6113586065759972 0.7212248022331953
0.2128327278285651 0.63224534459034
0.6543672589439914 0.31460572693021915
0.7168724002695362 0.61021092725656
0.6500687697266944 0.32555953619008393
0.2334775153830324 0.6282360221152699
0.22049801180901618 0.6465632999890331
0.2678722035231078 0.3121444698828003
0.6912113601742855 0.6805591588692927
0.6567840652565209 0.7268150193173548
0.7141797679532427 0.6874660444024558
0.714025496999383 0.2671633843042509
0.6283671723163474 0.33368357063012843
0.38399021560021296 0.361708884978302
0.6795561985563429 0.3257889708939853
0.761130449533433 0.6548272097944278
0.2503966193022723 0.3549896599458403
0.7969593745126592 0.6225960973047688
0.35208965632072087 0.7042240252145537
0.2346814804790487 0.34481702575892403
0.7672706387010406 0.6148712433050572
0.3279473177248521 0.3583884499153146
0.6903144133003989 0.3089284755501063
0.755969507272228 0.36985689330228977
0.3804308989259637 0.3542632574024339
0.7423460450328269 0.650254043017546
0.7140850589500932 0.346238619501931
0.6276949397706796 0.7602773620054476
