2 1000
0.6118162214769041 0.5688050948046225
0.7599882502238522 0.4421452151749077
0.6654079777423797 0.34234137300546885
0.733432753073575 0.3439705857794164
0.3505861991697736 0.27079681819703794
0.7419707576311875 0.5791583403947729
0.7538136724251895 0.6516686014418941
0.5544389815280881 0.6636732572603061
0.6661451539846169 0.21572173849603216
0.625959821754405 0.6950777348841775
0.7129412518503686 0.381654768756965
0.34880851860172046 0.32886725674127104
0.5792949935954796 0.6944727277658506
0.4149550601123463 0.19318926402315906
0.3098824389310384 0.6244608111498742
0.691367643358 0.7623417753555735
0.39270956728142525 0.38014827946351293
0.25968174304236236 0.6336181953268523
0.7052661949440192 0.33659005740841896
0.6371652054786864 0.7251863090023165
0.6550460164159723 0.23836685846357297
0.6453914777890001 0.2796573380987847
0.3584777390328844 0.24816009646917347
0.25991779749643995 0.6424937028151125
0.6138602321634292 0.22832272045272883
0.6417885575258108 0.4141793282047601
0.43586519044900685 0.4340295736565667
0.28080537142570583 0.3734660981853837
0.3875907588499853 0.801204983342521
0.22897890053600067 0.3159650048611159
0.6143231570120685 0.32791892654510524
0.5970044821152615 0.7465038146172206
0.720672561164089 0.29974437693409994
0.2677723435025232 0.5813761324134544
0.5658052034721172 0.599955064124062
0.5714401234811564 0.610486269597859
0.779787152201064 0.40013643333489735
0.5793905778561141 0.6794851991552966
0.4343278082480371 0.5950902467443173
0.6288071260214222 0.38360778628485626
0.34828601357752087 0.39418188919792696
0.678268188782444 0.7304769308203243
0.602323687789523 0.290301772554025
0.6764790632405016 0.262652807265526
0.5836274891988964 0.6476978675312611
0.17569571818693341 0.561019783357371
0.6104259457554359 0.41207774463697966
0.30131712254791954 0.29487352876853823
0.3390623124381724 0.3223457030173741
0.7391057197320312 0.42440414415818395
0.27122395705638436 0.6770347589817844
0.3140824131745681 0.7437249568528603
0.6985049572645508 0.6837741720457461
0.430379365142619 0.3057461773481198
0.36611456509821105 0.34334443420613725
0.38033700089627076 0.5930726329611294
0.44916551028891394 0.8178290454723061
0.7914526865177587 0.4442871480140068
0.6141607136789156 0.752779645314947
0.7562941567015101 0.359623148056074
0.5685104908052488 0.6481761118581167
0.7498218818427163 0.4278919080072877
0.23586510656585347 0.31939772648957554
0.6949203699966836 0.6506489604910195
0.5849758625229771 0.4015494004529091
0.19906986508066737 0.5678456921602383
0.41933807151229807 0.19110745907046844
0.5518348525657469 0.8037237573171194
0.569535421565423 0.3476202882030973
0.7556860597225271 0.5776896321966147
0.6472962812768016 0.36595910521512665
0.7499501895907515 0.591095263607462
0.5798068250713813 0.3665481658280101
0.6378200982286742 0.2643589180925535
0.6068216681740525 0.2216379521673444
0.39567336850365853 0.5770390815640964
0.36121519946130887 0.7867881234876779
0.389705661963886 0.3952847691691611
0.6456085833273079 0.37018397772452893
0.44971398598744816 0.4380034950381255
0.6384837591807871 0.6282542781854576
0.6606083341468743 0.33449844068667345
0.6214943805012106 0.554840194719834
0.751089630472333 0.6328117193422643
0.29196811323027916 0.6810269308692897
0.6708293186886041 0.3337266168175208
0.7295918716411914 0.7277528485340841
0.4382341418291873 0.3771732782119871
0.7335878635396468 0.3937554829671732
0.7515476333085627 0.2910188320402768
0.267883563888927 0.40886125813292196
0.5943623315968025 0.7345212836360984
0.2992289968197218 0.6656486201793413
0.31106608508136 0.3465105499666705
0.43030953020525187 0.7574748557601755
0.7836128401426711 0.36713236421832973
0.3992858777403565 0.2805083096080375
0.38579114547662363 0.5871234334346412
0.7198514838038875 0.2837458437288297
0.6854682865684322 0.6422254556687276
0.24825023761918463 0.4103307051702836
0.3499359386940525 0.2351296848233676
0.317782851052843 0.3789949957477339
0.6198840815851059 0.19743939032521884
0.802542510451634 0.4332974724472244
0.6295520200013954 0.2932477518057045
0.30049434397259545 0.38963846048770023
0.3436265586275381 0.3187488277485977
0.28890043470189264 0.6716959549511189
0.379567824567246 0.7008338004821836
0.6585337794818799 0.3137892431920153
0.7527621400840522 0.6033073310651085
0.3029465281678717 0.3778327771714467
0.3194503470771608 0.33561119812885776
0.7092156234698721 0.6078480435340621
0.2651346821122552 0.325924317068906
0.7000017040682345 0.3208355536463633
0.43594184455588847 0.18570560136004566
0.22401844745704425 0.6211215443212148
0.5697722287856393 0.7048986183108228
0.227229683450342 0.5594058301132694
0.2791565763155208 0.5509891158911848
0.7395210227206489 0.676808647821679
0.6579547607603842 0.6788850151181168
0.33990361135927727 0.30040155839420324
0.28905112864999827 0.3585064914463427
0.21007614780113548 0.5902876641731896
0.6748944688545865 0.6741888749123898
0.324278089172803 0.4240363776262396
0.6000903038706324 0.5862152492544351
0.6639937051472278 0.595746764184009
0.40795013928352086 0.5643513039470749
0.7013713949785575 0.4082227695344216
0.2996899911770321 0.7215707242215736
0.5684886176736703 0.7276857771490841
0.30266688161002875 0.6280165696781961
0.7613066082103512 0.2948906951198518
0.3777070450665754 0.7949445253955234
0.6477744900416502 0.7961135901026676
0.5754211873387794 0.7353505838807898
0.6988922826337514 0.3216838868802533
0.6498715331263677 0.6787949034007804
0.3999798840499359 0.606063095704116
0.3235910849164678 0.5679752923481373
0.3734445804367479 0.6531389030898643
0.7205372616112496 0.6905004498038597
0.19534512280569527 0.3665878799184673
0.6170577830637974 0.7798869358849072
0.3263322650744942 0.3237156360944017
0.5545428543883859 0.576578289675444
0.6759185676457413 0.4015145571991633
0.5698530081919625 0.6667881399082262
0.37731528219108434 0.3894323688072684
0.29533248618248786 0.6299920775674555
0.3929836106592285 0.6382931722867974
0.43725817662874633 0.7601717027608881
0.6659092736620866 0.70658734825364
0.3445128286865732 0.38908932490856485
0.2656340021357809 0.5557957274037861
0.5816253745198773 0.23317706373882974
0.32523727217199316 0.7764248629682136
0.2420009376659733 0.32975768896245494
0.25714393697929605 0.5910658908561317
0.36361855067101745 0.3768768364408617
0.26827753550266153 0.6131868006346207
0.26354949088365165 0.5946839487700116
0.5843944858691106 0.2850777041441246
0.568731988799841 0.2588647023896544
0.3436606226965615 0.6884281553853216
0.2956655745795702 0.613193558461202
0.7161279273862073 0.3629830612501952
0.6969283064834784 0.6885306399774673
0.4434739037525388 0.5535905319418111
0.26662188210584825 0.2915968612805865
0.23930089501243057 0.7026669112391117
0.6639218933320932 0.4135134422653107
0.764121569245277 0.4147151122180427
0.5798496422886467 0.39658563029226135
0.706188486471081 0.661921882579376
0.22552960187145155 0.3395846138727209
0.41504221731333113 0.7041488144451973
0.6808202982016246 0.7359938592732844
0.566675036148624 0.34695470106633164
0.5649764892771629 0.7335430439726666
0.21100678250164495 0.5565709612784094
0.7314614186638188 0.5661715566065555
0.6883568141807754 0.25822508412417666
0.34607282908958714 0.7180139005759922
0.41771724208989713 0.8214184954248968
0.3147267583036555 0.24003093789208074
0.6478726070336679 0.31650967216111847
0.4044482136429973 0.7855072548568323
0.26763250851227915 0.5704878126015744
0.6301420058420057 0.6541676200904778
0.6768142337585192 0.2560862195989777
0.7312509938578421 0.41452866063401084
0.6131815068579534 0.2820501311022141
0.6848811228798989 0.3188860084167423
0.6249577858791769 0.7780321492625676
0.24575647025482728 0.6805819996916758
0.3521104753971287 0.4167124336788992
0.35095749169661195 0.6938554603535376
0.7324026233532676 0.5613079248000099
0.4187710944497177 0.2844653149009303
0.550028440019373 0.18322595371825456
0.25988985398359654 0.7127182843822414
0.610540956738482 0.21146004441642574
0.6600735991950043 0.5629167370148497
0.31179788446940615 0.5796116944798271
0.4337947483819219 0.7372984304313284
0.5861469361383002 0.699245256330629
0.7681971052439392 0.31592001152411886
0.44510046802820946 0.4215132125635561
0.7529262400417147 0.651087723903956
0.6911705031130664 0.30341460867202963
0.4314148687726731 0.6888806769592204
0.42220219417917315 0.7508625208905009
0.7714354117260598 0.41233364913244275
0.7371686737803097 0.44006875611160146
0.21263364752563585 0.4004582755687299
0.6083201066283547 0.600628006322658
0.33859243816611395 0.6672801277569134
0.3392371068316592 0.412197405851949
0.3732888423916465 0.8012481431078339
0.2806918933693402 0.4344335622448139
0.6063254867060359 0.6634487506828136
0.3583471005433191 0.6017371704234776
0.5656302583876306 0.7418974684786332
0.643351196049085 0.714925896117346
0.41341664568981773 0.37039338924684506
0.3056349695406929 0.24968854266586382
0.6474347207844577 0.7057350233883197
0.551973429663448 0.3626966728473876
0.6564978374450569 0.6074137152634617
0.42449495981997687 0.7428132478019586
0.41345864739038685 0.650651362425477
0.37566487049965536 0.7849015623415855
0.5501356878432481 0.555434607539984
0.7456362014756129 0.6859050806606399
0.24610342315827072 0.42935091283439186
0.391924101518929 0.24421421890601525
0.3488050459974338 0.3796853262121246
0.5775235711945724 0.3242637655303231
0.5881778161921756 0.6533660092245182
0.44577015976675094 0.23646741758363732
0.4151955706090291 0.26593730600041066
0.711187600799978 0.7349536032474128
0.6937335348774126 0.6294691731706863
0.44614628868931905 0.8211020012334979
0.6928914636857333 0.43285759451887407
0.39294526862860546 0.55660086645614
0.7009046305065811 0.62439863685259
0.4357492251076376 0.27356949593984137
0.6954219585753265 0.723575631505692
0.24145558600056782 0.417306663603927
0.4391783618419445 0.6195923892019161
0.6765739863512862 0.7818964646949291
0.6659172623366091 0.3246702353901759
0.652968054440968 0.5820878299484652
0.3758026976390335 0.37760407558787557
0.6977052251116467 0.3894034847957335
0.741248225625688 0.3582946294348124
0.42563001803923817 0.5816321109854786
0.3800507739094099 0.39353485810805056
0.409225757590744 0.6229517726376067
0.7417359708576018 0.3008189474786829
0.33815624930047905 0.7665075290147164
0.29684174151662845 0.5921728007997206
0.248600064135434 0.6066596796509347
0.365714806783327 0.2961688606660353
0.7320787368408774 0.7359145572204149
0.258787638786001 0.42885611393261813
0.44148115993217363 0.27153758567817854
0.4079103739500447 0.7112856233312616
0.5540320330343736 0.30930875088015286
0.17958869092912622 0.421072249429589
0.30325780047906414 0.7497569326530542
0.6645578103539078 0.6457754877909975
0.28181580803400297 0.6700246727110123
0.7081832074656031 0.6175310820088351
0.39706700983380405 0.754931535122643
0.7077858387648505 0.2439016275553595
0.8011147643068016 0.3606726298069217
0.35190725642490606 0.5902052539251778
0.3785940210950167 0.2267813567948309
0.5966605762178024 0.2756474542195779
0.2270566526937846 0.37262482646746564
0.3545549212536585 0.5685163966342717
0.6098049071019226 0.5521242655144744
0.24023877544858585 0.382969354311664
0.5569325223683531 0.36022953010613723
0.386052563857052 0.7158070872277604
0.656913600363249 0.439142741879064
0.41630932774166274 0.4018715472874357
0.6756922084108341 0.5704570631832977
0.5507794361169818 0.5978548632422199
0.37627593825816463 0.22855285570861905
0.7763273918122322 0.3917310940726242
0.40323914315435516 0.595305175007511
0.5821216138153371 0.7108551778888209
0.3505680432635072 0.4369286136196683
0.41166422539720315 0.6886733528804984
0.3808782053382753 0.699570125118504
0.6192456970223216 0.7543892628972053
0.4421843924403557 0.6601832269450686
0.7626209784521985 0.390449139312805
0.3810109965324444 0.6195466816285359
0.6042983171373946 0.7632885400913004
0.6820778682113271 0.74392193211894
0.6098680463384483 0.2035719842888123
0.7676597953643592 0.6603666137478328
0.6221364786228196 0.25708863821106687
0.6907117984428393 0.2570469273854834
0.41067221587059977 0.22869107540023736
0.7037220453566524 0.38095696879512364
0.3346977010420151 0.2352242676796662
0.1823956688288355 0.42099264752717036
0.6812446811540093 0.7070051947965458
0.3174497533040298 0.4158521974124979
0.3340631260229312 0.2965040693425737
0.730661984541839 0.2613912562008702
0.5861341384048313 0.7451562209926175
0.5851515863640513 0.598168277464279
0.22207738687692702 0.5928590084448299
0.4112600071594448 0.7795448272352682
0.7823613841208527 0.41488646743799107
0.7474287995005553 0.7101061150696212
0.2632805470798356 0.5985324731294379
0.5692952916742839 0.39417812932155283
0.31571748948944434 0.3068944149364278
0.6361071009358661 0.6303653983729091
0.4478691777125836 0.4343817160524066
0.5903710317940012 0.8121832384814412
0.43399965704954513 0.7547362997472327
0.2839917442097787 0.6403931996388414
0.33756505368169987 0.27447163167047783
0.7261529444815418 0.6538565811048975
0.1998157384842597 0.42636609467127895
0.2165358616578339 0.4059335776186913
0.42165241048199587 0.7327238126922794
0.4396841802260545 0.8043363331622754
0.26862373806677897 0.4183109246655783
0.6207788284759465 0.743736896629975
0.4045702446584384 0.7664821309803904
0.6593810100536255 0.7448380088073632
0.6842913587922912 0.22641664245207926
0.6159171727902841 0.2416500345045698
0.2295558567347874 0.3616152034773641
0.3110696809231487 0.6169540776590463
0.6448046171531909 0.23583137253546926
0.3497709594975278 0.6912166232104322
0.4300594945030348 0.7802079462790164
0.4166602531114354 0.2575102992368973
0.33286417246733635 0.22826802376444988
0.6494107108109962 0.7658949759645662
0.591529486816275 0.6510492804106003
0.6870105594681549 0.23781594463827982
0.5503349629564381 0.6960831792260986
0.42169886483908603 0.5875950987747458
0.18554666889724147 0.5629574653769087
0.7198624733341795 0.32896059252395937
0.6782946216315139 0.3292285158863607
0.22087154136792542 0.6642898031862663
0.6709390355306462 0.2977823862672625
0.29316554051932575 0.4307767445700692
0.7726318213953913 0.33128488789952726
0.6517073835977228 0.7062604432710529
0.31582635285591976 0.22522453086820116
0.6311286239724818 0.2754875199909722
0.2704104155191843 0.5708193598821962
0.6014965130602619 0.7410420796249121
0.3589399246358774 0.4093061000496001
0.3480701179399296 0.4114243035289302
0.7520430345355487 0.6503091170822878
0.6335405256681679 0.5787967665392181
0.5754440586772245 0.23948293934354825
0.6704738179462663 0.7767275309128915
0.6055801152685671 0.656358860761198
0.3934485508641855 0.5876397277117943
0.3943679711624756 0.2658036832571886
0.6473259153763143 0.3659000471452144
0.40102246452644885 0.40922704861013404
0.6893898018800327 0.7503895886483327
0.3322213012199594 0.3574991754706327
0.4426747441143749 0.6236129175830157
0.5580155883453044 0.3622717965001142
0.7659157482628958 0.42747435148532664
0.28785230245664306 0.6209215208931113
0.7317008282071353 0.44180943821362384
0.27102460909267445 0.5551244846462058
0.4241698565936767 0.31505116865825544
0.6420778537138948 0.22314850563134858
0.6422271489579311 0.3780580065764222
0.3070145413971139 0.2830500825858111
0.6718444114131094 0.6158453677019986
0.5918673547227855 0.2990649787253161
0.7797697977005562 0.35441218923642626
0.7861563379403373 0.4213246825286615
0.7085078637723821 0.709491470152568
0.7365786549874046 0.3512535617526267
0.2022648680400535 0.3806109971994235
0.3885478270605891 0.22851487282133764
0.40296088945450126 0.6533831247113357
0.3744545892761578 0.760175011419133
0.26168475539263214 0.6381283946628048
0.3906546371660693 0.6965446038689233
0.41701421033801167 0.2682912966023947
0.6631266419130595 0.5516889338476163
0.6348640712445415 0.8038959538458973
0.3885618741582696 0.6391361061486395
0.7084890214028409 0.43205087968779
0.6140372954551774 0.36980732099194646
0.3793909711613829 0.7082946375353741
0.30081900303100007 0.7362908328338645
0.7109654729516913 0.35042784131290694
0.5519193132583884 0.6628162913687632
0.4027655519227996 0.6307025923369628
0.7305518661558336 0.38707759073833237
0.43342893724924536 0.27369879093627625
0.5726649821569184 0.6664607714176956
0.7472350904998497 0.5552225890036645
0.38491941454686673 0.43917011293732355
0.44558527007832516 0.6261231009726543
0.2110143022686951 0.383559889896397
0.44556323947529053 0.28721431352827775
0.6253125918616687 0.5963831501389868
0.5939672271156917 0.6472755812685531
0.3234614714743982 0.25313864778331496
0.5629044836672702 0.5743092220009834
0.42305445339810244 0.7827721297034028
0.26898942756913213 0.6458590350525968
0.7520706846026182 0.3637272727962483
0.7166221366970761 0.37467614197846555
0.6878118113533227 0.34333643779089273
0.6028249555017074 0.2063609972685886
0.6423700448553961 0.31680276857266576
0.27609511280895527 0.2803508909692872
0.37118514540678893 0.4427518478954965
0.3254686215680561 0.6731935706523956
0.3952746382324763 0.30559423504296734
0.7626479023662142 0.6996265108727763
0.33493447068658 0.25843885291398594
0.24359218862479448 0.5502383553740388
0.19422545492574128 0.3724488444778331
0.7099807677850444 0.26992948022938856
0.6577039253375239 0.7666982377568388
0.8245320432041447 0.5700677846170069
0.6267353556513278 0.6278755290636048
0.2933914349284311 0.3871387540946931
0.7739380725590403 0.3590959976927074
0.6919299573627413 0.6003209881440891
0.6580812004032509 0.7820470998937328
0.33012567247256 0.4082556499790302
0.6395577675901695 0.40577843866044616
0.3899353737654926 0.4389010688288918
0.7713441479765728 0.38060391041695785
0.7036608958270774 0.6722647131481423
0.6038984263234486 0.27602283271491657
0.29904906763704975 0.6083144490744506
0.4315987450573783 0.7312365159773159
0.7680836895661082 0.35494842480776945
0.7597452288997758 0.6718813655730457
0.4214587949897902 0.3038220901164467
0.7200036400396315 0.3573311574932959
0.6490664139697286 0.4283346312292087
0.5964799635959288 0.3844208425052673
0.32355969989503897 0.7794955288330622
0.5671182319360342 0.4007130228303094
0.5733897381437194 0.7595177788580404
0.2892833061847142 0.7240476300701624
0.7988450508375944 0.41614270718465474
0.424607737108637 0.3037207063455779
0.27674431243238373 0.39568886989821384
0.6361484955352397 0.2630275119525175
0.5873610675925586 0.5824202354849621
0.7391833787261927 0.41552911161166395
0.4204538095881406 0.5981523668687698
0.25105955341699726 0.6826431717309579
0.20812264597399333 0.6352959053954843
0.5978188267191787 0.6639610690294631
0.3622112883918668 0.5769524607577244
0.6494036879766604 0.43839897737692535
0.58148287367366 0.8015599278665625
0.6280033165079508 0.3321777380849985
0.5996381325682982 0.5523153724920542
0.6432878524196056 0.7700214894460594
0.3127278891711235 0.6862943370506248
0.4381241108812798 0.56187951955617
0.38870747890330337 0.6479248447681885
0.289545338144093 0.6998805697374582
0.5870013548067453 0.40012530957471015
0.193692105853975 0.5669647669664283
0.5741612460750138 0.27053590765686664
0.588750205157266 0.39834285978742934
0.7832848162575565 0.43616893950529456
0.33634343103169595 0.20992083522886273
0.24006770489002904 0.6524639619346462
0.2057590267933821 0.3617209671659509
0.7270181229607645 0.645591442059008
0.5833550134558483 0.6144280600783917
0.24647635498906528 0.5911114158555395
0.7340781856715187 0.5920654346230907
0.7496757851542908 0.6375291869871544
0.6649095243450998 0.5644862052217315
0.4113367659525552 0.6715772592019471
0.36070029743404974 0.22376327867796342
0.6846313709598582 0.6440395785453666
0.34149696575461697 0.2913251095567073
0.32998592909282465 0.3273528792468191
0.6273998326923845 0.24517923616775872
0.6651844007060672 0.7012714642853848
0.5869566696754781 0.24728318843554775
0.741124014176371 0.34665928711005767
0.7150162677447985 0.6449165978841014
0.33925987124804535 0.3061450687221572
0.38245450834687633 0.35495385862051054
0.3167451861636864 0.2470426942342625
0.21317125817436022 0.3420736581071724
0.5734286805400913 0.19505915969372856
0.6245657334616086 0.2669667539563918
0.33668582440688555 0.402840634333651
0.7919790547166689 0.339259914491152
0.3791824096552453 0.38089560504217357
0.5903582732628632 0.18219158901302546
0.23958843259330487 0.5655688333305438
0.33272636981373416 0.3431601698668926
0.735860087788956 0.6274891400155619
0.5647120860171929 0.7990395207472404
0.19750862225065813 0.5910384899424662
0.40657725184583104 0.4066270006432551
0.7967669625610789 0.5590902475161885
0.5727220974198733 0.8189902560057662
0.4019352076217211 0.8031604944597958
0.6684087161144534 0.6084543427593033
0.5815013608249028 0.7304510616336686
0.6751259664713973 0.5908881014080924
0.6487272428551829 0.7464829358055596
0.5578575759652531 0.7413589106227868
0.2960829768841349 0.7584301778397751
0.3438622062440375 0.6873356182174406
0.3196746504587137 0.25115703933177247
0.2579695933539152 0.6419069936373083
0.39010292026226734 0.40880966692960863
0.21726952132735777 0.41996702952260256
0.5995280406025874 0.6613196558382087
0.3293350752813927 0.44800102896731486
0.24504514768581553 0.4044738755392312
0.5863347913607737 0.3910469852097981
0.7286902626977411 0.6215211022847908
0.2597507560945246 0.34533655344439484
0.4016211225654417 0.2867654528986757
0.4397419323042441 0.6772228690587663
0.7562677178036387 0.3672143966920487
0.41429821819842017 0.2718858089472411
0.7920361901268023 0.6303201669738804
0.6115153908413962 0.41209212077466983
0.6164672127367715 0.20974629179100468
0.7120362957105875 0.5660788970387344
0.5720682107382786 0.6519483847807391
0.5538875183172957 0.25642318217443516
0.20575927883413514 0.4142499301445083
0.3908346092949361 0.7826973516325971
0.6336281516730541 0.626371405886852
0.37064310619388685 0.43162924956133897
0.43174993408392504 0.35897758788448075
0.6666995615094948 0.7803747336783776
0.30872948712625403 0.6314001841495173
0.42564660436108437 0.7820475367944814
0.38338515487291736 0.6419733060977001
0.3321056822481916 0.43687934662969774
0.6712362461325162 0.31583974626609534
0.6422306387070571 0.4399850767607194
0.5527400186080125 0.37105041547065
0.7489924702706047 0.7118137171855478
0.31270557461152726 0.3938989451132803
0.3388504570444403 0.7538846988073866
0.5938833259234345 0.6127434609594203
0.252782095144761 0.44176150323169594
0.32842574265916236 0.2385853772872124
0.7450289248280679 0.5885885043488813
0.7345506422825463 0.618102886638181
0.31304441834242513 0.7647012485486591
0.5890939337843801 0.23965413269867586
0.5658911870736121 0.7094888493925732
0.3629541443224581 0.3663144684451002
0.5790448967839062 0.40763300054840845
0.3770550014448879 0.3903520110753259
0.6133154051719254 0.42570296580073974
0.7127479389004937 0.5846707468660847
0.74509747525529 0.29895262018533786
0.4269237222108725 0.25431343101055437
0.3925226899641122 0.2621205584364036
0.31058170584143885 0.5975850719448541
0.6214798938238839 0.1973467729641717
0.6615151960447113 0.6190620548516179
0.589377810724485 0.7979882615094984
0.5643127428825371 0.3494682564498752
0.6645152520063453 0.3431553089322087
0.721199614878392 0.2973996328627072
0.6111536395615369 0.6421683042847361
0.6796707476383542 0.2669486781176176
0.6580608919482541 0.210653343741517
0.34043050565742394 0.43349275994121717
0.1998651569845037 0.4023327776357323
0.750522524774372 0.6110630305240561
0.666283501721666 0.38219202644937744
0.6182367848856601 0.7303629281966109
0.3752605546311564 0.7297389070057856
0.20806226190811883 0.5534496148458335
0.6001312347360922 0.20564417383525446
0.41147574111341734 0.5973643353498079
0.3228374997392083 0.6591039024065072
0.33732563924564973 0.36638147823943623
0.3870803071992791 0.625258283170872
0.7297756907857992 0.4438406462740737
0.7523709848011071 0.7034742583279856
0.26709675980867786 0.5894009652813982
0.39014367405566397 0.21553186881158748
0.6050716884699971 0.6656065010691221
0.3770901605145178 0.41491361723807896
0.37285628111965763 0.37179092213534237
0.7012749734114889 0.2567258561479392
0.32525950555159555 0.5673224105897804
0.2499482943468866 0.35379254292117557
0.3202659849416264 0.6556803805479419
0.2465921752854522 0.3699492603803135
0.2649671057013805 0.26477303707234
0.44115255702979006 0.4072422439413982
0.32932873971240006 0.7504515318569744
0.6462605417572281 0.5958744966438115
0.21200130850437682 0.4003640164255111
0.3051858463067465 0.7308747171447799
0.5523813455332806 0.551289521911541
0.695341029520794 0.34768677136484494
0.3643466627587244 0.6673854551408098
0.24817022734001126 0.4361616202698031
0.3486553166735641 0.24594067723557878
0.3973937424276869 0.6018367026953028
0.4210499294050575 0.3287433927457759
0.583669149329476 0.792690342332154
0.7054519865992199 0.4481423597225558
0.4003476978244691 0.811801873446522
0.6024777585736202 0.3944899120864379
0.33972268491469093 0.2659967377792959
0.299857216127127 0.6317595173370599
0.6738568987731001 0.44105295723126625
0.22459088289397244 0.6681406132170853
0.35581517355876435 0.706203791741799
0.36869855500563953 0.20763074952009275
0.5785740833169689 0.2706180098062605
0.6054816522332628 0.588782934493601
0.4371836596695253 0.7411230762940261
0.7896767845360241 0.5928668601256945
0.38967838878251615 0.37007539266479383
0.41510551696541764 0.633479819635218
0.41931235774410336 0.3618009757360935
0.40487077798265114 0.28575607593001284
0.2804657257935824 0.38137535053911664
0.7952611904566705 0.6498551684655857
0.6917445111834996 0.36788875140471067
0.5856352182400892 0.4319510380879601
0.7697482970207171 0.6491374807587289
0.6927761336358805 0.601736557919303
0.3014797672882956 0.5512559656621934
0.5786897720929672 0.6772264113997464
0.4413007775941913 0.7359659233235485
0.2887467971952321 0.3093348345104403
0.7204878305041161 0.6124067744291102
0.6375342792109805 0.7504088410781246
0.3150689712777819 0.764630232182183
0.17304097624848191 0.563949085942365
0.3153340139175891 0.6093078894693841
0.4369857835295765 0.6158772268316871
0.6514090469381723 0.7910513670896898
0.44842868338318 0.7605389072606502
0.4089985251150269 0.726255288121651
0.7552080051170815 0.37728362223535417
0.5655307048539016 0.2109459744924227
0.639651678402848 0.3435542876160561
0.4457106540482795 0.812386788049301
0.22865951988338873 0.40463906879499556
0.2836228443091786 0.5636408868016833
0.3921340514511409 0.750550561727153
0.6129577062228986 0.7743943703363544
0.6049914771938789 0.6392208581936926
0.6580046278765951 0.6200045023079152
0.42048525010541193 0.38695492624761607
0.6915744492923408 0.3402472953836869
0.683148940156646 0.5768357545665778
0.3180492016546119 0.28281605958192
0.41886624540353146 0.7517968061747045
0.5662822089559708 0.7764692371269648
0.5552397129736346 0.7619822264233298
0.653689208226622 0.42564319941250905
0.5700802670428926 0.5581441735008174
0.7166053154813784 0.35989098713201695
0.31085992185531686 0.5841515658708678
0.3764439394717237 0.669137125632099
0.2814593027771566 0.4358284522048127
0.5662387929254835 0.29311697642679646
0.6999641254534736 0.3103460556002099
0.7065379733072755 0.6873701159103998
0.3435935060634372 0.6146413367705779
0.4424918586166564 0.3176872400620503
0.5731362743456858 0.39589181494550607
0.4395560538278833 0.7349070919207975
0.7653011113571211 0.5722703240591058
0.7652041745634467 0.40546812703756807
0.36899743460963286 0.6328066313790455
0.26211923045072394 0.6386486351845532
0.7656943921194796 0.6170520245997139
0.5882208280311305 0.7738586361905766
0.7850154147585647 0.3540478352702938
0.6198517098067228 0.6844137603413214
0.29056753513917455 0.3190316178482623
0.6555727694621455 0.6476175467445283
0.7813159978671105 0.38969061212645717
0.6530587563692458 0.3203556040754635
0.682068039874678 0.3144479396841884
0.7367782022363546 0.3930604982196054
0.38990997901199365 0.2458870377995238
0.555028081632108 0.3251222998264437
0.41645853131485544 0.7000225993615343
0.4080797529541884 0.6131232439023395
0.2882629642214587 0.6819648115706219
0.2778752356604962 0.3670017045356664
0.3754514909483797 0.6731785169650444
0.5546675856736347 0.8284117467531822
0.6948818100117181 0.6302012096806331
0.6788162773007207 0.41474078709994333
0.5647447325611794 0.716732311284658
0.5845979934122755 0.3630937193095709
0.4471089179558554 0.42025748213444536
0.3563241426447554 0.41459501253248054
0.3017133773329911 0.6217846641813293
0.22236245788832143 0.6549807409206262
0.6387076237484892 0.4030747315056106
0.756435265948029 0.6153973283680332
0.5535803083205688 0.6608013053606591
0.26294855519264093 0.6403038549759839
0.26233031121180317 0.40940096606661835
0.6884061321642874 0.6061034947270683
0.617659239343004 0.3955979682453312
0.2530803780523222 0.6183668207663701
0.6758996607271468 0.6950982411381902
0.4219721064225458 0.6665129886816448
0.17854043253407292 0.5737737542818921
0.4346522775097894 0.25363237647722947
0.6413325377399927 0.34124693630350666
0.23969584731044424 0.33152593993484536
0.6026954174955349 0.6079539727407831
0.21416678128569255 0.4296432903644545
0.38593941237273566 0.6594121776254409
0.5644982377316715 0.7388462830476324
0.6044920033005079 0.2633643993132766
0.6512151317817436 0.25327301238028355
0.2300688812334748 0.6899325507900083
0.656196311570898 0.6951103463423148
0.27096018811296985 0.6583606760957488
0.20118930226009335 0.5684490290416243
0.7940892110899505 0.3943568907422117
0.4242572095591862 0.19204881283424435
0.28554089082402934 0.27796904800082856
0.6614724713547948 0.6713130083264852
0.38507768732276404 0.7436919187868025
0.6615997531193519 0.24767963893355893
0.2385120314115876 0.36345157890193425
0.44368685463236246 0.20955477309997994
0.444185966347729 0.8215857899921545
0.5707470075877327 0.33954470318248686
0.5984018131992695 0.3397526895877896
0.22790338438346713 0.4245574243953091
0.7764156213772663 0.33541125848953557
0.6530690021175863 0.38058480580310017
0.7506171610855583 0.4176426404494792
0.310260752047811 0.3097220183187799
0.3306751985203923 0.2191262087674678
0.28365207821310034 0.42776156976393187
0.25205877826709133 0.3052521741792058
0.5587380627289243 0.6678308358227221
0.3247032525597643 0.577522845864269
0.3136953692016584 0.382036847228751
0.5537528218863178 0.5543370551230008
0.2865094233061245 0.7025274217217659
0.7834946927699599 0.4081755203189513
0.6307100101586876 0.4022894949346635
0.7087125982886079 0.3312553385519118
0.7718512108686202 0.6909037676117444
0.7091476450191107 0.43524117342304314
0.7012538071230198 0.44379283975066186
0.7384068517871762 0.3279359925369175
0.6672909179897407 0.587988308984654
0.3602807930798869 0.4147409834803083
0.575031035003199 0.22682955892559253
0.3600872867673839 0.5577061421607798
0.6377559720145595 0.6294316874821241
0.668573615877642 0.6120844947070759
0.44915806542646497 0.7685877873569553
0.7261643053860203 0.711531514482392
0.799792690693427 0.35739332253042155
0.6654269847693516 0.29778961861574704
0.6051853826059878 0.8090570095355443
0.5742764399598376 0.7708798897794935
0.34525599512177874 0.3430739306851498
0.19686483395297338 0.44160586262036383
0.6174377195454089 0.21239870559092966
0.2848297993986444 0.3276690722153577
0.6272458515566042 0.44279150245194243
0.5625608304517709 0.19250775111182405
0.36612526314613103 0.3005467492548386
0.5564194327332527 0.3555786693698081
0.24966394652901314 0.7067920645458472
0.21270048826287669 0.44590272353474303
0.22791282662108503 0.6264035933114938
0.5665802816765445 0.19068974164642305
0.5945716703794023 0.21207480443615812
0.3292553329355896 0.44832848158371175
0.249588376558329 0.5995700357608912
0.7046640747018762 0.7273576743838037
0.623588518606126 0.39611302849857233
0.3379534226777511 0.7359282862359301
0.7809822250199282 0.3213188365688451
0.7026804377247244 0.32722514983006457
0.7635440307252157 0.6598787612793673
0.6232808621193421 0.3965558818277696
0.7205708955624109 0.3124492619689728
0.7960690474808382 0.6315910707650304
0.40316671000270554 0.29594354317090377
0.4100613548845481 0.38037965706840093
0.741446074906401 0.33697754425713666
0.419860147136877 0.7926013520809391
0.7445192572179468 0.4474407216917441
0.39395311477925843 0.7956594081521693
0.6675671054532052 0.23441350527733473
0.29775224980904647 0.2968683075003842
0.557368713859073 0.6718317352769494
0.7465920235199222 0.6482456739136648
0.41123303136622824 0.6512766767507522
0.31963414979504734 0.24564106505489292
0.4429178456906716 0.795829798246012
0.28702055501795365 0.3630015259794751
0.668160213784025 0.2335779493028105
0.5973167490903357 0.25195916738559176
0.31957366945362264 0.29937879974722614
0.5776451429134715 0.38783099851074065
0.7597560349529384 0.5866469442001604
0.4117689221131219 0.5976431073052985
0.6643434735146577 0.637028992750125
0.42980879493227686 0.3778244542516306
0.3719765832043537 0.7133892470646913
0.7662831515080463 0.5999612758283043
0.7502216041122732 0.6045951095885819
0.21351833288574584 0.5765249868979376
0.6941415921612232 0.34063014304988204
0.33666628372360285 0.24881621690607925
0.6919171919807219 0.260589566175748
0.4166040824903814 0.40686497069614147
0.7687095178895513 0.3291562065758421
0.712118298230411 0.35967735455426075
0.6811868356141805 0.2984383805408851
0.6822736031311672 0.35202081060516754
0.5552555130259696 0.43776477052627016
0.631624100824796 0.2866931775235303
0.7231259284064152 0.694156883208909
0.2693285493833715 0.27906635321462414
0.28145230192244564 0.25689250402842956
0.6026376813508556 0.6464686539513166
0.295386045829931 0.38682639855653134
0.6839237007192691 0.5756013444833749
0.6507336164454747 0.6314095563814196
0.7194943987827352 0.6408126605455472
0.20906850693484758 0.6452770228288568
0.4371837738563118 0.2960981593295302
0.3727409772706083 0.6978755328439703
0.3129347536631778 0.7485443409520011
0.24086050457934227 0.40793204395338023
0.31457625204939177 0.3341737100691605
0.8163168171770281 0.5714923068793087
0.3867823966878001 0.4080295321607943
0.37392438923963645 0.27799741345218953
0.5689742493365735 0.7372190034770396
0.569271985249399 0.2185050710462808
0.553477803896869 0.2907205510277314
0.6504981427062223 0.763912694738239
0.3021151503956916 0.6483589329039783
0.2505379436419578 0.3178010657766491
0.5683697055311783 0.7374934291723263
0.33956767369018437 0.6424978239330211
0.6705957952025806 0.2720508792166426
0.5750340738346202 0.23607804228067564
0.310752835519046 0.6282388705519826
0.8054755365813473 0.6051454252384779
0.6609889223059695 0.7884174089670928
0.44849230132886864 0.3743516310793821
0.5727392277860669 0.268466436365129
0.7433953715796506 0.567726698957744
0.4088618876620447 0.40657515628055185
0.7039612255737973 0.594026148607418
0.690303950736892 0.3338056733247986
0.3637220245942575 0.363833048426893
0.3929863246318789 0.7641138768025703
0.7086250471688484 0.6619343171000535
0.3218825380763324 0.2523927905639065
0.44679173420969875 0.29751564760156046
0.4277638916027777 0.8181077908723728
0.18915062460741294 0.4485726829012878
0.19741137597872616 0.39178824509887933
0.7676537521627608 0.4433090495697253
0.25193371655393126 0.6644430444149085
0.30944743036297706 0.40041306929015175
0.6754599393268574 0.721412765424899
0.24792858085438052 0.3035207940869057
0.7800699958337601 0.41121242258305035
0.2677444895761466 0.7352515021707065
0.425768560490132 0.23606656684566474
0.5793546699577369 0.37328460860238144
0.3647670267308437 0.3777749517486584
0.7488993327027688 0.596767875792173
0.7207693877340949 0.42943899906445215
0.7239361103717654 0.35214859906366425
0.4391569323957102 0.7197927553536243
0.6138347067618088 0.633752133336364
0.22893881136370542 0.33594243469672536
0.41829472510172216 0.6669142319912316
0.7048131660551854 0.35362221052780796
0.18007327935610995 0.5823264150047504
0.7005760774194302 0.6657652087965164
0.7290754414197808 0.6802213418403933
0.4404421679082069 0.3675112116440681
0.6184644140216304 0.2588160126935002
0.28356372456317325 0.3369379261268458
0.27720844741855577 0.30346180275852686
0.7813903900572293 0.6644173080768904
0.21734343437481085 0.4144189243563421
0.6659676986563634 0.31267976534872277
0.44614562183141915 0.6752638367179513
0.687587552926936 0.4401654924860242
0.4115910691938529 0.2614968800117824
0.5768796737237398 0.5918493299646624
0.271918339252346 0.6772636643624101
0.796287236136983 0.5635245522372878
0.6577870093551734 0.30566904667744976
0.6408788585704328 0.7957254509092971
0.7148303100740886 0.7203705103558948
0.7846854262643784 0.6614538350339271
0.23531997936094973 0.34209082813153724
0.30361935313249555 0.7234636625026742
0.7258010669862075 0.2972059749455995
0.40967073584021896 0.5586157996264955
0.3462197144587549 0.4490189488949936
0.39732372698593277 0.3464697155982859
0.7342060692470005 0.7357343964025704
0.3004768939875473 0.6838077999683682
0.4293691185939694 0.3992659962982139
0.5960452685583055 0.3120475354309481
0.6418153291253922 0.6933904480288856
0.7404192305994999 0.5696120127625808
0.2569668425232613 0.3956746396660218
0.5693264561269507 0.23216483175734093
0.2492530055458554 0.3020274451544198
0.30423238078562065 0.5661339162576545
0.7453036174433814 0.40192414140393873
0.31327896316584913 0.7523072216088561
0.7896564763582733 0.423120023689296
0.5755204371149123 0.8224026964368588
0.3795119861605013 0.33819559350624595
0.4073712516443345 0.5744526887128562
0.332916353821357 0.7846323483777837
0.6419782668842751 0.5972381583952154
0.4040724412111928 0.21910506911004068
0.2150303893820592 0.3479428233962585
0.6009873810268415 0.5553960556303819
0.4240377706562989 0.4355865330915062
0.7598387492274257 0.6724225494762662
0.6006201311617336 0.4243423346898073
0.6715229455262374 0.30805851706013454
0.336914839086355 0.3020777661579278
0.7963534207922066 0.5765291521172962
0.7046922919445144 0.2766058630876259
0.6217582900871135 0.8101009147434403
0.7128270163311395 0.24555497486564448
0.20963158631023404 0.6415339690191335
0.42000621675502714 0.34381465941662936
0.6047938588197864 0.32680627490573555
0.6354653076944488 0.41460637098079434
0.783418655651263 0.3386858977215609
0.7837069442296032 0.40005216530517884
0.2834518737129046 0.3228224474920557
0.29210507869253766 0.6054463473248896
0.6648578454802382 0.5588404376651945
0.6030911177846668 0.7746903734016942
0.28550377014910266 0.2929506215846972
0.7940737803583792 0.354758333517036
0.44560345324713546 0.7962771794069506
0.7432262731240857 0.557419777003394
0.5810082551125442 0.8032962250191495
0.21728971214298765 0.6144410751737845
0.5691680740545111 0.6995790592405976
0.3484498091859458 0.3948705382589427
0.5674451277691807 0.6875994724913136
