2 1000
0.4532752776074883 0.5198880892134319
0.4600303785271661 0.442566716221536
0.5320631828145346 0.4693428855866255
0.5560523530242562 0.5674568056180518
0.3100660329928385 0.4290056664778995
0.6308709533426712 0.43805241613020385
0.41722868929692447 0.6352664514801121
0.5572583900382064 0.5263512807696191
0.6960275066491802 0.4385032727009299
0.5073252041212879 0.3508804917313958
0.3531163811820811 0.44281085909960516
0.3361863626863675 0.4258142294013634
0.5279842636092021 0.5983130068883658
0.39319930396382063 0.4333382999474582
0.5987651156111435 0.44559560840796564
0.4363375865774898 0.43901429573920425
0.5675187926259586 0.5453284744149667
0.44602090509517034 0.41772699716989514
0.5412719216359199 0.5426622270604899
0.47114621016442537 0.563674317684095
0.5219510459448441 0.4348807796644959
0.4271225009015782 0.48123320757279564
0.43909051855051884 0.4407090681658532
0.6150608970088773 0.6729548339295268
0.522426297614386 0.3570692603215486
0.4725760863255938 0.36704236767693854
0.4093729361289127 0.65959926947582
0.4028067308274377 0.4902414439707842
0.5119184943776032 0.4812564079436036
0.44301278210077255 0.5888802694103495
0.5810266110353353 0.49006095925947435
0.5346393961024618 0.5506774860697311
0.4876737021776695 0.50890805155755
0.5660768624127007 0.42291864712364635
0.45466371404508477 0.3996743883542557
0.34623308938985187 0.4399345283010485
0.613420691602316 0.6473361185953086
0.43026461019180107 0.4277907718220104
0.6416748714206868 0.4479210239965026
0.4994804593655542 0.2658550142888828
0.4101638816673622 0.5119889860710075
0.6534879316726584 0.43340944935127723
0.43066485483465533 0.4649120732271841
0.6623355993992789 0.45169400254226744
0.45705367571703914 0.4235095606086663
0.5932985312172597 0.652090825999979
0.5142474976601371 0.5800956658709054
0.4849901404866659 0.35092594372344765
0.45781575157855103 0.45315578656820543
0.44965008977644316 0.613215024497854
0.5992261407489485 0.6461460265472607
0.6686009609987087 0.4318671040230899
0.46889228705539565 0.4061193398252404
0.46396568074379696 0.365296336777326
0.6134391727487474 0.6060373421168901
0.4212985290132353 0.47811315077354233
0.42217828317947337 0.5168833986848049
0.43566969368319575 0.5195192612824465
0.6247600524092504 0.6796846291924642
0.45186696349527034 0.4647607243982754
0.5490335265796354 0.5802804667617512
0.4797167873207303 0.33940466281014026
0.4677960616211635 0.46858038325018436
0.5190483893575591 0.41550175105364573
0.549414698049194 0.5971569161669749
0.5972708932401927 0.620836278270984
0.5185648272043628 0.30969634676770974
0.5135887842350798 0.38928761563504943
0.575307587842921 0.5630731383276654
0.603880760464903 0.5065876425318849
0.41923200711415165 0.485752638167934
0.3799259789952103 0.679835606928097
0.5897882607937571 0.606075184934132
0.6006184369849052 0.6467805311791994
0.49820138528461655 0.4500073895542638
0.5785346168849189 0.6248227562445775
0.46125004995780583 0.590780645701818
0.500681261899751 0.3592529731938925
0.32878142108173636 0.4280087968885874
0.5008622572299372 0.3959918369874762
0.5874169909745354 0.5374962116900135
0.45916930732579675 0.4518938718582881
0.41179310073430997 0.4965022865393065
0.31222591766967034 0.42844649779322463
0.5630371323795723 0.4434042113313863
0.39074806997064593 0.6524971648709704
0.5275321205847984 0.3775643498663803
0.4990379691522573 0.33453101977229394
0.4701679346365625 0.5956481201939458
0.5059889574144798 0.27494852022107263
0.5088684295673266 0.30041127879053586
0.5846868966938452 0.4486588547109067
0.6515456752146747 0.46379000122224223
0.5205113100851229 0.3163577596047895
0.37983680187426916 0.49244196056439027
0.5857542828402847 0.5714834492714157
0.5501915029126668 0.4499071489441617
0.5546383941098807 0.4526781418356106
0.6275998458575831 0.6829015579302213
0.4718684534364479 0.5948269824035232
0.5456168526167853 0.6076350421077369
0.5431295982311781 0.62167646838861
0.6499991459522291 0.42687185804280003
0.6007734505633897 0.4259576118997662
0.5451800023803108 0.42619645035424913
0.4469399002315888 0.5498791452380738
0.5719572104663987 0.47370448114024
0.6034281185999179 0.6111444017992754
0.46352779839298974 0.4602886293139288
0.3595028418319387 0.6836018393737909
0.6675570447956876 0.4247488454894356
0.4872879271767997 0.29093124925303016
0.4732362877097318 0.5428276682465132
0.4799370122225647 0.5615023040599714
0.37559364064110745 0.4785145678022389
0.47580335014041675 0.5147106379158245
0.5225317010123395 0.3971700261449945
0.3807188893354839 0.6196619926583836
0.4092545437498213 0.5247714358855475
0.6711134129810004 0.4630312866006917
0.6383467041938246 0.43854907435368073
0.5768413875821562 0.6269731937541906
0.4834033643167084 0.38009979770665603
0.3442718921894633 0.4501791313056055
0.538364864951145 0.4065821847795118
0.3516032202577726 0.46646018314165316
0.43565308987143914 0.5018983393129137
0.46341654203971583 0.46708206450818
0.47169942762549166 0.4974590219031556
0.29073627423179627 0.42692413440191257
0.4520955185729385 0.5121388461916243
0.4350165964892838 0.4772870998322356
0.4330237620732932 0.49993983011559107
0.5053189788508202 0.5579505224831816
0.607393750659687 0.49714144463093324
0.6446737283963018 0.46055537673133273
0.43891082685073646 0.5035753588037661
0.6244998367464427 0.44178204001762766
0.3682812088672177 0.45950088566129177
0.594425257285623 0.4646108363833361
0.4403127631455698 0.6359528806108292
0.5406191523832405 0.41092343851734314
0.4714718319374427 0.3459648541996577
0.5792595558159341 0.5239229957091828
0.6064384668616264 0.4235606004476732
0.5045555119455772 0.4931520842304332
0.5282879292868711 0.4837437098219416
0.5878367709013314 0.6540793505739003
0.607340680407656 0.5862573607484298
0.4881278348348487 0.3234957984534049
0.47694998600765404 0.3772856052488869
0.42773882102097727 0.636333851824176
0.397950426316904 0.5895136856123855
0.6050649200879893 0.6248749466159801
0.40502960044315484 0.60572006663541
0.5528576220805093 0.5633122080867526
0.6140776601922716 0.46312417718233834
0.44188865919637244 0.6370461697069898
0.49931276598644436 0.5173760872516194
0.5293892744384258 0.5677788510295062
0.5460797327921867 0.5271354022748858
0.4620185800514206 0.6217066792977378
0.35355934619675233 0.43702239676845234
0.3390157249426349 0.4654229649103747
0.4704867998905954 0.349097000545203
0.5163502761816752 0.3434660596720831
0.39364977156204073 0.5124890442636889
0.2907672555346129 0.43051977669489383
0.5833494364057631 0.4942496059856146
0.4167767133536404 0.5579202896887958
0.3715753699297798 0.6854284330779032
0.5050043969580603 0.27959471542348524
0.4645807535053882 0.360891129385864
0.39054766858390877 0.6511801457323005
0.6327909023038721 0.49683690173901784
0.3893378332047842 0.5060129742310908
0.6194119483360031 0.4747074716976436
0.4589230247757937 0.38695486979219673
0.4616277677078703 0.5223397761281195
0.5028472541272726 0.5157386668181556
0.6273652867097528 0.43801643414336755
0.6116562073724781 0.4756739141070341
0.5935344990337945 0.42391460519624524
0.4231588351818676 0.6106068310469037
0.5042932850705307 0.5037931342419165
0.5509837607283218 0.5689148803025135
0.5235795290782194 0.6100890932051162
0.6151035530579758 0.5046919258527502
0.5639804750345212 0.5214807986017815
0.40445704125662785 0.6582766054730173
0.535568244208602 0.587577959299598
0.49017186858638717 0.33375148110962205
0.3959657459170487 0.6081348668463743
0.48283282197132393 0.5960083674627754
0.4582392041185118 0.4257702360652983
0.7119322331824318 0.42847196675569454
0.5005757557922565 0.40342165087102844
0.47003761143358136 0.42320163378585207
0.5826948751833805 0.5755102440504445
0.5237934060597101 0.3555923679457794
0.3804589451474839 0.4448063182449673
0.6330473257968383 0.48433381267405884
0.548505969500522 0.4575166156488659
0.6034040618983205 0.6165042203538607
0.44346691941809246 0.515833881513159
0.4653229812952979 0.53838862484548
0.6769386357890386 0.454836873077082
0.4730847327689761 0.44926641431518344
0.507879936790406 0.33996380825385575
0.5487423511631598 0.5062733414896982
0.4567770703970905 0.39824310011162634
0.538606972097602 0.589392606061812
0.5541245657503562 0.6180964811161895
0.6437602255211938 0.4654478994952901
0.5523253950422828 0.5738874273006269
0.5732315020911967 0.5167342752733957
0.434250284688657 0.6293037735863899
0.5268910916899883 0.33979304105539554
0.4044977751842177 0.5139429360168779
0.6213731876481736 0.6535218065115858
0.5410217699733182 0.46005842756870174
0.566632819558259 0.6387527834968508
0.3780611717741269 0.462147443198602
0.5009509124506233 0.48182399208034243
0.5469211998423114 0.405530520870092
0.37577378298912434 0.6854331787107621
0.5902002691386402 0.4801021419417918
0.5175726297320591 0.32984595464017086
0.6428983119269511 0.4763430329527455
0.46823808156874 0.4551674276369292
0.47254022378791005 0.49336010737438263
0.5104743845642519 0.572007232024651
0.5805780166644129 0.5329926774416212
0.37652324506480395 0.42592097054478817
0.5434871653416037 0.5585407652925508
0.6086958085837922 0.4340720215971342
0.44677580271176176 0.5728250160577288
0.5126136932044434 0.5673380649636224
0.514785757167606 0.4164816219074283
0.5159032135427337 0.39945101253088733
0.6018590319737512 0.4817676887836124
0.4196916836337825 0.6485545024566817
0.5068298994417922 0.33093650556606147
0.6294149906578546 0.677115599954474
0.4827284821214427 0.4217142652107785
0.4879370623763446 0.5781063367052878
0.3997626181173701 0.6035368641278298
0.4362541937408293 0.45519811656637066
0.47817219602340033 0.4850246938247448
0.44708891177927146 0.4483370533889255
0.4602590405793914 0.513694159091952
0.4965266322973596 0.32363482403821353
0.40638008863828734 0.6242025033825657
0.5286758928957583 0.5938012170109549
0.571468030837212 0.4994721122103911
0.4853554097436543 0.5148059187552548
0.3963609559177699 0.6127895577238427
0.5699225217639674 0.6106713842160991
0.5669215709282496 0.5822209750805077
0.6801616845150044 0.43679135120596835
0.38050427990161984 0.4371825128143244
0.612071390416991 0.432121622945275
0.6368383881733013 0.6780973598074242
0.6574900001589676 0.4775858757053276
0.5412527210950757 0.41110815781964827
0.3817863044545844 0.5035811340083669
0.5463565806349548 0.6242994486457761
0.6141813047372102 0.4919245705081059
0.5940162381399553 0.6459235330183573
0.626379739020067 0.6526281028762677
0.6739088904787012 0.4641421765950615
0.47378361441600003 0.6048659641331875
0.5330684269530691 0.4285991597836636
0.5831846550110288 0.43756455547023965
0.4229945738953832 0.47640177150592533
0.3754450467755015 0.4403857655361909
0.49058206784214353 0.40306515480624694
0.5466435362527675 0.5304295238387103
0.6397992308372583 0.4262248817787697
0.4890318815143524 0.4486561184769159
0.37427422077121053 0.6833239632580372
0.35836012181468657 0.6886107402990601
0.6625384571901006 0.47411158421602595
0.4799831050473685 0.5660495849319194
0.3830479344026645 0.6598292078563702
0.6796227106903753 0.4437175375454131
0.43283927871216077 0.6145193264015665
0.4832670547736664 0.32070982279215887
0.5357530712744195 0.5184955545198714
0.4485607280421725 0.6036182040765508
0.6017332765384392 0.5024370635003041
0.5913671310906911 0.5152812214368684
0.39813874436568897 0.6497456388384725
0.5123745336494997 0.5603684640337941
0.41660827713279547 0.59776502341128
0.6055477700069022 0.4313444658456569
0.5140232730350197 0.3003296945127454
0.42520505842728074 0.44414337558895955
0.5082502900800558 0.5297557968505293
0.5205905398569496 0.3913104285332435
0.5213963021350053 0.49390697684654283
0.5280796490876908 0.4291159626397689
0.5286086467840185 0.5080668961585678
0.4297760115647832 0.6211632849514699
0.5454064614491902 0.5122021414279553
0.41429978904864495 0.5648183745717272
0.4827593013313968 0.547993833473159
0.4447678078721998 0.5155238736337747
0.45228685739617625 0.5714747130016927
0.505467038990459 0.41738727873936676
0.48457403621715744 0.3658858206848673
0.3822069349813968 0.6266410910972934
0.38400750777371406 0.6746848055184196
0.4997391909532508 0.449532392671283
0.5213982259109883 0.6013833812785132
0.4932100126239024 0.45987370247034964
0.425694447032948 0.4614580661328761
0.7292624485651993 0.42699362189383716
0.4495018208242465 0.5865104891828296
0.30665713946755935 0.43616254283046596
0.37689257143719257 0.4555420106852064
0.449348198179499 0.5907695064527981
0.4392754780443182 0.5778923089049615
0.4063661756235448 0.460980433715948
0.421233678455469 0.516485609607863
0.6236910364586602 0.4559572799353522
0.6005891988478673 0.661365750255428
0.5708946957845799 0.6320217401221551
0.5293515394867518 0.49684717563593195
0.5976957572433477 0.45226100052429674
0.6892623020940707 0.4470111320959088
0.5089722804563163 0.5607217009362508
0.5022288711715948 0.2977924760307906
0.5410218755211316 0.4774329700773272
0.5410634759877031 0.39890430637204244
0.5731796627533695 0.43272180939098603
0.41098682065949266 0.5113633237765572
0.5878886890763316 0.5954691287727819
0.5772344883000888 0.5700169699974478
0.4727768842674276 0.35706766754379116
0.47697198337857327 0.408297155394986
0.5993697627818482 0.4533276747742463
0.38888540245223213 0.5098480622574871
0.3654144464443533 0.6786096944736675
0.5832609917444238 0.52854802270755
0.41849785738658474 0.43444917990907816
0.5882503653977377 0.62559386089108
0.5719721053885449 0.6460670447827653
0.3530840999498933 0.42930632599723106
0.5161893009413521 0.5275582932944608
0.5040672436083832 0.3830202593863362
0.3076604788083892 0.4464148561211444
0.5665998365944083 0.48607734535535263
0.5331853290739391 0.5367249853809779
0.6786603849175605 0.45590935830145307
0.6091648590996043 0.4645309761708877
0.40340092942649497 0.5843641566534278
0.4563343466723694 0.503764614271443
0.3858602031607832 0.4253654649390106
0.7071625723037991 0.432120222770062
0.39145173458232674 0.4243448444283664
0.5693561094415394 0.46945236589557937
0.2762445278605946 0.4273066257392977
0.4920076862945312 0.5046689620930107
0.4186228083065957 0.5989797804450759
0.5802870301370462 0.4697771011458576
0.41870238111095026 0.5319846457801619
0.4267275997755733 0.42822372695244293
0.4108354568614585 0.496057406467875
0.5902580187799363 0.6262431234130941
0.5602309911604159 0.5357204158506031
0.6290393204250457 0.4467250938228281
0.6300913687160921 0.4898850922885176
0.5759177195841796 0.5185984751316386
0.7145912065248796 0.43808707968330185
0.5662508640169008 0.5258920255425334
0.5147772806130708 0.528559339166031
0.44697578520575776 0.49753305947096627
0.30879773717826875 0.42733576358008385
0.4262101349863613 0.5139599781660142
0.6160487811385046 0.6473636635643935
0.4986535186946647 0.3124021043672356
0.44100611833386383 0.5289028980848859
0.4378042982984489 0.5126053296533313
0.6044945791227679 0.4629114843136294
0.512351711432419 0.44997583604121616
0.569414496078313 0.5286827931829587
0.35929176528111784 0.42290339505439845
0.6052063336794717 0.4557023072922155
0.5899528881566432 0.6450183750161506
0.618990828347081 0.4761421698748669
0.4170465880458255 0.5403142945690036
0.3914183301865296 0.4787422385144098
0.5950741895383375 0.5806174838982595
0.3655444599527885 0.44784763068763833
0.40319173800994346 0.6081838313297747
0.5061337803983251 0.41604831155234967
0.5522998594878472 0.4299036738347787
0.41590312106885086 0.44515782588959985
0.39592364250802536 0.42458639773906326
0.5806813649374178 0.54798044491198
0.4936783675199411 0.28739945561954316
0.569559801664324 0.5195883743487099
0.5972214608606432 0.6378061930513815
0.5029133723906218 0.49821321844769795
0.45788062119809814 0.5403693567696871
0.40049762411329715 0.592695553063846
0.5370223779329308 0.5233545653727721
0.3548264421673011 0.43988930265928894
0.44379633192841017 0.5029731222604735
0.6283531190970213 0.469558572109421
0.4229803903616256 0.447336315162265
0.35181887872519935 0.4531214042663151
0.39254672372601807 0.4389586277749501
0.5169006476071374 0.3508177054503808
0.4915755751134506 0.4829358090464899
0.49047551485236407 0.46152624510205087
0.5339987074068612 0.49400893658354705
0.4163901271095535 0.5614170141397703
0.4260157197498665 0.4459823660119795
0.32643584163742545 0.43321286954934457
0.7289275579183263 0.4271717035568774
0.39614662130471723 0.6644571662345037
0.47633841006003985 0.3722336669535994
0.52415745636066 0.4848607112319506
0.6929246766148637 0.45114630671061395
0.5809806945213527 0.6419705937313432
0.35373657414034065 0.47905633701127004
0.3378392802569773 0.46383715808266535
0.4956038003480301 0.38383847342510535
0.6541845729225397 0.45536966820950797
0.6024843029999182 0.6324772920789037
0.4105311192843557 0.5029884410992588
0.39306105543473147 0.4559205413686901
0.5048581618503759 0.5517319023853765
0.5839337480826629 0.5331818403038262
0.4635345274781364 0.37095769216876373
0.4243943728220998 0.4466418703161529
0.504603110217787 0.3032836544280334
0.5365071946545454 0.6211518508033451
0.41381912913210317 0.4845847636894489
0.411757962389531 0.5107852447937776
0.5177404184246659 0.41816072234623336
0.5044517316369578 0.3652600458786841
0.6481145258050475 0.4473701148610796
0.5465227388864391 0.4852152919315247
0.2739036861644012 0.43105253573070923
0.5553924631017703 0.5697535844287704
0.5500233201118978 0.46763742145752885
0.6351406285984745 0.48196277432445034
0.5075244818956233 0.4560078372349532
0.5170985803979219 0.5749919120530045
0.49083639406134827 0.454488959362224
0.5595001167386507 0.6116653904121545
0.47052598507022037 0.436828412882161
0.448116379220439 0.46740639023381736
0.47231153821438654 0.41242072622518866
0.5527368610080284 0.43457307697882697
0.5006083340523433 0.37651427786089353
0.3673661632107733 0.4851010944065347
0.522530831228424 0.5794939958202088
0.4584613327611824 0.41558489345997873
0.47422221559113775 0.4718883203961862
0.5978536707174302 0.43891142342486256
0.4618518071522405 0.5141611560866313
0.5545991681687201 0.4355491373396959
0.5929531464241348 0.6627785502283471
0.4663410270231705 0.44989699934428184
0.2908566078434818 0.43238836472893327
0.6005197658624886 0.42480391808617246
0.44653501957875386 0.4927524769651759
0.4985087658982379 0.4759602661132356
0.5973903699735031 0.45368770159676675
0.4342490409979709 0.5310437441764729
0.5327624913843041 0.44272242984619026
0.44078696668527195 0.4366673540081156
0.6110696225925578 0.6148451370554403
0.5752822141743487 0.5168331355373477
0.5590673083729768 0.4258817448333594
0.5239347986002831 0.4813852454021983
0.35501786870856533 0.47850682718672766
0.4464173454797702 0.47882337423288857
0.43119527198129903 0.4451311707476283
0.3751110405421504 0.4824860943212299
0.41529631005614287 0.6023019690205663
0.44531537833652635 0.465226137006561
0.37308981183132195 0.48776704583470143
0.49607096163263353 0.5076742978021126
0.346641361965107 0.42905857917892765
0.47676447304006764 0.44528543045073876
0.6588689289603316 0.4349944494031308
0.34910833158157994 0.454896874557448
0.6867589916987098 0.44658150143847386
0.5900534788843538 0.6566063331999079
0.5866764170929909 0.6193467943705103
0.6199340791060859 0.47235619700556697
0.5055699786454079 0.4481179898637968
0.4572908070326349 0.48276721070683515
0.5082468806525177 0.3612724102762688
0.4626093843145309 0.4753550244613154
0.5739092189957938 0.47627184319088656
0.44471717996794424 0.5893635699369878
0.6091775376012587 0.6389261259375786
0.39137378348301066 0.6319639980919817
0.40187196835620365 0.5027622541810679
0.5753430628837618 0.4281499494308839
0.45057690790232563 0.6236533285367868
0.5260369330322812 0.4997947818901708
0.4593443891646358 0.48400734137302337
0.34619514114916505 0.46133204785739623
0.5782131684207622 0.4273664266357565
0.6189066309433006 0.6246464049986308
0.5060791756446996 0.30503036553256613
0.375248658002745 0.4812210951613143
0.5120157277802069 0.5212156331283806
0.3398569545671438 0.4244241531576599
0.4279855286612987 0.5225280675339173
0.5078292275816932 0.5694783617720407
0.46815718048019317 0.3694164966229594
0.36877141851082995 0.47913444121820614
0.573413400274072 0.6344238391398288
0.5463452967400131 0.590339994320458
0.4189504332493623 0.44486976664165423
0.4356746594446793 0.5284339129546134
0.3855077066923187 0.6334214665852389
0.5083752152625742 0.35703008133014
0.3924028499951202 0.4507656108794609
0.5857984477220853 0.6051481225969256
0.46945569633327433 0.4078408550166639
0.4950307891232192 0.5557354854076202
0.5729735992067767 0.6188279853991345
0.6362112546014812 0.4472762207648129
0.6408607386519918 0.42932389461713694
0.4329864536786686 0.6101583253568355
0.5565117611160998 0.6068582273801425
0.6173109202092416 0.4902349638220127
0.5059425288115844 0.5275154486567348
0.5447080623045949 0.3951907353308465
0.4758921881953663 0.35476223403770235
0.6415774252943358 0.4349076706012759
0.40370693721856354 0.5503014737031333
0.6161099442693169 0.479431000406051
0.452643996164117 0.5126133970057222
0.48048079107506925 0.32416594238817353
0.5182683398633001 0.4513032899047985
0.5962839858276039 0.6212069964639543
0.6924797151175175 0.451316414999828
0.5955872857254007 0.5958929097451661
0.4284354645724807 0.5217640024930571
0.6000114368998867 0.6498399344586056
0.4444251513610359 0.4681743016824813
0.36442689145685925 0.4299120796044905
0.49249945193064215 0.522868951769437
0.5148163136310856 0.5260946859710928
0.5008015237451089 0.5341240558198175
0.4902566549544298 0.3183959037215298
0.494139009209449 0.5332375165391828
0.6181389029808408 0.6299848927544746
0.4636884755781995 0.3862960677937868
0.5532299224009875 0.6135729737062012
0.488677607781151 0.3646750382136167
0.4150348458166696 0.6005000503179653
0.5072777911515655 0.30695518861811877
0.5230616472402003 0.5103790428835682
0.4741936655070045 0.5766449167233698
0.4202777941378175 0.5352286836829871
0.520153350635185 0.37605996902114636
0.6070145711618723 0.6534298843920228
0.47388215174453496 0.3480034557459811
0.43461478062442127 0.44779617384144244
0.5613751021085168 0.46077962287869245
0.4124525893007921 0.42794899944390197
0.6574248654055942 0.4289058373468867
0.6124460788518437 0.46302127603712784
0.4383749462262526 0.4707988335367307
0.27815655917928983 0.4287606823266321
0.41902551902873175 0.43041514575251416
0.571117703071402 0.5130433468501244
0.4318034605604917 0.4436302845548834
0.5982270526679037 0.4909032595124505
0.5117283272401779 0.5522831857951367
0.4341099205620813 0.5846025069025668
0.566169429615884 0.5053903706331926
0.6104534758630523 0.6078439924484258
0.4687228682057041 0.49390356496814514
0.5133867455521826 0.5217909155035234
0.38692529958758826 0.623526188792256
0.4295695938618035 0.5834278284099187
0.502622171451115 0.41829140349189253
0.5797834474621968 0.5675646391402052
0.421081669707267 0.598802465498275
0.4707858021173216 0.4059812156981899
0.5587109671311163 0.5087362885491488
0.5215957433924633 0.5948614556982645
0.5710538950084878 0.4440994467950321
0.6101294966614924 0.5117705354654625
0.4828442296168328 0.3797024585232237
0.4179418220764909 0.5314397206482585
0.5708535440378286 0.4619820540416
0.4937485137708377 0.5181192576560383
0.41380485399371925 0.6455588270693678
0.500030455640669 0.34844456425806036
0.5228186331082201 0.45163714738587046
0.5431089631177722 0.4903765175826701
0.36998084978142876 0.4782064330518069
0.30501158578964904 0.45372863337500513
0.4948971006837054 0.5743497186003781
0.4207761226808886 0.5915453467504956
0.5166391768765377 0.5803674907276409
0.4313099488356139 0.5924196371703938
0.42428086349284866 0.6314239495662036
0.39696777132491345 0.45012777001603255
0.5728863510968378 0.5898320058842296
0.519201286219499 0.547616302022767
0.38815542040867435 0.46617677959314496
0.5471617173902875 0.5165508499099783
0.5802840809008546 0.633776453714678
0.509595215343851 0.39757410598776854
0.5415058741152295 0.4109656630216838
0.500403422149381 0.38158155780269754
0.46771494971607364 0.5268837206597077
0.38015395896416937 0.4836833479127849
0.509935202244571 0.4958949741852985
0.5693159006401447 0.44245261521239276
0.5117915187319989 0.2943355583484074
0.493664359261481 0.4803382590830353
0.5018647152723342 0.5765730266724867
0.5861153771082515 0.5219996886262387
0.5851284864420038 0.621760041608591
0.4256160593529208 0.5957692928427637
0.6423957779595868 0.6986178321017693
0.5414674499195974 0.5976078966129746
0.4989945378441554 0.3858178487348357
0.5253858444714251 0.3419183951417354
0.49963036370575364 0.5679416192163013
0.6007622106580539 0.5601950029995534
0.4207335845036114 0.573341539928017
0.5772027555676172 0.6445541724259205
0.5056684974711957 0.4971808615643968
0.5255452653386014 0.44311348500382264
0.44515606339270863 0.4999403297066518
0.4963173976798342 0.2641983902640114
0.6793220316636569 0.435290060426884
0.4324850976161033 0.4866148349831968
0.4905143669782748 0.36175829245686975
0.6283191725932253 0.4439788641187009
0.5318059451578089 0.3941386564258238
0.5272992306512818 0.5570306192686166
0.33693623459644684 0.4710526157328925
0.4281184018331341 0.4774569393962018
0.45293819287404047 0.5800273470497298
0.5997863167029839 0.5025043908467463
0.5424636278936561 0.5762715926537627
0.5821543027024701 0.6160001179248579
0.5175361579021465 0.4766562113953937
0.49060023229837046 0.32989255984436616
0.5424461168218685 0.5212588845561955
0.6029061648133319 0.5751926369136867
0.526459261492398 0.4055879820018533
0.3570058279704229 0.42830410719217216
0.593928262686756 0.6208321816029088
0.5631634832173208 0.4335395580885586
0.5741233852019183 0.456495787190898
0.70889919233054 0.4371923110766196
0.5488387408879043 0.6153354284747877
0.5876167228224909 0.43767754597166175
0.5419522412829495 0.5467499122887155
0.5139435900079558 0.36876073669075726
0.6268150708121213 0.6655369279481831
0.5659964948417908 0.44721763460407615
0.5361642889187531 0.5155752099476549
0.3929003816019454 0.4523380118841315
0.44772193936350735 0.6273894462500923
0.3931734972670652 0.45458909269258974
0.557498426999112 0.5419966343571837
0.6172931452492912 0.42973571075920447
0.32514310705985083 0.4456345998840796
0.535982296723423 0.39716630621686766
0.4012316052591879 0.5850649239618886
0.3901915163305675 0.43238062214579187
0.5779294521631421 0.5757255417981499
0.5175552563936063 0.5538793080468994
0.6176831038188444 0.6508149031608748
0.5654026793340746 0.5013574622393928
0.43141384850639164 0.6439161402135977
0.5363179831382249 0.6218078658003527
0.6174300680278643 0.47969333943148795
0.47289432516679486 0.37435341400056854
0.5880279773104641 0.637360260612329
0.5148253031475759 0.3202691750259805
0.572539461514462 0.4253760268894613
0.5186218522842154 0.596708317890888
0.5011464292342923 0.5698655367159023
0.36004087063546075 0.685593956516835
0.5897999174851858 0.5601451401428541
0.4319903512534614 0.4771718662775477
0.4897007276027102 0.29885218670268576
0.5438781191596643 0.5582058368042173
0.5320550407764683 0.5641973079182868
0.5579076005108782 0.505758559143564
0.662853390511306 0.452782109461936
0.409803157296715 0.5624496543715908
0.42189462396756816 0.4797850583793858
0.4741558709980377 0.416509403614316
0.5300659377238444 0.34276545913150414
0.5519556918068077 0.5705358240974581
0.544782640061518 0.6163948615218194
0.47351195614110453 0.4532759945695155
0.4545273592011103 0.49517208619577924
0.39583228446393137 0.603571616017734
0.5060599415572833 0.3776075869966232
0.5501494870592893 0.5585029958571718
0.5248606733292882 0.3472431003679334
0.4692775364788704 0.3526980582288205
0.38013342391602045 0.4977652523512057
0.5756455080794944 0.6115103143906989
0.5195908523529927 0.35271680788172377
0.4903111731460036 0.45472725423994964
0.5110171759477847 0.4229243164704336
0.7001656828621595 0.4320290752432029
0.5036819839748286 0.4969885904015534
0.5564366151279871 0.5037348796980295
0.4993644453088306 0.4334974812324107
0.4234943736713084 0.616476333843394
0.5796828705662923 0.5010331077218826
0.515886699108185 0.5015082909647871
0.5662703340771449 0.602333815417421
0.6128132581791315 0.47185228511031496
0.42066194062728124 0.5089583532768482
0.5797050325323592 0.45495037406827055
0.43136295630211885 0.5054399913663874
0.38872940976743564 0.48809196583222914
0.4090814821820371 0.4338756095897034
0.4214972840813185 0.5684630827213046
0.36791063272369573 0.6587666660073678
0.5226413707833998 0.5582711799114237
0.48156388581201426 0.3332252694188145
0.28778390268644727 0.43691600164989375
0.5896213769787494 0.44592127178562013
0.471240083733407 0.4022516583342264
0.4424602798080649 0.5755970229186688
0.5896825222398029 0.6539675527254243
0.4976130477454467 0.4171961819906156
0.4474221071669827 0.6295312921594061
0.5864288817432718 0.6155809007140087
0.4773188340615854 0.5365520853943885
0.3046946920304635 0.4250318762315244
0.5360719842748821 0.5094512199757558
0.5824826922244112 0.4466056865754917
0.3797644813608152 0.4581588911912361
0.49446264282150454 0.5870135763635247
0.5148632091032082 0.3563839518127897
0.5801088265880491 0.4781279004559279
0.5668259521338914 0.4946237905030909
0.5091880678726748 0.5145474894615905
0.4832754817536987 0.3545986565381739
0.3597033932412763 0.4388650131072336
0.46308940496609474 0.403098848953944
0.5687471014513887 0.5688267440415097
0.6282937410451768 0.6718214741925242
0.5231640438359952 0.5676982394433989
0.5943242679165606 0.5680997561793578
0.483335771270603 0.43511192043798286
0.4294790733959304 0.5447339659660517
0.4773850830663918 0.6020096130499951
0.5754664460691478 0.6379692392221834
0.5613664546487598 0.49939785239713397
0.5428405427772975 0.4821237582856974
0.39639371196568696 0.4832077481118351
0.46063622739662036 0.41206255877063236
0.43793119216090115 0.49746030973597
0.457558470973202 0.5380468770677979
0.5452536020034999 0.5260790352868107
0.364484645879007 0.42291530572390357
0.4441934565062683 0.4693881530084444
0.46045336617658694 0.4689681033660592
0.4994867146164853 0.4030633054962449
0.5201023440739408 0.5524468525218458
0.38463899059173634 0.5076179527616796
0.6679744789359382 0.46966315545533355
0.5293586374643884 0.5984889584139865
0.623231842891002 0.68068377010641
0.6093741294447301 0.5998363031629061
0.4735700586456081 0.5026799143281556
0.5385553458538876 0.48901696598271016
0.42945748168405307 0.5186260994836231
0.638074913677236 0.4552825537781623
0.6216504010394865 0.6500599543883122
0.492328726497157 0.3063074743877411
0.5056880081994627 0.3111119285998428
0.3956438117851091 0.4253454154156202
0.4453442079297534 0.5205220337759651
0.6412837951777232 0.47490015343213166
0.6676918930778596 0.4340446993553406
0.5134249128829586 0.3404595418752727
0.5591773660132374 0.6343923482486694
0.5499961635620879 0.43724929192922946
0.5942280625879564 0.5994346495866301
0.4895777112849634 0.40027976316713587
0.5947655642311793 0.6179424216818231
0.5141401849219549 0.4900005460293013
0.5067289164682753 0.32089702953893784
0.6438010463198272 0.4331075427406993
0.5905726797233132 0.4792610784315837
0.5808416835086752 0.440161815554984
0.41307289435870786 0.6302542919872726
0.5688028825416951 0.6339767717902917
0.6034614043971608 0.6411691644272712
0.2862843474827602 0.43508166535735193
0.44307819347238 0.5636778708137291
0.48232772867133045 0.5299219484284492
0.5363460146737953 0.5015703821708991
0.5735483267901449 0.5034439249933705
0.6349406117649846 0.43681472881703254
0.4477446992524823 0.5560466406015626
0.42659463190492297 0.42322767637918846
0.38051629153387545 0.45489757107622786
0.5511083422098424 0.426684468532458
0.4725232779436681 0.5107407385045108
0.3604068025342595 0.4489214155076927
0.6327888274055148 0.49599724455248917
0.49948552760840204 0.4718377205820343
0.4436537148577232 0.6258306272989995
0.49796929875814355 0.5011469899972243
0.4752247482491213 0.5426076437561204
0.5555973793656862 0.42978702313959793
0.46217073323081137 0.5725940558141337
0.5332371514828849 0.5091771316873898
0.67574679436965 0.43050374053763607
0.5562757564852696 0.45430556579754955
0.4728905954192938 0.5231690273626833
0.5942637515999548 0.5250048793013391
0.40950062374751983 0.505163387778747
0.45796313755519147 0.4882090268773319
0.632930265376863 0.6875806366639291
0.40149814011192897 0.44632669362770705
0.5938282493689455 0.4982339581686057
0.540718734759064 0.5297430128630635
0.6741328659482649 0.44263401554750015
0.5141734209185312 0.3079969356100589
0.6085593444625277 0.6716838882661014
0.46505810629162425 0.5041149913095274
0.38170190954015704 0.6371902489762742
0.5806578978335079 0.539407330740198
0.41588034269651564 0.4301644847313908
0.5333889812974134 0.5386444534185495
0.5780396826994602 0.6146236850507384
0.38649638190859315 0.48926121332945527
0.5631808787162146 0.49819461349911454
0.5347354835166654 0.4793714091632427
0.36667740241399194 0.4851307991098057
0.45084218949061594 0.472430261235505
0.5637588555794716 0.5650353420955977
0.5406012478020927 0.4635839354799488
0.4164476025226008 0.48010871125982635
0.35268198424962593 0.4871953303011727
0.49581002719384326 0.3571349420950162
0.42910252280561156 0.5159670648050931
0.6187167511453517 0.6802218083540902
0.3946995474825036 0.5183694958686113
0.50611870724219 0.5281078462113344
0.533936450489745 0.5345850400513669
0.6312354255935619 0.4350568208174629
0.41482812641907496 0.5614502940916921
0.5897654386669628 0.5808511288985647
0.6193139121688271 0.4293612969274643
0.5035990097253902 0.382947084499236
0.4258023730312186 0.4470446081352524
0.4416891988884869 0.44604970837363334
0.6429645748703857 0.42643433958225807
0.4358918219491702 0.4661528310425165
0.5207032667079728 0.5406640803624323
0.47432667550595464 0.538574919704413
0.512500162936687 0.48835432504638143
0.45913444314682583 0.44154682688163616
0.3881933278902179 0.6184005264713267
0.5594938693965058 0.6010741015228681
0.3883539817722025 0.6718539221011416
0.6272585306569051 0.4407791820687771
0.43824246690229585 0.4427138431604324
0.5898542678071841 0.5866441759253395
0.4159864806862549 0.6372306806821992
0.48802297720637 0.31755884247944
0.47318449409876173 0.45404122408188163
0.5821298404649711 0.5540097433301138
0.418406705335134 0.5430313680993171
0.28150074063381103 0.43021375682240814
0.46484794969664145 0.5439961121812285
0.36969742797743665 0.6708261070732234
0.5614525723668131 0.46918532971880633
0.5521692712187287 0.4342730525897004
0.5047175076837649 0.5438500292481896
0.4992218045613215 0.39359524252124645
0.5397805930665812 0.37568412345461144
0.5393887164308078 0.46953174274734133
0.3375979795901345 0.42493927762041606
0.4621135710477148 0.4124548648978209
0.544063961018853 0.5201597003445908
0.653115645172518 0.4605762205422398
0.5910339839583046 0.6223756488140184
0.5805333207134213 0.5294955852944472
0.39130614549521714 0.6569851684979809
0.5973012733080917 0.6609143380572441
0.49750865931011856 0.3240213653837475
0.44564080949852203 0.4286533216760565
0.3943989578401196 0.6389304753046288
0.6013961130986579 0.5994587046827938
0.4284735293536699 0.6196950389293344
0.5200204597590534 0.5426600412215351
0.6607980087447827 0.4340300940320424
0.4712193420291675 0.3782296899258154
0.4805957545063293 0.39163400265799286
0.6238128565352086 0.4472615398120223
0.5097624644779886 0.41400869907358107
0.5267154836374732 0.40017887605647895
0.33267202014159325 0.46464076686261657
0.49915000349912786 0.5596479926342405
0.43703215038723353 0.5654616738556217
0.4558331470035506 0.6126924927059264
0.5433101045682347 0.5043352473567362
0.45237625924185054 0.40146981346958033
0.6170497565411762 0.47275234279940836
0.46896851510789894 0.4081177319205622
0.48716665047599095 0.34573335985409626
0.5601120179976806 0.5290314559783053
0.5154670388035766 0.5681119824540907
0.5883109874354103 0.42598752949621776
0.5051162166547442 0.3469628384284217
0.575576238266252 0.4943348446714939
0.614109028870107 0.45122055259862004
0.4238403035090629 0.47178178905364043
0.5581544174246541 0.48763569870225143
0.48489627866766194 0.3573228403320249
0.5549952080015814 0.5877665611134016
0.6025244114407105 0.593887245747103
0.44583770121536315 0.48426939223731247
0.43669866616439224 0.6251935362725052
0.5281313639492469 0.40511448514186743
0.45486487393393804 0.48945422158966156
0.48328768467080174 0.5290925264191635
0.42267212177589486 0.6081555796353447
0.48831406895552953 0.36699705342741396
0.4879388641329734 0.46481657690095346
0.41783647715334504 0.6073538206038659
0.5000956638838622 0.46753377250052974
0.5130234390814713 0.5324309497772762
0.4954502324465112 0.584207189326855
0.3800381220664234 0.4671635158380253
0.5858076041463278 0.5057157876307724
0.5131869056813082 0.47969993685767054
0.5490498121961883 0.5517715307514361
0.4071169415329282 0.48297389948251845
0.28798344246671803 0.42364732134322547
0.5198534038585613 0.482677507345323
0.3720846085098807 0.6704685948187197
0.637741022071424 0.4874298499196603
0.4095089197664534 0.6248046288776511
0.6669206400285963 0.4735650889223946
0.475856181040915 0.577184706680509
0.4160566053780853 0.44030347190036945
0.5006163467528267 0.4641029262583929
0.4322898353926583 0.4955434124957466
0.48152185037039075 0.4943959141961217
0.48824296253681165 0.46854939197369216
0.5799661895189251 0.42431820758156946
0.6091885526875094 0.49357477631842583
0.4361904111463515 0.4640646817860974
0.46880735254599626 0.5664800443021688
0.4294223101542133 0.6203579541964267
0.4571683370060827 0.4041978819509947
0.5340650009992158 0.6122120324118466
0.49431488709181426 0.5898512723303487
0.4747500842614364 0.5643119341780486
0.4684743678244153 0.4179847261175823
0.5033462257542134 0.4034370888945392
0.6877519397285645 0.439457748492867
0.540324394060085 0.48969689847633524
0.5208311302729791 0.5465825220933158
0.5258649461476146 0.3682949911615283
0.4739579083854335 0.5334241035760976
0.6938166032905748 0.43864374781224313
0.44506775224436923 0.6191268575481677
0.5467065455517557 0.5110750201604057
0.4727934271892319 0.4914434862673298
0.4282498634613243 0.5216615295218514
0.4689565770269718 0.5716481466449463
0.30324980346351893 0.4438784977127017
0.5701337539459579 0.5206381436339187
0.47380795172873824 0.5320262502286823
0.46689747891097755 0.6078251311364424
0.4900359506771007 0.417970888663747
0.6095665780605749 0.6740882261530298
0.4881123376477129 0.5471484503897641
0.4824723887378085 0.4033351694470769
0.5261195842770813 0.48655634300655626
0.5106168133190436 0.4723555198540319
0.614455682481343 0.6306325717453739
0.6099258251351223 0.6334600625932131
0.45138897438570247 0.46618377644262377
0.6322246168416679 0.42909368425757966
