2 1000
0.406891485747122 0.754432651539459
0.192601106346995 0.4167481773146795
0.3816782039326958 0.44403321270681684
0.6950954620712212 0.5370736922180566
0.3566297127111093 0.6889238069588026
0.5663329473617386 0.4711532799105578
0.456606075932641 0.5401941569839855
0.5623137607057972 0.2938835589683091
0.3071929599366964 0.7130286549439572
0.700870866894281 0.47690892203916735
0.3589872216840705 0.5942873569175862
0.2965573542077552 0.6746476601417576
0.615189321805283 0.3854595700745105
0.731317520551578 0.7568693795888589
0.6559155802408786 0.40602752505919393
0.5363743195433418 0.45613800443108077
0.6010598641432399 0.562534251063958
0.4420891936818224 0.26343786819417114
0.2136748837819683 0.3676568069512921
0.33947402215725375 0.4900979318334453
0.2728292261668108 0.38423993197438455
0.36067359374121055 0.6807331235588869
0.6687824331766529 0.4942295432288043
0.68952272275678 0.7263218755437252
0.3702179526668813 0.5629621706475203
0.3368273708427464 0.4709659842997367
0.3072016319265741 0.36143591921417506
0.580537988273317 0.5588571109291605
0.341824283164052 0.6301556319058241
0.7806882183472657 0.4007189790686123
0.7805063026068952 0.421888871397043
0.3452067494395852 0.5282734603801358
0.6868182216280204 0.6644475685252412
0.5865287018582088 0.2992078539928882
0.6625226029667385 0.3910286863590927
0.32688581477951206 0.6707881485189697
0.2931295376280375 0.41245501464732837
0.6651818867531275 0.3851217296792314
0.6770579996911674 0.7337647213984666
0.7406293125344581 0.4995376399176854
0.23718530427643558 0.8109584770808006
0.8276245256503941 0.3586785098634644
0.45499911429764794 0.25225187311956887
0.5160826657208779 0.06998687195598807
0.4267811266105809 0.6634753803181885
0.32938134540915165 0.7687016274971252
0.4833212117264022 0.5862988865335089
0.7116961106765387 0.7840398032173442
0.6009450322268107 0.551992098766625
0.2261771115787955 0.4362972451089939
0.3525524636324382 0.5310772413846196
0.5838402660024588 0.4184042478868235
0.44233092487736203 0.3238970152328582
0.6301558263848654 0.7140079103347674
0.25402007948184935 0.3513255752512029
0.5061759986864593 0.3548605943936509
0.432438250303237 0.39186991190382037
0.32506849751000844 0.6034246156917293
0.3842845638790108 0.4440371846929817
0.34113078798929086 0.37345285961035346
0.6546025648443152 0.554928450034099
0.5710632660040463 0.4702027129094952
0.3584727212487484 0.4214302400841803
0.5149073364206933 0.20098064995191067
0.5391238260910969 0.3593715074385757
0.831140213820917 0.34605827842692893
0.8289866740191705 0.39064570851509717
0.5252196185057533 0.6196705181258446
0.21845181271920178 0.364443048972819
0.716143220774367 0.4914988811770963
0.20985025078440833 0.3848788074564168
0.4140543175173471 0.5723041721934159
0.6499010179458624 0.36774727230500637
0.6406253485119374 0.3530592758609038
0.27178621331105157 0.7850118986127976
0.6437091173127797 0.6971084184035554
0.6846252955928919 0.7295040820083715
0.5738526660602262 0.5642603081001919
0.477837654168941 0.5747811677819621
0.6461574369895777 0.7921920193208261
0.763930858253541 0.38573214355919405
0.5387333912186882 0.5104552138898361
0.5509443346558136 0.45328678456615723
0.698734129924041 0.48665033244997835
0.6755356457530302 0.43719080071542393
0.5369204349429911 0.40869259205711606
0.7491351294441454 0.5036302461841191
0.5444585920572986 0.4714279996901872
0.44548391731907266 0.6972902942564994
0.5714459052461769 0.4732444706207848
0.5713228248208109 0.2603950167873008
0.3834942460173061 0.42550764450710654
0.2129527790550445 0.4247353142288214
0.33074033359554045 0.455205366556762
0.6445091033055399 0.408128546395508
0.28608356279319214 0.765415043571566
0.5246859399425972 0.23873159919421594
0.5692825449973457 0.5960388196405849
0.48997917099927835 0.6167826950524553
0.2788820744767485 0.7546238545165677
0.6840067864619853 0.8092346383308535
0.35915116468556574 0.5204263484284759
0.5828951122851715 0.48737346849576324
0.3848995970904239 0.535849541671381
0.225610327063409 0.39909124739447366
0.6710195151751699 0.7984993127307036
0.7390954324091934 0.45112654837774435
0.8013953030934323 0.3993092643313848
0.3024369088656649 0.7802208295559202
0.6387897571573513 0.7020920694751284
0.6776240298282693 0.6640129709442185
0.5076900079802632 0.6485179126409696
0.340557882456907 0.4198182935959863
0.6057632398065078 0.32551779705708705
0.4959167378376744 0.2548492622333389
0.5751410797955858 0.37807051873857467
0.3857459757514933 0.5875117885180325
0.3182493708234819 0.6529233300659284
0.6416676974095131 0.4865908951457375
0.3238535074600254 0.7002288117236025
0.39194107525405486 0.3956809380319104
0.4233600262535039 0.2977248573109491
0.8855271248372322 0.39940143514540283
0.7058247689345626 0.48037891707767577
0.7059957278447618 0.4090200540755432
0.5293484293924523 0.17464168374978672
0.3880454012034358 0.6071963579251703
0.1705505327716419 0.4084594245881361
0.5169607686184453 0.15376446739316285
0.2822087656003722 0.45199742674740795
0.5477569886609086 0.7203477651006772
0.3038900042498157 0.6154779595272698
0.4914775523848728 0.3324296705671457
0.4774372896504152 0.27300898127028395
0.24901275206764262 0.379610839074655
0.41407665679898653 0.511693739079887
0.6981898382711837 0.6146936992558218
0.43983808475438524 0.33884883951639266
0.14742479106339357 0.3461387887145453
0.4180236897647708 0.7122417290601083
0.6934497954443708 0.4559408682318712
0.6919919821567012 0.4908946163150494
0.7368662926984354 0.3699302636896472
0.6056784702183489 0.4640996977799968
0.6142799924635379 0.6745356628379457
0.6107031776432319 0.7253869455130034
0.28712416000474883 0.49809060140802985
0.2010646899461248 0.47159671694279814
0.6333237115980803 0.6020823433226634
0.3645244093561536 0.3528441942834899
0.3787267829544516 0.4886728135817706
0.4981621911623697 0.6611668447473547
0.376952490133149 0.4308514763259136
0.25587729496211165 0.8571694751634799
0.4682613745125559 0.24179333869718622
0.5513930631263952 0.44144067492860906
0.21128872533514265 0.44523800734368757
0.47830253178670834 0.6727031722274739
0.45985190502241 0.208950278182638
0.5525133918571492 0.2105854886369133
0.4596333489102957 0.5501601398084909
0.5136149675103391 0.6191592946741726
0.6540323233054592 0.4077929127826678
0.6545011450304359 0.41935023347426437
0.7430749760060844 0.7850720305847999
0.6515066674628728 0.7477202178446373
0.1348714457203779 0.37140235017287815
0.630261148856803 0.7654822596693982
0.7214153953053888 0.4620185302970241
0.29986055647372145 0.7951705061378297
0.5159404775055776 0.5552114280725657
0.6268859573689163 0.4237254950428251
0.33339217478869754 0.7156865234480588
0.6953346007642235 0.4863001965198448
0.5196635769722989 0.6292615138981204
0.6261605394477668 0.4495829097140872
0.5309217620609601 0.4440182850226312
0.7312331386142366 0.37650234531071824
0.35046451269660317 0.683202819001107
0.23698527200836406 0.8802886148227741
0.7552717999001136 0.42194951797229485
0.3825965273396891 0.48019808038841183
0.21036284135715555 0.3718762882835991
0.6590548490750584 0.43403000919891166
0.390464608864584 0.5868455224530293
0.4120300124188614 0.6662826621691899
0.5625985759685743 0.257949238389116
0.4560475155876589 0.3627504267744589
0.3231790964065432 0.46547634363621804
0.5041187019558 0.37183466121672715
0.5572074695673277 0.5900111763558246
0.47908449031318356 0.13663701278374552
0.665915391290095 0.7818114801598482
0.4006361119137969 0.6132288944306897
0.39289078994645354 0.6951349161649234
0.8174409472131 0.3933636118390983
0.4248557890495934 0.3237068618669121
0.17151685648735693 0.39354816292844086
0.46784534478536444 0.4338884253248586
0.4921487848222914 0.038684516143616454
0.6755951258436635 0.5953886649295121
0.481928980232912 0.07959768490466423
0.6995217526275787 0.4077524029869274
0.7162167978072956 0.42289210997424953
0.47163114974449993 0.3993682523102279
0.13522562944926553 0.3856766752210078
0.5207592188013395 0.6228942676700965
0.3142115538684238 0.584640043455511
0.37262941736135236 0.4016512496674136
0.2866105162599122 0.35906670278582575
0.23728240518204902 0.3470084247795808
0.3516402162892359 0.3570035907719362
0.5158774063983235 0.1285917918664805
0.24750643241752557 0.8130401446197606
0.5568562775709918 0.6760198920574014
0.3484042484025559 0.7294641430771008
0.7253336658476334 0.4645555119609266
0.1863674625112831 0.43430684445645573
0.09909610212582498 0.3528413587153497
0.38220082843398706 0.40311270825189915
0.3458958568716065 0.42665819490377865
0.6394393932642795 0.4931288042930797
0.4491968460796847 0.45799879111550224
0.4093191274963345 0.6946915898244638
0.2380787785391959 0.3937804370133511
0.29908898035503995 0.36297184541136207
0.5998182959693608 0.736802372848332
0.6026597184068693 0.6925892249619329
0.408411362598447 0.42113004112583363
0.6305832260629654 0.7441271724832312
0.6270490533100285 0.6519361508178677
0.2688534273116906 0.7726770863590897
0.4049844857205096 0.3445056458505288
0.23321893572873897 0.8688646740482963
0.2946164775485888 0.8216685731585721
0.5558923342837024 0.3397443465984811
0.3491768403631673 0.3698455804576267
0.6092632358199077 0.6348948959036919
0.3867732295004198 0.41714693458953434
0.6311322259786566 0.772777110227407
0.408609931388326 0.30903206800301175
0.6800256313655233 0.5487077563873721
0.8032344405704835 0.34786876011963686
0.6991055448332336 0.7998398973937672
0.6683012605804716 0.35814110507409225
0.15312323269762473 0.3549687407323928
0.28129721109948425 0.3617722496141048
0.24094936537484923 0.8196784974153627
0.5326447948992015 0.13373586743674626
0.7242134206242621 0.4654619135902853
0.3578059679762694 0.7763973202125186
0.6644171359598419 0.4430035154953287
0.36368627706535106 0.3475818867012396
0.4765172137808279 0.3336641763312851
0.5924693811450231 0.4135582038000625
0.5037324952113914 0.6545294783537922
0.7769952263166335 0.48231043076605173
0.7525406860305588 0.49150407059799295
0.5465049989039934 0.4221697726906323
0.7131014406208824 0.4454967499063346
0.5936610114378571 0.5116403086801385
0.77771850247761 0.3461728248962376
0.467145829731871 0.14794933232078833
0.7049628412936284 0.48869042324148715
0.6493810878203362 0.6053181380095609
0.4609623085344098 0.3232407662531255
0.23975237756565837 0.8029531928698976
0.45277902244425705 0.3178058421721083
0.330286217773762 0.6304534122304039
0.6319302589469363 0.4836379441760884
0.10905596885957691 0.4001207239386799
0.4027463129926607 0.5018072249562078
0.28759928883310515 0.5169905353807207
0.47756631641840774 0.1287508054557568
0.39199165762090726 0.5215180430955054
0.8203306892036533 0.4120674232538607
0.3803086831826711 0.7718318155097662
0.6703590391467454 0.36209394562791053
0.7860945400153476 0.45533022736140305
0.35975720233659736 0.4492093352785944
0.5285478703212152 0.29660970571079925
0.5247720632095876 0.18914137847195167
0.8465796806343153 0.40292309085443445
0.28828681014612045 0.8438716331056434
0.4625417886034806 0.31576722234390564
0.5934848585790287 0.32219629536455296
0.6888553171802259 0.48173587275943086
0.4921447925402652 0.5372170553951829
0.4274041265617814 0.7193370414637051
0.5558888049288314 0.35070787749994325
0.08652217152080621 0.3653176037704092
0.7346816601897971 0.4991182290298768
0.5421961500446076 0.7159511941234982
0.2928102571448912 0.3807242761872416
0.3207911426756541 0.5452109777953644
0.43316793700953693 0.5742969551475173
0.41410355461244686 0.6008532408086952
0.2881873324489076 0.7436325921284027
0.2551379268270405 0.4726355097606576
0.4987034399869439 0.28530111105093015
0.40136969213606843 0.39475991151258016
0.5478640026937912 0.32995791842526057
0.07370867861691766 0.351445762162093
0.39865633440774095 0.4135074503614621
0.3100105613518027 0.645320245850167
0.3052226314244495 0.8030089395749278
0.5808599415338035 0.6750387172010668
0.7008906710374226 0.4399666027367417
0.3205829964258854 0.6872243954197791
0.4352643723222669 0.3001328642493216
0.5497269270496989 0.4709055027479836
0.7452300506316729 0.42296421368702486
0.607842377072919 0.4410354503346525
0.4042475040351441 0.5821032966056834
0.6482084605400346 0.5692570771395618
0.7734450430740516 0.44488920161793266
0.3825777991677175 0.699822157530295
0.5618855050867059 0.34069350662697884
0.7606593792506291 0.4941334917587684
0.20127354526921237 0.3782685757768953
0.45721060754302967 0.4688933028465989
0.6872049585629936 0.5240425997384605
0.20304891999835417 0.3652226215903708
0.5944820137502488 0.5249723818845086
0.5290036190527104 0.6843029366077292
0.6983746651238216 0.7385928961998259
0.5415026716378966 0.5641736191805989
0.5361203076403076 0.6582528462823579
0.5972242830956908 0.380069311858354
0.40277276454598576 0.7182115377633811
0.48241224223963597 0.561411959037103
0.3402686579062498 0.5647448154950883
0.5612846030291553 0.6799835800767915
0.6014781765954219 0.4265530258668413
0.7400458626214781 0.834934380837497
0.3862964078726475 0.3527507745131555
0.688090982203142 0.6631658634315132
0.7296872682462697 0.4767213557224329
0.543528037126147 0.49060751733274965
0.5717240089906768 0.45178363116026043
0.7182718047438849 0.46798388603325347
0.5069297392492712 0.09598657545136013
0.6591041889397927 0.6542331077652744
0.4256852191213535 0.37285527835708365
0.28526066896084945 0.4386191335588562
0.4565862500103549 0.5353599884182576
0.36784562047409064 0.4427724450149463
0.31959543419125624 0.5242107676967624
0.3542336002648424 0.39421312069612147
0.6194260798050306 0.774723149525655
0.5055588261664751 0.3025324975015473
0.6832453072670869 0.7883818986917545
0.45996460020901253 0.41624170999519294
0.7423643218119289 0.7952111430298808
0.2684131919204126 0.8068042607257572
0.5496379243826854 0.18421733374628513
0.475995754944897 0.5785245860747925
0.6905534745794172 0.44576417850765104
0.8254069537483045 0.4039908922223314
0.28197257659214137 0.47628502304486353
0.5065269575714604 0.2724765797494879
0.32843716002105594 0.6424205680864679
0.4721690704363697 0.10069682230875654
0.48548053190689866 0.1032409454156964
0.5823536971824995 0.379900022396769
0.16884997348370678 0.38940297470184126
0.2732032190399921 0.4599085840389796
0.2752233203297656 0.6985108856281327
0.6198429670623097 0.7669106573610438
0.4463841196373366 0.44938291974814426
0.5034927609452761 0.45187073831678615
0.329890137937058 0.6125686553146508
0.7931705422800647 0.37224899959956914
0.43466618730006923 0.5420734787322179
0.6080462306726108 0.6436783362500443
0.9141914301091124 0.37417870106639306
0.4403758302195766 0.26964250285776736
0.3303965756399583 0.6520543489876841
0.3129173804480283 0.7759773272741339
0.8464213538507401 0.42353399131047875
0.942579998666077 0.36881276915084915
0.634678942155225 0.3695174565299041
0.5234686281435572 0.5684859183413185
0.6294442665906178 0.7768545973063755
0.6676390296068209 0.8099128422669177
0.25190275408261875 0.5033042830398556
0.5531159064011716 0.6429766304124306
0.46311205704095404 0.5534351282766101
0.6119900012450761 0.3690444890120681
0.4313710021017704 0.5584035687568988
0.38394640982623274 0.553780523592449
0.3745023759435002 0.6569570692136057
0.1859194753159954 0.3840172328571655
0.5607911148634246 0.4046439109219676
0.2778870202876935 0.48368934469741776
0.34410174178530917 0.5648771489992802
0.666737582947715 0.5121885559779944
0.48932477998181434 0.1326349142263159
0.3063175922293533 0.822019936710825
0.5687133207462653 0.42045762067468784
0.4662155566119063 0.36264162203666506
0.8560478471815465 0.3909259522732016
0.46348393769476515 0.5462233197056872
0.7513759448934825 0.8304814283018008
0.48568547752982505 0.11743950070827802
0.3770947368055867 0.4421496132557171
0.38746871732589083 0.7308732171718851
0.4473430658039105 0.6719401391744534
0.5526387676204522 0.5012700242337459
0.8111577644103 0.4201609820817441
0.718721703475791 0.5186133827116023
0.7505036218618049 0.8225424188119018
0.4009402198416224 0.6632457530106279
0.44532530640813583 0.4139352438606806
0.5635309716077479 0.7221970198037455
0.4668026202624951 0.38027234852026426
0.5540902283173595 0.49638232356898104
0.3697020644041863 0.3643610574534679
0.5465436119921351 0.15262796043394455
0.0703931648756636 0.368045125437485
0.7305468340148121 0.4121227078643823
0.6030462458165132 0.4939254661407769
0.6957285240791559 0.42378172143610904
0.26080826020283987 0.3732372001594362
0.43619104672548925 0.3745321640429615
0.6730696426664594 0.5307330904302684
0.2755215870624109 0.7973140376555607
0.610199502629709 0.6536397361097817
0.42842282268520127 0.31604534649856997
0.3372319400228535 0.6733832725709572
0.5298774862358362 0.5947204520552227
0.5429532073716538 0.6814279965779463
0.33619850197098045 0.5526750375036905
0.5881028189381796 0.6669069973977229
0.6000966564384721 0.6085559554606803
0.5407409672249041 0.392881314595231
0.11442287258993156 0.39301546731202497
0.30244921018330473 0.6579009489527733
0.2389466315001625 0.40143568366358884
0.32964320108517353 0.3598738672759726
0.8662237581197704 0.3512738850113679
0.3723949642763489 0.4309427471149916
0.3618320640972448 0.5205372557644103
0.46027660362670675 0.285954139207662
0.851473135720489 0.4351961176623842
0.26629226118157734 0.7598199089629546
0.7037571054586302 0.6648651758657488
0.2941501008954902 0.7022174632714027
0.6464942543385261 0.6401787556266517
0.6498564287348676 0.6260795686464479
0.5118128011865302 0.3178892721214568
0.3847691354860634 0.6260607892268892
0.6275567560408655 0.6744778397190012
0.4947457774375894 0.5266073036795638
0.6598093047089145 0.5306716974981255
0.7231014229523416 0.7426428142262068
0.6537431521952358 0.7133989976420195
0.32741942825454373 0.45728715037818524
0.23901243875225997 0.42593526963485917
0.5981542404288024 0.5656846308249031
0.38031512022971403 0.5397928749341121
0.3856906867419958 0.4464975228716558
0.4575728680966401 0.4283139528129063
0.23941136992115664 0.42646570228537617
0.648977759731709 0.4735580236140514
0.47015541318656306 0.26444672013550796
0.703814656342733 0.4636346608699098
0.3129879307484774 0.6583021907768973
0.4153230793571897 0.44532453455961796
0.240570455679065 0.3732358012393142
0.6140198863451286 0.725635776067973
0.46371820980943945 0.5549602542106562
0.4950895420662288 0.4551140781685289
0.2640879462684178 0.4389759340540954
0.8249189428558202 0.3922734360311382
0.3976084737208143 0.44957277304595145
0.445081143509212 0.6595062305735099
0.5676058010753212 0.30893392820510035
0.5482786664582805 0.21941398476270801
0.574900582114928 0.2635702397619296
0.37403842688090616 0.42677525058075516
0.3730631920066403 0.5888781465145909
0.7356180272009967 0.8463376990400634
0.13013618856831288 0.3685090084456045
0.3133670829128602 0.8180063136228533
0.5005454311832871 0.38074832958050386
0.2627906034813927 0.4678052751012227
0.3476684612665082 0.5245843727718634
0.4280630124667656 0.7427230244892207
0.5443555998357176 0.5555718469048164
0.2046799763119671 0.47297129695446527
0.65097869678432 0.6033652134840224
0.32759885456394355 0.49581543313804755
0.3890243512178375 0.5359835858273848
0.6278875103797832 0.40359250787577516
0.09350897310483286 0.355333531242618
0.1472661772212619 0.4111901147758156
0.49593392399719805 0.6582298131054991
0.48000681688120084 0.6377481277776761
0.5115480215983141 0.3029730924998838
0.16427322262780253 0.40583005186962184
0.2896488130815711 0.7539829824674789
0.5016528339517787 0.387819286228692
0.651600932144908 0.5581244467634756
0.11101041837781256 0.3812587735187174
0.13120198270134742 0.36268743205886955
0.2407830704511268 0.8142080191429174
0.3741122281988749 0.45267639734003184
0.480749419851643 0.665456821346274
0.6731383433865171 0.6114358752194198
0.7792632902568517 0.42890473923776873
0.33066515112868866 0.8093969471614684
0.622563003367545 0.6772692968201228
0.2545254790729268 0.4464069258166947
0.2406520246713193 0.48510552592756173
0.590978178248806 0.6540600049905592
0.5195106926119707 0.16731553253672315
0.2695023425268469 0.3658268402924867
0.1859566580646631 0.4117523583127273
0.35623036386336804 0.4996582791226335
0.3394671158559033 0.40056041700487954
0.5207283464130144 0.5046893550421087
0.510247258852745 0.21982337253334205
0.6534675133589739 0.58877116299736
0.49850395181162444 0.3016124578801167
0.6255229333081022 0.7458229198112448
0.4691483744838777 0.5832661914551203
0.266637813542015 0.5101119696988471
0.41902058602160686 0.27373973068282875
0.8537365870809364 0.3528913142309782
0.3923464332846295 0.6266206114668756
0.8049762030438878 0.39610446591157034
0.327281257069302 0.5253726836145495
0.7848682385293818 0.3991319695319049
0.550573525538803 0.6978078651912828
0.6733644952398162 0.367358846866928
0.452318266589108 0.38589907384726985
0.26304958322090144 0.85400222502023
0.5121611722555506 0.25116491234167126
0.5180201738510452 0.3029941395268031
0.7030074204095714 0.5142442213872849
0.30975894821056915 0.7314356700599284
0.9439525644559997 0.3530253303779387
0.6121729381823802 0.5349851895579174
0.5915651414833983 0.4553723495343156
0.41355130370509974 0.4362328005849718
0.48911522510640804 0.44872974738911764
0.6186670057409709 0.4721481348230898
0.3120857340451898 0.640271370301098
0.6564631535932263 0.5010432598069962
0.663700690958588 0.6828868588709754
0.7508960403315781 0.4542399775978746
0.5201884453751657 0.5939590379718518
0.30746432514656996 0.7720485975236544
0.4362090431387715 0.2275471245311117
0.2611795093140188 0.4254114245217583
0.2156427876958592 0.43300372545025034
0.31468069852936076 0.7954094337646044
0.49272820469056844 0.4839399098028466
0.49111590920195547 0.12120876091318755
0.45786798696443665 0.4617411061767531
0.5826944945272621 0.4885954761415311
0.3959217092670021 0.45597205136328245
0.5413174644274269 0.3335801155987709
0.3818878313916354 0.4669933592144766
0.5374124151955277 0.16937232773188715
0.7281693765439002 0.7142130387645328
0.46887306504693593 0.10939798417469249
0.6351415118958377 0.7311969767530986
0.7053595200081958 0.8208562051799559
0.6701078224577157 0.6161530528401639
0.5336907056031173 0.21367920660039075
0.3834413097887839 0.4711632737387976
0.41109366970934025 0.45018898084433623
0.6069746693964985 0.5663634944562215
0.7604812122121609 0.3726924760650133
0.6587767929595842 0.5082003391266954
0.3545478105065274 0.5253380930816967
0.5341258499473174 0.5862039581761355
0.5685122631718783 0.39877876716114
0.6150836447031038 0.6800123254556487
0.722393742624509 0.808058898533921
0.2983637517984965 0.4748931012315528
0.7706117810773938 0.3938474670426121
0.648485852193583 0.5812309742185828
0.8570335000372967 0.3963200671612077
0.3462818482736366 0.5085589025780632
0.33397047215379316 0.49233491398960705
0.33250873568836625 0.37222615956002714
0.5601939051835456 0.6106510666749778
0.2850064613890213 0.7700539259311411
0.6426122286861781 0.721553372425994
0.7878973605330143 0.38841497927314683
0.7723639434563957 0.45277472220350234
0.19973760969013032 0.37420438708881687
0.4935321256319034 0.27268616577429794
0.5127464946143012 0.6297738930280636
0.8677008298510834 0.39216786931089165
0.5466132362946264 0.6833655366679572
0.3394944712704666 0.6540957263597625
0.4948789078316298 0.4736766771106592
0.29333454813858506 0.6548928985416469
0.924343664690357 0.3744632825926243
0.7146536622310058 0.7737205652924476
0.5181265049108545 0.6548364119040023
0.6166130496608567 0.36134626050456
0.512753941058553 0.6231726034621741
0.34531817570315226 0.7424994938401346
0.42014881408567695 0.5194250603847116
0.5413334334025143 0.5866060668471338
0.4916738778517503 0.1130573979829732
0.5007838379782745 0.38570286665630227
0.4696065994734727 0.19773622808695035
0.3968745154984924 0.40904481003804827
0.49593970367780926 0.48171109156181746
0.3437833449953017 0.5191269614340951
0.5202343441964938 0.6957765934669664
0.5444894445957918 0.21029813621399263
0.3238837234892812 0.5893915800765851
0.5875959800934352 0.34720192879692524
0.3208647145236502 0.722724212348028
0.5515644402090168 0.5311166674086056
0.32165595677399617 0.6121408555691427
0.6494568018241401 0.6314577883611767
0.32142107816452004 0.5738825917676419
0.7907251929886938 0.432388847595203
0.35617050379131576 0.3541762419194291
0.44900057320701947 0.5583486312138475
0.5309347486556404 0.1001503027605033
0.37329574917486863 0.3945341075497525
0.3023988867680605 0.7083167300295066
0.6651553581441267 0.5883069929624531
0.5297488153120669 0.36166821745276245
0.5192508873080192 0.3332186647339578
0.6697961648397625 0.4127876151059393
0.3634213103249867 0.7333073468935428
0.19346373619191037 0.35391587592178586
0.2698760764007424 0.7657829847100288
0.8033420287822207 0.3545168625836278
0.5328813875445074 0.45011057447258407
0.42783670189965306 0.6271009734496381
0.5054501542372801 0.2167205410168498
0.25779650755277195 0.35009173693900697
0.3858003659565812 0.4722602354539863
0.3861633430846917 0.6858046654411637
0.6876358275121212 0.551312461707597
0.37844341005412474 0.5072423252449787
0.41417666451558 0.631537492090323
0.5238566783756247 0.23777305838464324
0.5130742981133692 0.20592607064891766
0.539734397528999 0.41494352632367215
0.362289691331823 0.716903453135346
0.383542020374141 0.5719464255135698
0.4769265549236351 0.39966268431958585
0.21383112792302916 0.35338926559150263
0.4797748240443711 0.07063211519783241
0.574692074905523 0.45262780708713835
0.4495181812012483 0.6438934851908741
0.21815067592688453 0.3684292875769394
0.3613380290946573 0.5627779673524153
0.5445521547183945 0.6637270779238561
0.5648845048477853 0.28804423997890416
0.7149004142417308 0.4707329289185359
0.6982949726927127 0.415824921027767
0.3658746718735365 0.40674629739376733
0.7826528759738357 0.4167397051085452
0.6860330888967123 0.40131919910976144
0.37706777790311385 0.37075755055496695
0.4591784586776969 0.1651133452264829
0.2252680267684516 0.4437672300730683
0.5296935856474115 0.6282709901345651
0.11768209147670194 0.35954587774391134
0.6139715748437803 0.7148626397763208
0.6683189876266521 0.7044473700466005
0.6238114845911508 0.49963217880562594
0.6367629996349429 0.5623036956361285
0.4600430607924455 0.6948750838828798
0.4274521983933858 0.4664560281637393
0.6080125312456444 0.7451492479610066
0.6167865742507731 0.756240784262158
0.4248902492576835 0.5327196842553303
0.3678965174453519 0.7465503391205139
0.35810980944057513 0.5132922451868791
0.4839070778093627 0.6948127752082957
0.5513049491463827 0.16792781579350657
0.18761816187237879 0.40002314126289085
0.416679549159541 0.2998943444281975
0.5038781431067498 0.23987466597982787
0.6457031200470311 0.37107246947135286
0.29137237871930277 0.4227920405541058
0.4650270056785285 0.32826400826107416
0.37897827376659077 0.513577429737821
0.660764033170486 0.7767644164754473
0.2844507667876133 0.7301210522408178
0.4267623024219874 0.5103370395556398
0.40378448073463724 0.592994370576075
0.7283843387497243 0.35730165908575473
0.7840527918074365 0.46044848159320795
0.535993260409044 0.4866275835081383
0.4868095946947478 0.5014406664626028
0.6692306012590733 0.7225651023776696
0.5501365198386305 0.3354349747269044
0.3377381375008368 0.35826518853695566
0.32535654191975183 0.4837463751411962
0.5429277859112628 0.29886410788211226
0.8594248680197168 0.37605640610690716
0.5568796140217678 0.48282859288878066
0.4023516236063772 0.37344076082137023
0.15894474040157236 0.43391232613831054
0.4851214786496695 0.6636576128518666
0.2836481721132129 0.7578121247002086
0.13110521609552717 0.4205353728939971
0.23450693928138422 0.8721614025702782
0.13652668709131344 0.38966920015078454
0.5518622494023655 0.48380129122784643
0.47970479285467205 0.32590472648185664
0.48830423672384793 0.19083747360469971
0.32739608664548336 0.751207537070793
0.5230457263291703 0.5639848188658769
0.6418827360594167 0.724646400290451
0.4169360396767966 0.4405789186268364
0.6456252191111083 0.739051555302814
0.251764417655714 0.8313000313300057
0.3177118708668365 0.7683572830329328
0.6257065424725508 0.5334706153906832
0.5992071969371973 0.33755434138789164
0.7509689974398108 0.7793700914203915
0.38954280872619496 0.42956562556234656
0.3337251233827744 0.7508114206662747
0.6258489484772227 0.35391716373639814
0.4293057701979952 0.5244817286671984
0.26210231740704826 0.8432144808538246
0.21363760898906126 0.8898271589662072
0.5168083807542108 0.4988927389285225
0.7743617147977643 0.3844827058637853
0.24495892992236856 0.43790217190979563
0.2873949588402218 0.44462443760834247
0.6081986904132491 0.6077605789574517
0.5410409194696816 0.526454583900256
0.31271109680926634 0.6819083127407072
0.6874845954846462 0.48317574181424694
0.43293427677159513 0.7145057299170804
0.5628500396476783 0.5517578870916717
0.08096205708732351 0.36204446277501134
0.7537593629903901 0.3908018762365201
0.6764986723487298 0.8083327362756818
0.522496248157614 0.45721172699966883
0.47111450495214957 0.3106964270836512
0.4063060771400283 0.7501724616420298
0.6438254517910372 0.5546284922521135
0.44928114482165815 0.2965497145087336
0.6634434289134842 0.6189457836486381
0.34367155324337484 0.719118358926731
0.4539944958545298 0.3525483026637979
0.914806733617987 0.3803080936388643
0.49034878856906916 0.18967523738758774
0.2509901097801611 0.8444867622555688
0.5859217390224492 0.3546528023354979
0.8457296203443134 0.38495484251199963
0.21275133461209006 0.8906594678397027
0.7553014460255912 0.40360538490579323
0.2327651413730074 0.36855339020434363
0.2751569175930606 0.3771337595220785
0.612314413445731 0.6022234296947548
0.4994149161559075 0.5902860168017595
0.6714833906051968 0.702605794394135
0.24051546233519516 0.4197152255484218
0.4612572747380449 0.6969386716505562
0.6011033689067989 0.3947202604453959
0.5862751308121624 0.7535545792617407
0.696046014307518 0.3858920273847023
0.6427393981599672 0.524224388171184
0.61861204259312 0.6313825438377019
0.39574128691626786 0.5978671650088724
0.5199979791564817 0.5425183343562466
0.6577807975264889 0.794399493261606
0.31426773408690534 0.7482289744225028
0.24370256383844868 0.3828436142040704
0.8002122255170548 0.43069634131578216
0.4109772017945196 0.3600391472078637
0.41790974051330687 0.7188244112431201
0.5297676722780972 0.4926746612825721
0.4179730186233104 0.595519499712418
0.2423897570018707 0.8183159804070808
0.684744995162985 0.3849975237625861
0.46647306453209925 0.16984033789755493
0.6236579895250275 0.41585415234941225
0.4285908682316092 0.662897206296577
0.4228119602662106 0.42321401740196474
0.6877476995048923 0.4583130525966779
0.5733081983636727 0.661526359262012
0.48981082501925577 0.3165831110289825
0.7072086474003646 0.6776046820513089
0.5035668370125488 0.5059964165512008
0.5706190227017711 0.3192767767949686
0.5994734551895853 0.3998271249480284
0.13510247239141804 0.3861398654528596
0.3360120291244638 0.7327046782161653
0.595772566059394 0.6115547714755968
0.9300680628841684 0.35844829081433827
0.7742668441055518 0.468127745992017
0.32661570459875533 0.4583319032938703
0.45189765584035446 0.5990141327580507
0.12201601368790993 0.39321258966331074
0.5844695033287951 0.6163632362051646
0.2688680505480292 0.35141506280310697
0.5610824882433554 0.5842641359775135
0.5169301835937361 0.15567158996199437
0.5673903365241539 0.676566976059848
0.7133946174171759 0.6591444094609644
0.6404592495940903 0.5504270407243228
0.615588485227169 0.6687661778356221
0.368981834713087 0.7363910812251525
0.5305392884789548 0.3874397261237499
0.2517418614265855 0.8615642533410908
0.7391498786488286 0.8159899583576644
0.6826160259037388 0.7168289068154416
0.6055238641735855 0.39715476973959873
0.33205678268466376 0.4534805267401243
0.2977833958328525 0.49705703042881944
0.36259021821341275 0.6949426193227707
0.9025926677482904 0.36676878926618794
0.8118367591147511 0.35453742813105527
0.4337300619660942 0.33707558130648063
0.7378989774022083 0.3942623162815605
0.30046755300238537 0.6998762053076387
0.4520000324479545 0.5445435251685199
0.5244902716474451 0.6835943417299463
0.7171614397702805 0.702730760560052
0.41726659190976956 0.6002685021521805
0.3331269690926858 0.45296441132923115
0.17587868734694156 0.4466707652907421
0.2502806345978469 0.38692029571507713
0.6500376093161441 0.7833889394726338
0.5893191408998996 0.7081098062460977
0.28141878993696867 0.7730090714492137
0.5947898269952829 0.5880338682363794
0.09012568406150334 0.3582111021429648
0.5567929578977489 0.44225433937527603
0.3054049408263526 0.6855512917583061
0.7322761721023346 0.7421606307493137
0.33385272017890877 0.5445177519393081
0.32865926193108275 0.4132229732266972
0.29752534181724766 0.7784146745645164
0.42717220887776386 0.546870939005754
0.2291254908961089 0.37036217790004655
0.35332738371100036 0.7244585836517333
0.8368628997652073 0.43223196183347945
0.6703750563982479 0.44271409493241787
0.771470238931309 0.471506260898228
0.631830470545979 0.41456704844561665
0.50336435140334 0.22781777882392018
0.49147243492236103 0.6238484537771997
0.29502127252630794 0.7357916677301997
0.2413182479950441 0.866930618286046
0.654146078015504 0.6062746876123726
0.4774819889399974 0.26861255736834233
0.09148242277398988 0.3807889301803744
0.2397778568000829 0.49067367864641687
0.4968563703976774 0.601615408441904
0.3605955261237428 0.5002062658695084
0.49704611945303734 0.5519151533956891
0.42459019300872924 0.4469737695805489
0.45057313465505155 0.656051460053804
0.5085166433433957 0.24719744841043256
0.49862079734770337 0.485009501671293
0.8780395820013909 0.4074107716791805
0.40408091122945344 0.6944259074761922
0.6986354345616443 0.8115454002052547
0.45011764978598245 0.6200033794538959
0.6767281025133771 0.8105250252069636
0.14340524113882425 0.37334181501932096
0.5581331497716554 0.3850951709933984
0.33609458064984543 0.43098538762340066
0.8090529788258558 0.4546855144800347
0.6303529448008717 0.6983635872447321
0.2581993259350016 0.8456121247689542
0.4191493771884911 0.5395320414078579
0.3828188112302633 0.7115938923143966
0.5363878846977015 0.6027877889969322
0.3651197370428543 0.5656486707465053
0.5685695702183833 0.45873802240367656
0.4222322229994909 0.26451549009445874
0.3548592156489525 0.6447082908318621
0.3848448081372291 0.67788091752945
0.3120205103402731 0.3496438457424108
0.44827636206612764 0.41263984944805965
0.6907356886262089 0.36543049698232266
0.7095791168302455 0.49761209529355865
0.2914917054398961 0.3727277122692205
0.3941907459510501 0.4046616838193279
0.35371223716128863 0.3466141361759163
0.6008564262865924 0.7485799874813772
0.5120342066323871 0.3265336278427683
0.6565818140741849 0.5765544342374797
0.8744130371736399 0.38947706932024095
0.6964231653468335 0.6361218988579947
0.45158375287367125 0.20503533413967945
0.8399766613086521 0.37019842587308904
0.5346073910993517 0.2477677643302998
0.5858694889533347 0.48492529899331505
0.25313861871637244 0.4625994485917492
0.5520258301661023 0.5505339159642033
0.039403707540405675 0.3488782359629704
0.32561416856505687 0.7449480703316714
0.41570306969359216 0.39953657182889235
0.39002805150264075 0.6755128719522498
0.29392826342923595 0.8107160916406135
0.8920360705247788 0.3489443194482925
0.4742520329981649 0.369585506164532
0.49649725526950605 0.37798348972943807
0.17749462187219323 0.3922270551804371
0.5474514136372007 0.6890612264361335
0.7496744922974626 0.825131792945735
0.6743164593536282 0.7279409143054593
0.3789331025928575 0.6928886173640479
0.43389340615430483 0.5965030111599839
0.8769476709767595 0.4002291037016583
0.19340264236353288 0.4610359964089794
0.8098962683137911 0.3939771465677463
0.45233022603015327 0.5291715686019212
0.6448312728158418 0.4237442476652944
0.19478788968716954 0.3557133509250173
0.7632020906257573 0.46008231925682597
0.35213008303251947 0.5261857284294502
0.712226259689045 0.5132953224830217
0.5121675157915432 0.30117693875172546
0.547289376037939 0.655543749781512
0.7591078238820735 0.49304213838561983
0.7782650507274496 0.4121377397476237
0.4326354799468085 0.6901233595646845
0.5891171140172131 0.34989742486725195
0.5340994752111184 0.5669933080224645
0.7337810349175603 0.3649389639632
0.568677336746611 0.228583564714683
0.7033777774552663 0.4911970716262495
0.5570818351189015 0.45007713810085614
0.5269487971084243 0.46251375319093935
0.45561273869173435 0.32523036480772294
0.45379981613671716 0.3114858759239889
0.15421310647955844 0.399569377290661
0.7308076530598846 0.38623348330126717
0.5478004601173585 0.6595912718934165
0.2962654234543127 0.5161405474240244
0.44891850121085664 0.5492247081090492
0.5173655104676677 0.5464252636102528
0.4804309518746055 0.6400055537708593
0.5070628599968207 0.6119821664742777
0.39493399160588005 0.6334943946514566
0.5085828936602994 0.3879235546178217
0.5769605162552299 0.49050927769892005
0.7025828494728472 0.6534771105207363
0.45013328195058766 0.33779178774778473
0.6516978305346247 0.6274149969444044
0.24994163227100608 0.37532305289214496
0.26292442525321513 0.42877339257840075
0.6876296010391882 0.6561016550748584
0.8844412544318794 0.3541633028494595
0.7205521803363488 0.7879353134725847
0.2722531250905148 0.780225199622024
0.3203541547042783 0.709661361695311
0.25376014263982727 0.39579861607359423
0.3297657418873644 0.49950935661977547
0.7309172666837864 0.3642270852700198
0.6617863729498301 0.7142681706005813
0.23940974151001382 0.49502736187268037
0.7564689295336617 0.830675324781359
0.4470199095352698 0.24007873411598457
0.4940752564136406 0.05122273654044718
0.46039284929827606 0.4094700326901072
0.4851483157455424 0.668145569578166
0.2757120470417419 0.738178437467
0.5836553430037644 0.6596579975696305
0.4888512898138113 0.07500853929477658
0.6813956506968714 0.42634546083742064
0.2873717296572673 0.8348253663088859
0.4742308459461584 0.7021155065446806
0.3586063296687625 0.6666847312449322
0.7282820871010223 0.8502812527859105
0.26733059350002264 0.35113058428561084
0.7905697730173159 0.42074923527779684
0.4269959905661175 0.3647929458192378
0.39264807403872726 0.5370689221171301
0.7976525288614051 0.3705157789243926
0.1642825866607801 0.41595411772456614
0.6332333306325347 0.7121939791260863
0.6471600906439015 0.6742694833710676
0.6029099577484998 0.5827110231868653
0.7951649365612601 0.3540680193731278
0.5008638584037847 0.5824471039805594
0.7319369667779593 0.7230944746255157
0.2971787245393871 0.8267160631845564
0.641455116242826 0.7823208549270497
0.6163376493758425 0.7382809525856474
0.3482080051791976 0.3959118497801175
0.44061654140182704 0.2541355233382169
0.9227893593511214 0.3502451637988253
0.653656177523096 0.5982594217663679
0.5050569764252187 0.644627367093956
0.5579019208221861 0.5323906676387223
