2 1000
0.21652751325309605 0.8669892624742601
0.2213326233469488 0.24998733571551868
0.8114957382020335 0.4683434448129644
0.6280992548816831 0.006681372561534116
0.38577802423904306 0.16076486404390633
0.5459353695101626 0.7768977024766753
0.014813440541020073 0.956843330368182
0.7583988954866112 0.6477553496747611
0.15252936787968263 0.7813664983311629
0.7276304128182115 0.04908396655805103
0.07293607647300149 0.9799848122752657
0.2011685420883068 0.09093664741934937
0.6864984691500794 0.9464725012048403
0.19465787079303465 0.5561283648275059
0.8280802416896675 0.47795105897186985
0.7432451636225934 0.1586372999617387
0.07109054189278907 0.7718267109149156
0.19694120681535543 0.6711671620699725
0.3051125709046516 0.25289443052908045
0.2350317388256924 0.2721065321574899
0.6222077605830449 0.8605544590675736
0.2178897819202159 0.7016517475283532
0.01844045091450419 0.7469283530969119
0.9408262512959947 0.8940762545403016
0.28277180469456575 0.08659278970096806
0.463765250430624 0.8283790107518333
0.05681718626822263 0.6385835516486726
0.12677170213325917 0.8146824896344591
0.15922000121583146 0.32421652720872973
0.9171531520252818 0.8550874865869195
0.5372544213790065 0.08188034240120834
0.018855840619721898 0.7858319797474704
0.5319922520173516 0.9936127661482471
0.1079975600035622 0.11729443394697625
0.8376199580295591 0.05823295615041879
0.5752297248807433 0.7617758753552745
0.01509141860656149 0.9267115840643401
0.8024267081674833 0.8630406272885358
0.5797414059671541 0.240799052141336
0.6531350041786362 0.08830762741103437
0.8335320956901892 0.607932167317952
0.7785346649175918 0.19440068874504368
0.5702363787829955 0.8846444031506824
0.005193213817160536 0.02164170994113268
0.04615874388966079 0.01738810857590245
0.6692044955159668 0.3233803930987855
0.814140647809706 0.08072767351658083
0.4857936177818538 0.8646585304056225
0.13073890133829769 0.7419282507277168
0.92226042112232 0.8200953969750755
0.724679950134721 0.5560509651387853
0.8110662280282418 0.9164084013355706
0.2889425489482347 0.8593300124082555
0.01272080259949071 0.9655001089377919
0.17232613869754487 0.29557894677061913
0.16878531513351092 0.24885314550682514
0.6196431893171866 0.3145478560997701
0.04297791356188818 0.5623150476663215
0.10593243272981845 0.6044635284708153
0.5848069967705345 0.9339323392547436
0.08667584565920272 0.08273239028978696
0.9115096351397596 0.33073316582159706
0.7640727767284803 0.9649939366391753
0.8347093554167707 0.24405027508286747
0.7754495529141132 0.09623162195791302
0.625591939462885 0.9972595101873706
0.7490594002416342 0.9483957128574474
0.01308850498038061 0.891473654222463
0.18181375573163627 0.08668216191998857
0.7890839970205579 0.6434863296038139
0.903120939852738 0.1874222222829639
0.8257061125195391 0.5077025979037515
0.2653225972328265 0.027162228869325955
0.024210009321339654 0.3443324101204479
0.5642576544130198 0.04492611118433554
0.8707095330757234 0.31977320952929766
0.7120981545556372 0.14372072529716995
0.5299040742004929 0.8844548189032322
0.9144717400712814 0.020219446665760477
6.996993746474223E-4 0.530086729926574
0.13574927509653378 0.9150083435228308
0.042568144047926304 0.8665184976099313
0.04526611126162705 0.8918403229094711
0.9836073212915559 0.9862124096436605
0.2687672191668088 0.30014482357340955
0.9399581588648176 0.2126864364416733
0.18704720534990726 0.27238554552632843
0.8269875115707623 0.1708308015817579
0.8367594133285905 0.5350570873367113
0.6011059740373882 0.17154901459154337
0.1721732217833044 0.8950372934075703
0.0772350657755485 0.2450657749173244
0.961601857006244 0.6226117501897037
0.42727355850464055 0.22018078043840228
0.21163885173717056 0.02091170848976387
0.8461845068548672 0.7300175920034643
0.8320871927506389 0.006332357279125511
0.09539793761336679 0.8635081147229497
0.19397416727534245 0.9586131493687594
0.1290666596938067 0.7637206219461461
0.4490121484492332 0.7626725091714612
0.7547192458218733 0.9595194574462281
0.9774474159581561 0.04398918318428724
0.252289509456854 0.6855083504196142
0.802234755310949 0.315043825719721
0.880048329143914 0.30375500702501645
0.3982154965708885 0.15163316858626352
0.5913193707156252 0.10161608739292671
0.34539972911492745 0.2684885656391959
0.2056851280333084 0.344545110558777
0.9276346671148232 0.49442658800160433
0.36205441133996474 0.2329002745021761
0.5184181646699405 0.05026346586149166
0.8925369104258749 0.056394701868454744
0.8017049126294742 0.014323632210555326
0.2763246143577728 0.16118848327315716
0.3565801030823602 0.9452550247842707
0.521497079183581 0.9652965913503003
0.2769130885726898 0.9770940154584297
0.4593338183281649 0.022843227050869164
0.843888420476397 0.9068075695981488
0.8662879596501776 0.9089464551135333
0.10960586111773785 0.24128501256253887
0.8563775008216531 0.021081353584048057
0.9020251529763301 0.2009733804398327
0.8872538473641592 0.3311513317383552
0.8410100226471846 0.6937117738853142
0.7887490200592252 0.8196500694335543
0.7484689650271248 0.22668506863733728
0.9869660594224869 0.9174056923927167
0.6761716514166954 0.08096227274285428
0.55804545978623 0.8173472742681173
0.32391215273726603 0.2732067117537984
0.22223378775439973 0.7678686556525938
0.12649091107333932 0.2559875391865891
0.46366259294600554 0.9598476255482392
0.728421292557822 0.9766025817334861
0.39061638676555643 0.10211076723620016
0.41836317307841675 0.23002962093355306
0.10407301875462549 0.8339954372540197
0.324671291776782 0.8186865272090386
0.7916327392960489 0.16876038383650704
0.7181168839017233 0.8843260911937524
0.9878430256920399 0.6191964516226772
0.17744693947708878 0.15643823993952777
0.6358896157172801 0.9970174907243761
0.7520022610935602 0.03566578165395329
0.8444130059137993 0.6461390431354915
0.856592961730275 0.5106307238157277
0.8314985879220187 0.6973784069575755
0.19887583720058133 0.03582316340741887
0.6865811024834949 0.5564643227674206
0.4027139831519554 0.13160361844464652
0.8831984194253153 0.4661667998710217
0.04358453437497567 0.707680226667081
0.6689053226383364 0.8862506368956516
0.18271301682813845 0.10292745361837008
0.3796784453177555 0.09292136305167442
0.8647020366253986 0.12404565908673049
0.7518831537297864 0.5415325376853698
0.8000248691857185 0.5636790680367739
0.629415678143931 0.8995033058239504
0.8736959790047071 0.838906723454159
0.6413293066578124 0.8250050925862805
0.8034805905682485 0.1254387428988285
0.3141746550274461 0.2783642374900721
0.056802918334527774 0.7980252863347049
0.20973933738108275 0.6130870610617329
0.8343351057920358 0.7590496223666937
0.85220897794643 0.8130114634758698
0.9558670218370311 0.6753662168430921
0.5810646946436537 0.10997552193131677
0.6695616469671996 0.8297789192063219
0.8522439810774115 0.023432907418168725
0.5854018976716601 0.25581489207945307
0.40557243161654744 0.8507637124271453
0.044649961580600084 0.6004680711661742
0.12207104112759881 0.9136342000610155
0.9850062850442741 0.12382838776137861
0.32225767098356095 0.8207188909041897
0.6367241171968095 0.053912292583522925
0.1633178805563129 0.4671063350797854
0.247409684095525 0.8754796355029559
0.025768925033210932 0.14005252123032852
0.07203170401285874 0.2512939650862991
0.5010334685875905 0.7853832560298242
0.652973906883396 0.17530445651313387
0.9605279495335545 0.6683341832955481
0.0242838215556348 0.9630344899667328
0.6493472438027751 0.847629000568202
0.8344939272969482 0.5786797569322961
0.49492287051165795 0.8400359246675339
0.6866772979668155 0.15124713589979655
0.6294214831218765 0.9050112101804797
0.9796600054310419 0.04892605602252109
0.148913081050289 0.27321120620746053
0.30054645553222725 0.2541085913825074
0.6112320936842321 0.28939938864062964
0.8875809734723563 0.29507787298054056
0.025493941073920334 0.0413432515647576
0.41468694423707764 0.8374229645106046
0.13903248538023827 0.4493622977493572
0.8474715036857546 0.501634996303618
0.7127477341934761 0.19022965019981053
0.9952378436963428 0.07641608791988375
0.00986814071333375 0.1967638730838106
0.19514580107680413 0.7206665581576215
0.3899020406561018 0.9674139138031419
0.748663733635861 0.7321803321390207
0.13489871315613744 0.2471375355209967
0.18570470071830647 0.6999689149882267
0.980742212495985 0.5035571496064416
0.87386475294932 0.7211996227444055
0.2244074596767308 0.763662828791888
0.5492096613775702 0.08266509432155178
0.1305489737503871 0.2518407036212761
0.23752173416352862 0.260331326926334
0.2702367724087207 0.9295683349176377
0.68965913835403 0.018618553436267393
0.9584938877409465 0.48672682442587123
0.763124665179221 0.7881756008831173
0.29114898839073067 0.9402000153356659
0.16988415402636892 0.7810981199062166
0.21352837182667928 0.26244628039485185
0.6443806664496593 0.9562414883897563
0.9649595949845258 0.37762205133347637
0.4927526034489256 0.8167023450568849
0.9453326843860013 0.42470751465714784
0.7974544652680137 0.14636928397286397
0.6365189973628533 0.3373688853355885
0.8036318882233257 0.9851023872265762
0.375462968459202 0.20455568487318943
0.33511945424485967 0.17709068912406611
0.6827994796592678 0.8619824343753346
0.05930327652990164 0.6310046816070889
0.06773009543619923 0.9435137530001777
0.9516543127249064 0.5649201178838587
0.25963955384287984 0.12472668261184161
0.11182709249451106 0.42271578090661555
0.6666473681126498 0.17112168105427017
0.9932531256184349 0.05267458600186625
0.039694653043359174 0.32372564857824526
0.41861151144692144 0.8380490655854581
0.9367268199660422 0.03498988907206024
0.09329744588135669 0.08445756514687475
0.41179299194810226 0.1445352590512261
0.076931081270741 0.17360472312233088
0.1729844733216358 0.8926331234362752
0.009527394197676897 0.10618974182805863
0.9528611065182365 0.39519343705888765
0.23659236458099187 0.9006564384045816
0.9793222012852276 0.39294934142098426
0.605716379464513 0.9315682680916928
0.5078898521261074 0.7668508502778517
0.26285349878311115 0.3017752768934695
0.10732405712465731 0.49871086967816136
0.04731459399179094 0.2841406737297648
0.2915652423492201 0.5397630159365727
0.05477242098349988 0.6387520754269332
0.8771636382717188 0.2704833015715209
0.9438550491200678 0.1725230794048479
0.8675519122634543 0.6833869992044466
0.012352171391414424 0.2807214741401587
0.5410564156802216 0.7359763650669522
0.5836429866423075 0.9523404522981659
0.0014890617977938447 0.5879830077048782
0.7622592406194232 0.6380166683070659
0.7357001679834948 0.14553914713603755
0.0831038422319138 0.08079259170505326
0.10757668401642806 0.8895328809171487
0.5618470998975764 0.1182200127124754
0.871044562614278 0.15775086489603973
0.578496722760976 0.8734586527172236
0.15726931131122923 0.7624209445455571
0.8705628383482904 0.15361353479181306
0.058494227963388545 0.7834174424051618
0.6182325822028172 0.8540637741785851
0.8469463524783971 0.4395629075354772
0.052073475655011636 0.07106991654606143
0.25514962509388195 0.9824195591263436
0.45578712464995075 0.7317286391227102
0.6728415892430422 0.8359357628021038
0.3517402973663514 0.841674003960755
0.052494274484131576 0.2235188877103138
0.7537714336096032 0.11435368075251895
8.317130821497987E-4 0.7460429470985367
0.796727657119446 0.0663021553486739
0.3981516832262423 0.13570611976850133
0.6015566446733808 0.07330502413417128
0.8620303710135538 0.8786947849287855
0.10541323752562815 0.6191667191739277
0.9144953245982037 0.5756424644349889
0.5164329117980571 0.8495481263692454
0.7033054961660706 0.17797933619678785
0.6008581797331457 0.24086174683336337
0.22504374406824612 0.08318105171311851
0.02985774228381033 0.36615546287075007
0.586417612935066 0.010414468032617141
0.09621094996846036 0.7459459029403082
0.1402645229499333 0.7864062419492029
0.6917295276385972 0.8532030071106896
0.6955410982430414 0.15527822518376588
0.5700019944374362 0.8704989081277484
0.7753065894811884 0.0015250886148028275
0.1924334434481051 0.24635381325060735
0.9329289755263805 0.3025256095141544
0.9231002188159249 0.2876561236934754
0.905211922461754 0.031872875892910546
0.4248802862239819 0.9486195177391876
0.5673578793792237 0.823629907910492
0.6998510846325111 0.15134180922531482
0.4383043806959388 0.8427217123853773
0.4408237008651412 0.9956954349366223
0.18443401530125625 0.9677178860712584
0.9483702410454395 0.566107911291133
0.06667589845769395 0.2982592125950805
0.9983755680400298 0.6658318482726249
0.6430458622852481 0.07522686221199504
0.9755127899224134 0.3578632670955677
0.35799996776580767 0.9499760847542633
0.10219907290125219 0.17142350546309348
0.4401883483261291 0.9339474341542078
0.04730835607356787 0.45798176888425346
0.559473978541276 0.9244782819798865
0.6896601058140529 0.21369978081614116
0.15686900465840214 0.9778195116348323
0.39656994739869766 0.8235169382573208
0.45213733035651005 0.8594767477180123
0.21731095755502594 0.5981281669068659
0.8744552980468183 0.7905935834013323
0.5877924897865033 0.22405992557156662
0.9166490420307695 0.41635640533532525
0.6945178898900041 0.2686592420925734
0.7483424571098847 0.17504793126425267
0.8192142970869707 0.1260516480395798
0.6074477898020624 0.22225779067441664
0.2055621658470913 0.48926226714772236
0.0956628713560661 0.27260372198188265
0.996755457714135 0.8190830758318371
0.7411357631754978 0.9369717703675473
0.9129549393986303 0.3408268886108117
0.28713924469659957 0.2775915614273372
0.7009744107887484 2.8483688916558503E-4
0.20537088934120662 0.8127852715406606
0.1539767857361679 0.2911854150629972
0.2827167472321437 0.2635242169069879
0.46604090544483423 0.09353534677700126
0.7989328260934869 0.6413491982757179
0.8073321305090227 0.8915766139154963
0.25118720206873413 0.23307452203597467
0.13281541773619288 0.6998475037361886
0.9475834959827395 0.40955626797817135
0.29596333996263124 0.13698128409567034
0.1411412778393506 0.8779596070230712
0.17331638682522688 0.6717887435694774
0.9652017155008156 0.9314345728341129
0.263029246770512 0.9571995527896272
0.17495265221349132 0.9335366938269279
0.14892868706503037 0.7560895992385589
0.9115325138296682 0.34533425889433234
0.8373239059794482 0.8723825209570376
0.7872262930817638 0.29906007423536274
0.8821489605989307 0.13745403634823883
0.7534342214878392 0.009657920230331962
0.8824049381496208 0.9654178461656634
0.06794638133762443 0.1058266583191727
0.22384195291331976 0.896937423150243
0.18162279544873172 0.27090889147276453
0.9147292388168822 0.11435060749361459
0.9467458164425819 0.8984091879342226
0.7248666594421117 0.687366066535902
0.08735609326616045 0.0012947238240670345
0.24787850171713532 0.02178220587726376
0.22586933897075945 0.6167008113144768
0.8651421617593215 0.9806471067072092
0.08724537543835165 0.9942698556906931
0.6006102725468812 0.9514048011315249
0.8707218066509971 0.23016836937708807
0.32639160730250416 0.11206618746669172
0.1775188470494523 0.00461536569428489
0.7511782536492648 0.5376342241433725
0.18108600012018605 0.08825676091151657
0.6751290672624674 0.8416240496618085
0.8609750497742688 0.16455129904127042
0.04123912779690342 0.30349477606243913
0.8649163777874154 0.17846207982513607
0.34558423943580574 0.828984490288603
0.7319431701453107 0.08285511552588543
0.8834187385057886 0.06814027181629201
0.9977708099371695 0.4047774842063816
0.8836137636346817 0.11439058100102051
0.1365443162290364 0.01630405364966825
0.20930343314647382 0.8754219769442834
0.16371176184871716 0.31101968858332063
0.4636956436279741 0.8236531438676421
0.8981342628033863 0.25945810325928964
0.8919725538141585 0.061339477244387375
0.7958268946505891 0.03161844405889069
0.8166398100923984 0.2349570019588384
0.8009556242381544 0.21155933797967708
0.209704276698514 0.6282695638956507
0.6399611755006432 0.9298137007254268
0.9148549893102909 0.5298096922421136
0.16245680418020203 0.7037426154261457
0.47786563945210825 0.7220422024428937
0.7596883362072001 0.04590633897983665
0.6024036429779734 0.9216834029934603
0.3544992547403335 0.22036722459971203
0.02310127826230801 0.4573542394818154
0.3660347547800864 0.04042744119281194
0.908793641976115 0.9784166485248851
0.9397850765587596 0.4301629309765167
0.15544062598330022 0.11025329134441786
0.9574586460473598 0.6452708104833512
0.5139594668446262 0.7987343238098423
0.20479515486548172 0.04288033331028396
0.19228965939325027 0.923082156247738
0.07578514757740196 0.10646544519029555
0.6116452145939899 0.05976662650310827
0.7974605470891629 0.7034219970289062
0.6260603777733633 0.10441158846415433
0.4783499619259298 0.9016739032154151
0.8485196997966253 0.7393850168399566
0.9099621148737636 0.14664940099253254
0.7228531260830863 0.5591123118299761
0.7900775171588975 0.9901804343792653
0.8990506999699163 0.1203630183833605
0.1359335160563141 0.8777307152073434
0.1620892054835955 0.7155767674019431
0.9059174756242337 0.16730092638939487
0.9993796910775468 0.7985151035898647
0.07538667862476389 0.6045696496164417
0.8897253322670892 0.3172095895071161
0.7118941859262774 0.11825459638476121
0.915034622062668 0.25873275410405194
0.1709429872840461 0.9433642602748366
0.9208712964248007 0.44903187309957726
0.6270380415555196 0.1390004294660906
0.912416836634867 0.2067580065917809
0.30586733833659163 0.2503333837812114
0.8053860646046717 0.6041465113100646
0.044426537954705636 0.8854126121697723
0.19143617350265696 0.014343558925176692
0.2170274447466225 0.498386552089673
0.7693574270057454 0.6565348266897922
0.06703890117925715 0.3313330504348848
0.052596938174957364 0.007674949502878503
0.14700486910131427 0.6500827460646463
0.6627277691949998 0.9623103375397642
0.7488579121156903 0.9749736528208919
0.05628626239355017 0.5390328598642884
0.06940309336941253 0.7443522584389684
0.2508274073310234 0.7398524634335859
0.03827207138749111 0.780898949901145
0.23879232306230358 0.8024041638401996
0.8598627963043899 0.8666292356086385
0.0604114437549933 0.14080864567559515
0.07376214666091763 0.2931497533488644
0.27344825710255727 0.9046675795267453
0.29594646276290415 0.15713299734629294
0.06040017624027838 0.40827768093394534
0.24288472807499706 0.08962340761476739
0.8846146670984444 0.2381218675259441
0.2702476520690783 0.27526908448081255
0.04141859609668841 0.47907536402805995
0.14427726821480968 0.6219370488061348
0.48931632584399376 0.9387400074504451
0.04885442160214548 5.007451177286848E-4
0.920892898059251 0.3265347929505743
0.8400482215714576 0.47760906029426653
0.2386717007352671 0.6311194147604274
0.7449791340728883 0.948735409064832
0.9357480101951462 0.7087932271158072
0.8922361262515445 0.9755152161078054
0.339236856242477 0.942073153861333
0.7057018484514478 0.6303771646307393
0.06372316413829737 0.72345937819711
0.7998452478789183 0.9353875378789104
0.23433702468713036 0.8106891575465914
0.11393224050844408 0.3214634461677115
0.00769279013573676 0.7713699959989028
0.4591605812480011 0.7803272724205893
0.030758236046853904 0.6666719531208259
0.8101712335982242 0.09953791337936568
0.9959327172599894 0.8727679392911198
0.15673760433828088 0.27803665210055584
0.7428924763462329 0.6821084035182929
0.2489003078273172 0.1283518416702224
0.09047527056915616 0.6408806041817127
0.9900918455411419 0.6202863907910867
0.3815966935478453 0.28466416383277204
0.6232249290608484 0.312919631714496
0.804250140837256 0.9525225062096143
0.650008361948351 0.8547666653069439
0.9991968475682008 0.6609451608404424
0.2133933911425604 1.1814448516078713E-4
0.22029285451194014 0.5869746868239845
0.8077785548415056 0.9907834752390723
0.32499055738324645 0.1663232091262309
0.7613672516679033 0.18547873520310232
0.6896003228786932 0.15611307708239952
0.7316555625836827 0.6874083647192415
0.5660259043436316 0.7811418526242784
0.8565666794776745 0.8741199109306724
0.12808419159814688 0.6147234615351466
0.7097953685642321 0.9089580526395009
0.309275327058504 0.3124745685917705
0.7046021452840038 0.04188057159916947
0.17597689538070316 0.5266337249051873
0.7810005031995704 0.28470241550960473
0.8558810622148462 0.6461096118360081
0.3703303884781741 0.9202200113879097
0.27436428936359547 0.3440083944981692
0.6188557925337176 0.04413654285254354
0.024536038189419962 0.5993810525695984
0.14855981200980362 0.8310461033950846
0.30206216721093293 0.5476447128862854
0.38223489787660325 0.06380473055721858
0.24234957823263292 0.9227117534514032
0.04626975552130086 0.8151489247626786
0.39796202758573673 0.8008612542434149
0.6659662563371646 0.2293570178799793
0.6028997856634453 0.15939340311837769
0.9348241614154857 0.7999586111478192
0.24477414780764584 0.6711613469774365
0.10904004819567348 0.8012771405822364
0.3585654550783691 0.07136278548333497
0.21976665114470129 0.58077759330809
0.30086202554450003 0.5907591395290196
0.41392380046867405 0.2264469780987397
0.33004567039279764 0.21925586426789223
0.024551312758495758 0.2997873304212736
0.059897344127432306 0.42858225348339074
0.7086527930548602 0.8989292871107775
0.843616392191119 0.8927622581779733
0.324500011314123 0.8776771256461872
0.560246286106981 0.04691208155094306
0.6736266798673819 0.33228515295911076
0.4133153902954816 0.999742842336521
0.23394817019148373 0.9009856952613428
0.6217191015182241 0.8411900933312635
0.9383274433585586 0.08148689741959336
0.19417826121058546 0.5662521286102998
0.36624362118119214 0.055585804822861795
0.251235535378026 0.592402690020425
0.361011460268548 0.01657359849295137
0.17580985632854285 0.9968044836069535
0.9265014869235084 0.5098262153623545
0.7246908173684434 0.12206563721368768
0.18488400397477733 0.4905626508717972
0.2356570838773574 0.6361766206601979
0.9856684888506693 0.48340973760352224
0.7849817909110112 0.31104035388918716
0.15549903729340886 0.6462822248730006
0.018311995240958057 0.7517715733769073
0.9544883771636212 0.9828240596142112
0.9626803861753239 0.7438598982791823
0.494920141743162 0.7812116539005104
0.10829899940703458 0.040562644122517866
0.9240690311777964 0.8037751810393375
0.5092564412647999 0.7977529880278704
0.42401963725173986 0.17186268254010528
0.9247172648820533 0.10324244891357726
0.7747538044894028 0.5603860825455154
0.13343624786105324 0.8774125418084313
0.77685744257045 0.23222470573993015
0.34178109077846897 0.8295011642341098
0.0032946098822239644 0.0798950475259993
0.13355433605626488 0.22438026401186173
0.12125582578185823 0.8452242522853833
0.22229088333644664 0.08737727333307177
0.7444885827372119 0.3081154357490149
0.26375261204100175 0.11357710793396547
0.12475608555957829 0.602432356830374
0.24829713887084748 0.23606364628339915
0.9576902961222045 0.08088588678680064
0.674951479059449 0.8829798390863456
0.5705473683770712 0.20460684367594584
0.41436594772330504 0.9736221509332653
0.7307900515907666 0.9014150505991689
0.9796717185381288 0.8007452603942087
0.9158151084847603 0.9964051023859226
0.2808298097380445 0.10604465921089867
0.18390678101204638 0.9198591688424549
0.22272908715739081 0.7865573308199781
0.23897544057745768 0.2015170998405691
0.6002644884309278 0.15532332199115673
0.2832326811091588 0.09746404890094407
0.7081587451203917 0.5516563946755897
0.5750294965244829 0.2208386025830722
0.5244295625795056 0.020587691493680227
0.2361155774947169 0.2386565272038157
0.48360118796416984 0.02190901562118308
0.884037185221149 0.3019521424842847
0.9112272881813683 0.33726278162727574
0.35016701757511437 0.2697251150795912
0.14503064231059615 0.5932157512158074
0.8971409630005295 0.23368937748099872
0.14962215293028502 0.005534804670721427
0.055656357660964995 0.17632083465802217
0.1505773993326489 0.8411300991380899
0.9222400570012766 0.10471244372265198
0.060493001822159886 0.4972511554018949
0.9627119734768355 0.1451561699191044
0.8482694628861086 0.6233603134604593
0.895363577676307 0.43390954669768167
0.08690817627306024 0.5731369841343011
0.12423511386212782 0.5544006630282232
0.37389468713695573 0.9182404473061854
0.6877803564230619 0.9476677108352567
0.8154999480465595 0.6626221799854165
0.1761480202881318 0.9933132952010685
0.9057968319728456 0.5813539384091856
0.5929916303946083 0.931992195561868
0.1293127147950388 0.8110142630608574
0.24047511831058888 0.5994381075974182
0.2549390834104146 0.3439287383699483
0.8288288902604283 0.07868234205191327
0.7369322546019281 0.20790863522387693
0.9587577559228481 0.5111577788883184
0.19040824417557323 0.8376058217752957
0.9132490116965483 0.2727833452097579
0.7982298489779102 0.20723224584431676
0.8389820709595387 0.0023334017141621866
0.7515073535322411 0.7057808117717668
0.33515655920332565 0.20905478017731416
0.8688919356237799 0.345227900176295
0.23024602060921517 0.9927605184180208
0.866055897737115 0.7876469722987178
0.14542715346090018 0.7606596110732335
0.9878574569404324 0.5135585893484308
0.6883531872254062 0.8931316337983011
0.8802377833330828 0.42603762873660045
0.4155847440361671 0.9482261150922846
0.30980854380870015 0.5737350425004848
0.10195818207639518 0.48886834710465443
0.2905445665717188 0.15782909986018945
0.2319547920880578 0.8891642168008909
0.9266217813169816 0.9760817670415305
0.6519562813405475 0.8358370648216343
0.7682801170732956 0.5482533183029339
0.4402212418985896 0.045516965920482266
0.24063048608817794 0.3123676257892696
0.7578509342922864 0.6262769692949669
0.4467435140807198 0.9150611206307812
0.8762855480433506 0.5492641578239866
0.848630356697269 0.45789850089860995
0.04252695278971197 0.43266005848760114
0.023304755286338685 0.9393941103923273
0.43093598926958154 0.16768776819569664
0.7323078947193252 0.31238664634990543
0.6100905436484345 0.012135453297175913
0.4326132330092256 0.04403193832529584
0.5629689227768919 0.831397033292992
0.7102954605885204 0.07520725355581526
0.9999647168385065 0.1939911668593549
0.5532558134085176 0.15000679373739267
0.4383453445519315 0.09316501590376036
0.0827446421154352 0.6760783040799203
0.5438781432377002 0.9110761560903046
0.5236652125661597 0.8923986944615896
0.8249769082839157 0.6713786407476168
0.2603281589317624 0.8886325507247665
0.2218133752470819 0.17852955590593433
0.7117044184051042 0.5932590452593683
0.8170442163074991 0.6972371465515471
0.31490230096963234 0.2512203831422316
0.9541263228638417 0.6290541561411929
0.9787032701047246 0.6286565095812405
0.4169659994286192 0.1877781224853421
0.699542181351873 0.2593592375218766
0.4597795566852789 0.03838882798917287
0.19333022805344147 0.6248037721797907
0.004416625192617429 0.9588593932683354
0.9312891446554562 0.08762903444589099
0.5701800886197852 0.8144241361570163
0.9330429787231957 0.015816003476466722
0.23056563322124302 0.9764728244098849
0.8385964582867869 0.5518696510669262
0.49141714881399634 0.9248595638813732
0.16936802668604667 0.7319090833343972
0.3223156306073556 0.9876597775601025
0.912748415465472 0.4225201023359506
0.5799608958378325 0.23361739830802286
0.5493910265120358 0.02743366379706058
0.9555403378050822 0.961804321187925
0.5316426165650363 0.8012124684213126
0.1275147924753961 0.6467281932645303
0.34969396043585455 0.03532465204008728
0.1078606954608955 0.09811290783134619
0.516251027709393 0.7369244179625396
0.06626798962467073 0.6812064367048967
0.4569448278345374 0.7554509584554706
0.47471972098648463 0.9104108031019336
0.8065882378815644 0.6647179079572745
0.8655090727500733 0.5546439952727975
0.017989563451821344 0.3410780615920801
0.6605736661955108 0.11195412474088706
0.1536713589369979 0.5231983251842456
0.802383333755001 0.2185196454170103
0.06334692651829887 0.3414894223372803
0.18823506902737908 0.9542154681179393
0.093768797346231 0.6448952293672405
0.6097466592667772 0.8169489297378425
0.9382005293870556 0.8100476415801642
0.9608722779348841 0.6005620085507088
0.7166862331981049 0.21454590683099783
0.8911335925883864 0.9212788263217097
0.2146551079234572 0.49494896878339467
0.9516054784058343 0.6313148660540371
0.47602722022834176 0.8482322041337003
0.026515515610090468 0.8787038537820552
0.23735209420762737 0.25576581972435375
0.065283509004749 0.04858962276427059
0.4265337607848809 0.7577344521194952
0.18277354153349756 0.3439365702775182
0.9052881774500077 0.6217103640046323
0.0293865566481869 0.387335541292844
0.8992997948981384 0.8280214079589895
0.006589703943061687 0.45729028463245247
0.18737528518770952 0.7534623548012864
0.8759947613849004 0.2151941678317758
0.5974027973771521 0.13134033522259936
0.3724818294146366 0.18620329551737969
0.31169423537761043 0.20628354750765565
0.1677015652355076 0.045630760163786865
0.8263439937614496 0.8464813828428065
0.26468953103654014 0.08689299358516744
0.09343517830835446 0.8529534064103925
4.8118467340230175E-4 0.7660244137540896
0.22176080599470083 0.7551884737884537
0.03457189341315936 0.9642338508008298
0.6124924506279612 0.09214713869390989
0.5494318406881563 0.8901189164989141
0.7124647889917405 0.011500485436926278
0.1579497605878737 0.9977491707636562
0.19358745172348013 0.2546215468418501
0.9468657968270665 0.9035766926766986
0.17645013622329253 0.9575455868565431
0.9041503117605614 0.5565437327111047
0.5984948038679452 0.9941799304780327
0.8626943996071749 0.8861580523740282
0.9671333161442727 0.33043719725235565
0.7662464366542898 0.7224114168139051
0.7190994583274887 0.2922733640806954
0.8109720445015006 0.5812219294144548
0.9156700499659005 0.2043019042888926
0.08929295398557846 0.6281016459232818
0.963918384614828 0.9803264356197343
0.8865347337024699 0.22867750826361688
0.10894856528856411 0.9692345427081182
0.7850001562353274 0.5402499129896321
0.04651906049191601 0.44160280918236505
0.8992067166176921 0.4823334423830622
0.5750925782903297 0.8731443306145481
0.11006129925228925 0.2672774659448164
0.8553440200796212 0.8719565621719986
0.028963685652027782 0.8694659450721344
0.9780406561103212 0.053524580029946534
0.3038061391988517 0.03277144393610243
0.9361196554694309 0.8874295348515863
0.9021771697670631 0.6874639857383067
0.9022080756840795 0.4744090307221389
0.66379684039809 0.3213390155208873
0.6637892965497265 0.14703720875869764
0.21493904150648935 0.6148396112384354
0.8460386324601846 0.9160111219442628
0.3015267626247826 0.019651944357798157
0.032084163398147236 0.19191480464382138
0.899130038913966 0.12887954459186712
0.2397345187837886 0.5764716989790026
0.8060820064330247 0.9783866013684751
0.3501097709456318 0.31229769601550683
0.30428965593904966 0.1055675652262612
0.8365400123538198 0.9826081714022908
0.25862267465659206 0.9389441558228359
0.12843984419032495 0.930445488869765
0.3572500372742283 0.9138225577805552
0.2307753084143932 0.5194620444205686
0.7113191461015927 0.002995084322921948
0.7897541460911119 0.9742449749287854
0.22157491782575922 0.5898505007454224
0.758029124718101 0.05361559930014881
0.05967282280926445 0.8423156675994468
0.18612202461136051 0.5466171928046331
0.8947107444757635 0.8049587808260065
0.983411633181808 0.804406368868177
0.5877457209342373 0.8553775406742504
0.010463168287756286 0.7377986445707319
0.816376588735198 0.8449338926810444
0.19234537981534983 0.9426163417137545
0.398624402357062 0.81064900946035
0.30620322890711493 0.2256344252038488
0.9423795524109783 0.6990502194592281
0.9511453147264659 0.9143554179974677
0.2015355007838301 0.07950786434687718
0.1924978126715836 0.8808069587458968
0.9710625804030059 0.34169722952704784
0.9386074232427774 0.12733937428716935
0.4116188070645663 0.8613979251125115
0.33227715665381496 0.03934919731608799
0.6983644525921477 0.9161310125232376
0.3568635009398302 0.2858410158051118
0.6983392713571768 0.13034503669241193
0.9064167868095172 0.1799187001237046
0.0704703138791144 0.27945750617686405
0.7604088204480194 0.11464431987324519
0.3751893654396212 0.23459492120830916
0.0658558181018557 0.9675526354541428
0.7954005081233753 0.0974665830519259
0.7732296320916477 0.2214450552600079
0.7469229131056178 0.16281969614008118
0.5493060455321888 0.14230624001749248
0.8074545586460831 0.7418409361290998
0.19065248078622343 0.242963153656926
0.30525841138066867 0.14249464311085036
0.5613088600747409 0.8258852999839829
0.43219790844164974 0.19512602742768304
0.24905017265138052 0.5467543402643501
0.205558993787179 0.9706139669107386
0.7155430802515581 0.11089231282534517
0.7379811311974788 0.16366868751300157
0.9726551694706458 0.08645301468576894
0.7407170865961886 0.704732772141462
0.2806921169715004 0.0978765486148927
0.7867368399893261 0.6078715970404626
0.8375724683422542 0.8152579756592804
0.09272274741656183 0.03691603820277911
0.443903716565607 0.10182975514894721
0.4171517476280825 0.9292287322646477
0.38515195174989125 0.8588805641788596
0.1768701876679044 0.2626823882224586
0.8730901867431431 0.05622928554853035
0.11628935869257029 0.825091864387734
0.6326190947140026 0.9227667361801404
0.8614657425028065 0.28310429622599953
0.911017911556089 0.002488228017425098
0.13745239757100403 0.01663906728487896
0.025570526628846624 0.5084672675972985
0.4329904617973258 0.11794979889669432
0.29066298584346295 0.0362629512871675
0.23227455817641718 0.9814427046463975
0.7820584426587714 0.6411355540548225
0.6755380679326833 0.11134707951843759
0.9033891234648981 0.764695882891591
0.36955833624127044 0.14098203581884416
0.9333618360844647 0.660173764655247
0.8375876801036538 0.09151665863819569
0.22306178227290807 0.14283045724185717
0.6532079589243575 0.2973324698618742
0.14118348603699238 0.7804549429612998
0.6484636783156154 0.8185422420215881
0.4940992328443031 0.9050314180287707
0.7931309831972523 0.9855786083517272
0.2526238305802183 0.5999117354915826
0.8922666456856501 0.8337985364189962
0.10330984145867195 0.2761879711164873
0.013203853697660972 0.6341576935514792
0.9189909536884661 0.9299008567315586
0.3261338520837027 0.34303306689247537
0.45278408673402204 0.8090745689879235
0.39870654557763685 0.8314261773567901
0.1984960237795651 0.49778187783032746
0.18202561742672174 0.9890214175823298
0.06293068631066379 0.7118364776146232
0.9049356189791671 0.8716158747736206
0.5741430001721163 0.8250898984390228
0.9965952744099084 0.19801873090986977
0.5802920484874977 0.9153642279938504
0.17579333640329575 0.9224437564428812
0.14321664510718501 0.3198003521378646
0.05499220991910392 0.3804408095386056
0.8685292228167254 0.7996165724386297
0.8926259928644771 0.6886746564642197
0.977768230170917 0.8043774661205779
0.9775976317168059 0.5855774440322913
0.8285780283077973 0.5492567111628144
0.9028994887035235 0.520439023418005
0.28728445941034497 0.5811066140034045
0.9246880500501053 0.6648386424889489
0.8379913233439164 0.319757335748851
0.3096788923983751 0.16121273741410302
0.23028691344464325 0.24748850289892554
0.19427584803104214 0.17186205285808998
0.011261584603538433 0.02411764450011844
0.8464274479184372 0.7455760074365745
0.960014664397572 0.29011465920426704
0.210201588569093 0.7744677932179993
0.6468273341628492 0.8866651701815135
0.09329491392563871 0.7776008941443253
0.8238236417846788 0.9930288151444359
0.15191996440669908 0.7408194414993439
0.41203553744138555 0.06679985117608289
0.3739764305036287 0.22288239431282364
0.7200781566504697 0.2883513222547246
0.287486572263147 0.2573337392344931
0.270882264642059 0.023683443075299238
0.553184125491302 0.8147885958514977
0.4243565723809073 0.8347653426501995
0.3607312572417636 0.030978378277136454
0.867422671751947 0.10042708609372664
0.4545755540118852 0.8666685992187834
0.43673777779159717 0.770502843148563
0.519558442832457 0.009559900858191805
0.17353598865197917 0.03628010926926084
0.8427398963791632 0.5768431081855017
0.5811926321361716 0.8954086643719215
0.8398974785865819 0.32133444350404206
0.023149403020635728 0.96512019858139
0.6100172321563483 0.24839926490568442
0.26867553849538794 0.6153486911465516
0.09012899773031835 0.5098492942281739
0.24282461527813093 0.9806445874130686
0.8381768174213542 0.1614299986714347
0.8857240988282205 0.5672321329007897
0.6199971699931969 0.2543129875339257
0.8801167115868912 0.7137635970824681
0.1119650102376809 0.20152569792371589
0.11067093087566493 0.19672830824633125
0.032707180493828036 0.16667452525810333
0.7203683958683863 0.2296675402240438
0.010723708034848456 0.9875487364947773
0.5890923520481834 0.10204110903474906
0.12061029966190828 0.06449240749701379
0.9080525116666244 0.5893274032780095
0.7496568165064229 0.6982331205626917
0.888320127550278 0.946463649003625
0.049814938933556485 0.18199762225478588
0.8079005537950208 0.05203869253757154
0.7628142508939572 0.0031465739003901927
0.3082019973547103 0.919633636608314
0.4531678582541204 0.7709148534136955
0.9406810417243504 0.7294163435474463
0.8245972987656609 0.9851821701107056
0.7413132715462509 0.12396703324570535
0.036386488835847386 0.3115081780425587
0.7086528722729865 0.5769634922056069
0.01815844900444963 0.11575153395709403
0.8373115809975219 0.4703458325452541
0.027394192214497792 0.4174572903879541
0.7233732181560828 0.059614607327782454
0.4577581423242749 0.12172662185726058
0.32129877574439814 0.2899960446512688
0.4993421080546475 0.8913872704497444
0.9892366542255836 0.15464690507689216
0.03453094023445524 0.05682161367746774
0.17044399861045956 0.6384904226433445
0.022486728325008865 0.8221268843862793
0.16873338865846643 0.08191522361955073
0.169806247550348 0.920099010602434
0.799365370483645 0.7167087614322204
0.21124634593737257 0.6508818308711731
0.3949393442610085 0.9964667010299616
0.8505988524513479 0.19208172860883843
0.8312438822388085 0.9022873778384196
0.9803344123178341 0.7898480777941648
0.962730011355255 0.6973399444280066
0.2059882246668755 0.32513781026293065
0.9513594752444589 0.88869391329074
0.2546138306443423 0.18958520440520765
0.7814800452813025 0.8318464776693042
0.4906777657044147 0.9193631209762799
0.4501417566554562 0.8277077097296174
0.9175156477138152 0.1797905776867681
0.9306150376191452 0.6869597320829143
0.8341555598458579 0.6573132364184042
0.2039527483361423 0.979645883354957
0.7785762281597661 0.224627447533014
0.6831770426473577 0.25927124773670995
0.8720670221855028 0.2961376894650214
0.9391120036084699 0.6261309688947508
0.6900477126899447 0.019199038558284975
0.7499077052476293 0.22869925522984835
0.05754026184051264 0.618734396442798
0.7373676645456555 0.14592633115532017
0.5413897651191208 0.09684611966225865
0.029137540366130588 0.023765994182360806
0.7817025743976153 0.14660694192132717
0.7323029748211647 0.28651229499737685
0.15947858311311747 0.07480819094964475
0.061660654870000386 0.637780472998211
0.1325534914709482 0.7759625243804691
0.2973227991248757 0.1944320229921226
0.08600399171102424 0.410697685378411
0.8526184134123264 0.054148035556857876
0.9162757666199358 0.6272622421919514
0.8853098101277318 0.9819488952313574
0.5316832518347583 0.9803169924722125
0.9887375517085292 0.3029447805539949
0.942169118177605 0.1135607514464364
0.036948579585279084 0.5881334347649367
0.24111735461587247 0.9063846745400576
0.3385403966425159 0.1889983702712793
0.543608298381143 0.9395529003136532
0.11142315678415704 0.025233977424855225
0.9081584456058115 0.745461737816785
0.8606593466555247 0.47462105437571334
0.9227095009136592 0.887052973366673
0.6590411225272431 0.22378534025077568
0.30769892590068004 0.56969470633468
