2 1000
0.8752925260898636 0.7389684555920686
0.6479840127054698 0.3178863411311107
0.5185479694018154 0.992485980280498
0.9605543517058469 0.7442051669814268
0.6773581394342414 0.7526978138437004
0.2277193702124093 0.1543261731348493
0.5148326602318931 0.7886112927629089
0.8358673914984137 0.07224053481328241
0.12463281417717031 0.03045340719204115
0.4445276955670361 0.6861190398915097
0.8072104089280204 0.4652100973584449
0.46244044797125905 0.3459805064489496
0.40936225864057474 0.004750683413935364
0.9646219453824989 0.8215726287302697
0.9717591873888579 2.530736487569296E-4
0.6414728942280821 0.21207676490482885
0.972162281823439 0.3399860902805425
0.6694545166704963 0.9738869650820065
0.579107632453822 0.927910901557289
0.005190304238864796 0.4621765599390145
0.1294613458466709 0.9186499660060999
0.5914656510414382 0.08166719651077625
0.7007787682844779 0.45626094348852797
0.25957196107293234 0.870136142899397
0.4751175565029899 0.2202255975753208
0.7003538353002491 0.5455855674333504
0.06565296114517127 0.7449197050379273
0.8604451822688034 0.9859655513983232
0.5199393892657651 0.8329196741078515
0.2645030193256438 0.5948006387335997
0.9629298503358213 0.825710322500789
0.9864943435737109 0.6601764309906535
0.17292338578685673 0.6553534987179908
0.7599273572998958 0.003373586988609012
0.6265999392188236 0.624211715271915
0.35381629509386947 0.962745363442962
0.866113356201932 0.622077857881176
0.0036933556498567333 0.4685158301428999
0.6319786408734193 0.5705359028444204
0.8421309290704392 0.052985391426550565
0.0581938005373106 0.19112327506299742
0.8573476853014855 0.03018251803406824
0.22891456377136865 0.3057990285950375
0.04486052943966212 0.5628560639981371
0.12659641273472788 0.8506675317030383
0.5802530562535633 0.783453686217677
0.48960147561523415 0.7456882366848356
0.6513291803181738 0.18547016919034442
0.7501095802128265 0.6438861460561112
0.8350340261122193 0.24690452043962574
0.8854514564856392 0.8475810711908405
0.40371552440037506 0.08740250891448043
0.24838966782847427 0.4896019905372606
0.6859148095911292 0.19433588648835598
0.7856017108251411 0.6488839000417688
0.6860189619921251 0.6655388606506213
0.9465720720140297 0.06955007463006868
0.8358543795199744 0.024474799088213928
0.7722565429875905 0.8505396734313736
0.44185607180736763 0.09643032692706399
0.6783686277412858 0.16797833877730928
0.2434724025318431 0.41982289998684785
0.7707444958246731 0.45450695873669456
0.025474638650787473 0.4353824770728899
0.03068849325801848 0.4565805890277217
0.7616019413510804 0.06709618022599828
0.20957594988947081 0.05677503434262443
0.5371860169543462 0.03578109454430012
0.5715981198027328 0.8579527742959605
0.7061107655493397 0.04272001569723616
0.00651476615262736 0.7807088914144885
0.21817785656500077 0.44485093494516526
0.009017317656178303 0.6498678158005817
0.7724823038423133 0.9390560579729871
0.7513649113531301 0.2385570314928912
0.8013593022072093 0.7011335989865578
0.6613611411874253 0.19307747094339178
0.540099487189482 0.8024182675864187
0.19929393367379822 0.8371178491149756
0.8516267344840089 0.6804644967122806
0.27440695351113364 0.2671641583051517
0.011082895787814184 0.5442830153889908
0.737382445536698 0.13472307915236503
0.42974638529117526 0.7618830227278427
0.07464433711663032 0.8241619872207826
0.9396438513982234 0.21991699028127398
0.3813715331486168 0.7579532801490495
0.1437382952911599 0.5065300937054714
0.10993062845596702 0.05006626113675061
0.33525678596764985 0.04487188726720437
0.3608834724702962 0.8467371875860377
0.7705274190836838 0.7544070020618376
0.007747344322038274 0.4281915828838132
0.5249945321966053 0.19980207742142875
0.14890613231301364 0.6945990487251266
0.1647350763048001 0.27344715801694786
0.6918673792299995 0.548997852812533
0.30963016149007017 0.11268215622945488
0.564945994385511 0.38086248048761284
0.9689708285570756 0.7789509755462624
0.6427116432275143 0.18896700094479402
0.9220983086864515 0.9383296003623876
0.28409894360528043 0.12315662304293284
0.2654352878611429 0.3883203348927736
0.7478006153190367 0.8224811555741517
0.7167182906008218 0.723864150230799
0.7023133945073564 0.5451698338498906
0.20275717147673866 0.8939735198795561
0.8237117360221886 0.06626767330851768
0.27677886579092814 0.08199880475049015
0.1159404303703282 0.6321528479286738
0.2653825121748664 0.6040487577913574
0.6057031882974998 0.15223907464660857
0.21945085418253274 0.8497310216048238
0.36313137106047266 0.7772797098415952
0.3397484026638944 0.747051557056591
0.7972956643368581 0.8627100769554056
0.9779196926008925 0.27524261392146354
0.5130431261447125 0.8910471467199822
0.012734676007743695 0.3085891883902323
0.13384836619368856 0.1591985973843013
0.0033901535001048533 0.055181783663590056
0.7840321820899817 0.5409594475507333
0.7724305085021222 0.34952239946273167
0.1582069136051819 0.6639716110767782
0.3316620605375713 0.7743225721639314
0.0793721456630676 0.9986321556250622
0.847468216641484 0.7429919630657854
0.9852739558273524 0.9902523682221258
0.3208856350049053 0.2519305785503826
0.40151795842575455 0.778790397013636
0.003866366195105053 0.7817699684707042
0.6295110407501681 0.5161410453421738
0.5110547858571762 0.8272165181814722
0.8218707172082577 0.7682703932817477
0.16270967202138753 0.5532005346156605
0.1475056572883512 0.7251833398892271
0.4993865455412624 0.8907408692015085
0.14456484557686988 0.31210931127264363
0.12072636380323554 0.6639414396011974
0.8850020167352772 0.3491755697523353
0.5994496471699828 0.25678008323523627
0.05609086988882328 0.8238851309779636
0.8216253353426677 0.2151757986683832
0.8330508857347283 0.6624125941667133
0.08139216648063585 0.5777617962624225
0.2623364696972712 0.7224544101458404
0.7220377824262366 0.9563466315050466
0.11254154768235702 0.05920089553348451
0.407145555134776 0.8220380949643552
0.30707478639876384 0.48669993554136504
0.1646916623366046 0.6692572165828929
0.6469210581173139 0.9482612430676334
0.3656728426858036 0.22056357498424461
0.0058929697290017735 0.07995727274912445
0.6579449406988251 0.5451648776458342
0.08168470346863077 0.18780469142288092
0.5478096772771799 0.8231316344956853
0.21395451377903185 0.19421164113202072
0.5674034651860328 0.6664885863931482
0.08199951439428876 0.14470211485701012
0.1923507083697611 0.655974523671633
0.02217499059814443 0.2901620261603144
0.04921484183147873 0.9399676446690105
0.27907900651058093 0.13422593708271302
0.07190484067221037 0.32435070398254173
0.6776242374418443 0.7011788953629589
0.9808510362968413 0.33177089196516973
0.13185384920554066 0.5828346101342369
0.382312379789031 0.19777074978554177
0.2777130474159276 0.3323562133429764
0.2352883248142159 0.42526675294777705
0.9431645654989271 0.40475589233940157
0.6661945849479229 0.40668119432978966
0.26082865151104007 0.2568882099558468
0.11675474897104998 0.41341204975193424
0.8917428794104554 0.42944992126158044
0.1834169759925257 0.310043538197473
0.9581027820017377 0.29231517559153664
0.2753201265228078 0.32302580710150663
0.3138702442291047 0.6644580891528347
0.9254444313158354 0.886272412193717
0.16430399385635852 0.5740893057931552
0.5831779303950569 0.2029089119211136
0.30899939192939874 0.3911229209455961
0.8418511770609295 0.6235422487485623
0.4003382026067922 0.3820962433891604
0.2843812924561261 0.9297659718564778
0.8480786334120161 0.4133641011539867
0.1309834774815617 0.5021595507056994
0.36113180584945026 0.3045373686128844
0.9814766057282818 0.5390961556086946
0.9261257918143757 0.9768079683708174
0.8263014226953854 0.7312648596193528
0.7504019627890433 0.5944413463929328
0.9205188064327694 0.37833828872721265
0.9465350565214765 0.49174680807638904
0.5363210435157622 0.7008668768439322
0.2705327089386851 0.07327115355248826
0.4404711978628497 0.4197551237132576
0.49538691483227904 0.9892489175473287
0.19572709361907004 0.47954072535771086
0.8754810939013096 0.4683596257920881
0.8905221674196739 0.5503784904062843
0.07829037915335624 0.9354670899550607
0.030030519885313023 0.6943659128856046
0.036268609243551575 0.787600819841962
0.5242846314359493 0.018071677493051275
0.6183791408626624 0.6081965161325866
0.8769479296220001 0.38227678060944303
0.6431605285758633 0.24255388732870498
0.6034258141850045 0.7345465346106206
0.7795151383246971 0.6529341452659361
0.1526350605788338 0.2622106559532086
0.2952066573635299 0.6413719035881624
0.2973014122005122 0.937527765611863
0.13737001571731045 0.43458927376628154
0.8656498173984226 0.5953586128683623
0.4287225144202649 0.11705263345665984
0.6402914802750663 0.9893551992467056
0.6946020519280273 0.22415025706315572
0.31241490669594696 0.7290941680873906
0.9189448277050767 0.9948131906283344
0.6937070270311041 0.7497475185103952
0.6998552594207543 0.9585299837500427
0.8912041375698107 0.543394721640638
0.8997188731035802 0.329620369901111
0.7715818573890273 0.09993937108220108
0.7470728375406172 0.05181179306978201
0.6996444371402144 0.011861694282141788
0.42141015893809564 0.360371729443567
0.5984004590477953 0.8357166797070853
0.6427824970498995 0.9123132405176141
0.3282885207445061 0.8129005809051196
0.2084037909057972 0.603183950608158
0.27004362671341453 0.1479264766638998
0.19039519519761505 0.48635469519125096
0.8379351867682663 0.6883377752938813
0.880822164446819 0.9476157761518424
0.7727849259104659 0.6860019694517993
0.8022921655001788 0.3687761673472931
0.5296038351160484 0.8497670192202207
0.14306683225460126 0.22584948487201761
0.6209576117919723 0.8127031641842207
0.42245407754353925 0.1750683786845859
0.21235635983164192 0.19829499188642008
0.15093356332801366 0.8486979348297737
0.2216334406783761 0.47536005390989333
0.012288196976462218 0.07354623193031962
0.2570896592107442 0.3116802914691529
0.8790508026206553 0.19586087256122608
0.38705622048401356 0.15885813907137258
0.718390801392454 0.13764862152260493
0.13735823762340826 0.8394670438369546
0.08260738660572797 0.6094845617262185
0.8189220907773501 0.2144618960999516
0.4739566823929635 0.9386384470630631
0.04733020353204065 0.8026823559231313
0.7525155985962716 0.7775066356592029
0.12268541935833688 0.8064305134043465
0.18107796407528454 0.9123176924295989
0.0819292195611745 0.8916847234106212
0.3034204176605714 0.9666123225346849
0.4107474072998001 0.36368966393747215
0.5619220020865501 0.09602634225843698
0.7684881738738192 0.3331354730022369
0.4657498225682303 0.6835405577079415
0.2622773536961267 0.8740541485118125
0.6949420260079809 0.96610697588933
0.709476722991505 0.33758234794197817
0.7258577133771901 0.12558848708260584
0.8881601335025922 0.9745715534619673
0.38297274363407474 0.863657807026647
0.6938546303240898 0.09920724713974294
0.3259606732981508 0.4696043565440935
0.03169975930768765 0.9872656486675199
0.03757754357169085 0.3279384475550621
0.022273355726654676 0.6156538006588038
0.22621523546704214 0.3921274174948147
0.9381937835714727 0.66648825513297
0.03403565346965187 0.35531738475628327
0.1745154573228398 0.7907539024873562
0.18490714182577905 0.9206176293902648
0.3445051538047281 0.40593145271290165
0.8303764100357596 0.7221931208992923
0.8803636064329132 0.9350048670828224
0.43520172023972536 0.7555237750960236
0.7953533653618057 0.5427667352074816
0.538994757705287 0.9130177827034728
0.074301656183411 0.52667852815061
0.0921489380450361 0.06980430766748491
0.9864411784042997 0.057530635931315355
0.9402045969243145 0.5889996688064718
0.8968943801440392 0.4553112120213917
0.2578605329799344 0.11615918074971854
0.7439479629172739 0.40843661527341746
0.005766233394823628 0.917957929550402
0.7780243160105714 0.12165943888967234
0.8414219189669077 0.30940431405148017
0.1336222052713505 0.1621414661879096
0.8791213409829467 0.6788359821173822
0.07879417954912704 0.4174819735332864
0.9340997344073172 0.9640421066246294
0.5191095918634145 0.23839305828189927
0.3887595239036157 0.5188604164579645
0.686756837447982 0.5252410581322351
0.17157865132324113 0.8208511093511336
0.6980658046321716 0.7313892895575684
0.8094331537544435 0.4411496733263396
0.06293356588561516 0.8953349115771243
0.3054146125389672 0.6657017654500375
0.6738876534758754 0.22976541729950817
0.0813672420801207 0.32372495967198545
0.033128183275177525 0.0017795786825245408
0.3564839886214908 0.7735004646170628
0.5743536167106467 0.7052953383411534
0.7015368303082201 0.8740837601949033
0.10858290962196282 0.41396704569651543
0.49924591431568155 0.8735268787347442
0.12738986667924979 0.8518092826447401
0.5408730679745826 0.7598277059764064
0.29025277542157435 0.5579098633578335
0.9949980653816783 0.9623124287994477
0.8934364453812552 0.644146330226804
0.5388324850150578 0.15658862683811736
0.01274239193254767 0.6882933278069978
0.9138316622518621 0.4124144839344006
0.4507266626561809 0.30149668636086
0.37003861233667323 0.6070586631014384
0.22461643811746357 0.8093250648822885
0.008861811683422927 0.8132232657835268
0.3649171544989207 0.8596149975841434
0.9679810686439106 0.5074420926566426
0.9520297035578599 0.8642421335072874
0.25656307259622224 0.8429415605677362
0.9988439149949739 0.029451343350646808
0.23347449758024952 0.30481354203895206
0.5691478867462577 0.75603803371228
0.9929750556115962 0.21822293886242006
0.8507339281960306 0.7927315809160133
0.03372676158673105 0.3811415977277852
0.2773406477592226 0.058196470745664364
0.009144613829673243 0.1943924639868615
0.6386616936901007 0.0887112589007647
0.9841264469952653 0.30147858530834093
0.3570896392812499 0.10822701794372702
0.8459642833927704 0.2680090096531873
0.38990661994223763 0.8398419275802409
0.6273978362674978 0.6162645951991836
0.33194599798278046 0.6655576436969044
0.712551372922045 0.7906502792132797
0.6561906251962214 0.30198169231566463
0.8497505247630645 0.09151512879013779
0.7131088838876959 0.012233123149711811
0.19083016509379425 0.2645868150934876
0.7380170449817868 0.9908942090786071
0.181139189626918 0.21434616084372105
0.3955888218187159 0.8535371299693614
0.6929320930306556 0.3958941246319815
0.2526858068026213 0.954480142925417
0.2133767097441227 0.8790008514753115
0.6128393777504634 0.34937564812544886
0.9494131142385136 0.5888101306359533
0.5611477005466904 0.37061064514999165
0.38132768759066715 0.5597194075248146
0.015554251610030989 0.48596748741746565
0.7149223632629351 0.209905312456804
0.8700911460521887 0.7102715053514727
0.988348619278546 0.5961628073481449
0.5249445323893608 0.09387722897317607
0.8297499936898144 0.5037938410386474
0.7763278005033184 0.5610979027414438
0.17794033957476563 0.2043994832860554
0.32194083885728964 0.05656161793986492
0.21170958338173973 0.3604584942687665
0.08948139526096432 0.5245079727958578
0.031038397591922395 0.2907683078528497
0.7533373004145334 0.5822765827880487
0.6797625187335825 0.4865175081132592
0.8722939896449474 0.029346337991898896
0.3115682001463238 0.9368975364817611
0.48756883078238056 0.7788589573950689
0.2878034760783901 0.9152620656578611
0.2889472326644321 0.8800645520292066
0.18448843577516372 0.8251756529053533
0.30973618601837716 0.7399723023713628
0.10865716733246256 0.26462023926789235
0.6706563502353295 0.3905346012910871
0.7713621203661802 0.6498283832049179
0.16260452689715066 0.06809333720715594
0.4689725597928398 0.05766376182203281
0.9946877974562778 0.39319484341645705
0.7798604909113338 0.9491211873297639
0.26446395295445857 0.73664565452713
0.8888684179771236 0.01922765947077365
0.7045951036662172 0.0638115887556927
0.3159303211872574 0.7524205437024127
0.12803241628793416 0.38670565436452375
0.5355569176641001 0.6571416204941135
0.1250580564213295 0.12879017832420114
0.45297469955222436 0.8654558605922484
0.6909844552841112 0.8406229697402848
0.23133664373231988 0.02182619686191023
0.5275911412225792 0.10347617262635833
0.10819503020792587 0.8480627212735424
0.6211255435021567 0.165034587484036
0.8027967614625414 0.09766021174466799
0.6608916168615887 0.608409473927967
0.6556116614415987 0.764398901827815
0.6468471690535923 0.5799574845149631
0.018469959951432524 0.8298256183325257
0.203532942001033 0.19228559023206182
0.3046130782640799 0.3472752616083884
0.3593624387100506 0.9118945380002728
0.24725464054314683 0.955499104298223
0.1850217897881118 0.5609247055792032
0.8001348788284142 0.3563453818013652
0.38713618652229576 0.1733115215689821
0.11699957200072275 0.18345166773724564
0.7639268366796216 0.8479567462129356
0.16708677762471014 0.9247412633520811
0.8829702753108766 0.5881763482113755
0.0768533882898983 0.9961278726769563
0.22186680775132894 0.9102227150186639
0.7551591277783516 0.692797749907443
0.964908732032869 0.425831720520523
0.7659962496424432 0.9468236292491498
0.7450162504133286 0.16686785383440073
0.3270031981202418 0.5664146297867281
0.38993650812991076 0.22994436722837208
0.3114559255369931 0.5823347333841652
0.6312785951264076 0.1790344351663804
0.0355823085007807 0.6683875930543731
0.15244801682200437 0.8661914275555963
0.7724475090513873 0.08728716478179821
0.29658200812380975 0.13588032167313668
0.30372700995387214 0.2970201146286313
0.38048115365641344 0.4090039736261112
0.2807009468260101 0.9487493346046536
0.8250465040019984 0.14358719748087312
0.11656194243125895 0.5497237429719337
0.8435869995460085 0.6158725512227227
0.2588457685517571 0.28347039879015257
0.25878144733567543 0.8522036413179391
0.05693137830264905 0.8685949283655846
0.7822754131219579 0.3638346075502731
0.690997629166219 0.8431849664843027
0.006423784812415789 0.19630953534734186
0.5604670753808716 0.41098811043943595
0.2532747685914982 0.4480036258707667
0.4273054885030837 0.6875056834167521
0.9150470891991076 0.07248753932861418
0.3843507276500465 0.762463503486493
0.46086114581314896 0.985595349715112
0.26565284060497485 0.7410383653103217
0.8066669751788328 0.6921207745083918
0.06235384292027679 0.0749312426982649
0.4701429324718369 0.9031958452772824
0.21281708184926929 0.06704475369894791
0.4503425789316411 0.6528783199808795
0.8897076122684653 0.16843671478243816
0.5746560321591165 0.0319250445293352
0.005610936056634985 0.35645298760718214
0.504929211466315 0.6650211742570858
0.659239492636018 0.5524357218251048
0.4463524022457156 0.8261012086155975
0.5662738666969783 0.8726123126714517
0.2209038079949217 0.43310102797204164
0.9874498918229287 0.9677807792462391
0.9250148385185264 0.46726502242448165
0.1164548219910364 0.5332514715780146
0.8775269029477176 0.37214880393052874
0.6524092941635656 0.4865138720625788
0.8605588141888814 0.4893419084795375
0.5855163081503152 0.6830056217205487
0.14630975036077998 0.06191825979268695
0.9542661845345711 0.6257326185860582
0.48219768765627635 0.9920471040284029
0.259877846432953 0.23187386571547397
0.6133455729026014 0.8813521299842597
0.04653431648774908 0.29121443331481356
0.8772975242429984 0.6303409991273087
0.4656696955749894 0.10207643492626495
0.16667919672305131 0.7227725020081064
0.24534251340897462 0.6731301854524139
0.32352529274933284 0.3354798553784992
0.6324926005550451 0.39565438895097105
0.8186529833572723 0.18984357262187135
0.3475398900014428 0.5189177870268151
0.41960453714237744 0.9273669824144481
0.21990077202374114 0.9553995562450603
0.6560586357225089 0.30897000952215736
0.5506248362862226 0.20174861749754347
0.3558765250116124 0.7845170854320658
0.0321130166141681 0.3294081436269487
0.08736839007793107 0.6114757967615668
0.772609734241351 0.86528968818795
0.9799442703631356 0.8902011081291075
0.8427533269103743 0.5156916359419536
0.24549697656188474 0.40273371688714465
0.7009387206802631 0.9364922889298083
0.9067692769704044 0.41064612330230466
0.4498016689296861 0.7598225773351958
0.2521387668763496 0.8518475005305984
0.5950285805846594 0.8989171978305132
0.24237776250638077 0.3871717616446929
0.054741453497998194 0.621655627395278
0.7016343207365549 0.11525958584865248
0.1248675664372948 0.6986180094308994
0.15432286059960498 0.3201591726664612
0.75895994416354 0.08396163579158755
0.24138180306587864 0.044283515473178325
0.08598888543249661 0.06448459635681292
0.26651928546812276 0.29310100088448976
0.4651022269027866 0.16646496762258534
0.9320491946147195 0.4365487201216752
0.25683363695816486 0.29108173068697185
0.3547292532651223 0.06486448800928657
0.8739239417116851 0.9365367687669829
0.2761647772719432 0.6178891672224452
0.8339283643745301 0.13492465868980108
0.18679793843971426 0.2708348623487631
0.6660310822844562 0.05456742764463718
0.4280502596063942 0.29034166821946783
0.3306505944847261 0.7004188415797526
0.26862304006944837 0.6188673057016528
0.33328685303553307 0.14519661399315253
0.6048705675483254 0.22703070581282525
0.3431149752417526 0.6861227239333103
0.29543865335154307 0.36351366400813623
0.3286645497455668 0.35428427471535573
0.668129868655512 0.14977386346260102
0.8056014384994555 0.2802316287443032
0.240547113316939 0.7044572154502224
0.5463289798061615 0.18096719659957627
0.8728997692785452 0.6192414856396428
0.8253812216019987 0.09603542110077601
0.7752716504548011 0.6955105889724721
0.8956229906350935 0.6656887877450931
0.05262677777008218 0.047945173120316875
0.6700600438742702 0.57255871552438
0.2320130856207635 0.43948167417542694
0.41789968891110973 0.9090315484841074
0.2637112536843541 0.7917292779811539
0.7229343962364938 0.19926378866841477
0.9847927551271608 0.08494272589956797
0.43623717383761706 0.1365888467755797
0.27910628145829364 0.027780734853463662
0.19753756452342397 0.936376182537554
0.3518298036375854 0.14573790438254608
0.6501888102004776 0.6665253694442358
0.211845594145613 0.7736351093262306
0.35976672686011024 0.3087574660221145
0.08949285073965019 0.24109571654232287
0.6552117270584913 0.5327642887837197
0.6057036566720303 0.11359754488494722
0.5638142732078812 0.014013143055757737
0.9833916379999202 0.7302532488743095
0.9198989014930589 0.6237891610700963
0.35261019929708604 0.28089779143072235
0.37493685798170817 0.8594027967171334
0.15106214124706474 0.36593653146589256
0.7706743309260661 0.2895383987760972
0.8064187568656653 0.9562051884768389
0.11000777689512453 0.5140556815017102
0.19677047791924518 0.018740766491440297
0.9712949100923141 0.5203549799071027
0.7317299525378537 0.9493091631970637
0.038686139911791706 0.4280690124975892
0.07710252703690568 0.581028478840104
0.8929796687955406 0.49989645917850123
0.6551804134074953 0.5641484680987278
0.5236314130676778 0.8400529181745552
0.9201184567183225 0.35166300110381443
0.834945841359519 0.9790902859775297
0.8405746899721742 0.6596500383201155
0.7798575630396027 0.6702130309692473
0.9535672424802261 0.5552665249524579
0.8615847882976903 0.8344050498087134
0.8730253465783636 0.12386839653789394
0.4550136299392218 0.27235208975946235
0.7025815761290661 0.06469199817843507
0.29691277392463045 0.8473986560453393
0.5953478250092777 0.044737359299494406
0.2707728191625631 0.802762228348361
0.2145858584502277 0.06901167241425732
0.11564642846296025 0.9520399277430842
0.8737433529502092 0.9208311568826237
0.35555105628650696 0.6902836131828496
0.3648381997812753 0.2940741507069793
0.19634577728143132 0.18296533823853423
0.16425650051289764 0.28729425035734313
0.20551261967098444 0.30642292911825286
0.8342963104421228 0.6747627551650408
0.27977274561997667 0.3358080181987061
0.049663908460233164 0.5581699189547488
0.8534662498416813 0.6778478168840769
0.19823570240945887 0.9005603982012756
0.6388705319173499 0.7873714224425062
0.6583931992126822 0.3637720368775501
0.7819307860946614 0.5405441533524185
0.9267501496605159 0.28958548439980236
0.05654343290749264 0.6380317384022112
0.30499977075254103 0.5944278218246014
0.29708634602575523 0.9787285336228203
0.8320276681886439 0.5962305227136568
0.6250280391374042 0.7809411039413569
0.1527573577098238 0.8687706136265825
0.36378015505546557 0.7999972257058706
0.2855189957847398 0.2504785170485443
0.6808439621553337 0.2116834478541899
0.15457759078598032 0.8375078382311617
0.7366734563908137 0.3658843733038398
0.530628177135895 0.7328702493851436
0.882185773400169 0.6077540047519641
2.8162979098833585E-4 0.3573061622185215
0.7926011144150058 0.3923498433447271
0.4465336382118624 0.07194029917343192
0.8524209784375727 0.47143747081960685
0.7632248058682524 0.722454377290484
0.45673361769107856 0.029225063118736072
0.3041999552481086 0.052529481506565334
0.19063355749750366 0.4975811961119415
0.2756448671673758 0.7089374177822437
0.7475131519808087 0.6607796780565266
0.1924041629639236 0.7683940579550819
0.06346179359137627 0.8972451189875732
0.5767341737908641 0.7888599097425626
0.062261010083602186 0.9958860704820522
0.2694934921574209 0.5548545911894118
0.19276355000084977 0.03964349943205003
0.21184228431040952 0.8536162922331113
0.16908811772497412 0.022438859540733436
0.6111212651882142 0.8857678747697246
0.1457101990512778 0.04311248075256313
0.4202896143510265 0.2805614384671894
0.9126215810185487 0.49613408197525855
0.8039820195808353 0.9554663935513105
0.479391907062269 0.8970204733180629
0.7573882754551181 0.017729323301395983
0.3162412182500858 0.01449480413651083
0.31280344793305437 0.08110299945199761
0.9908546943973786 0.9083819402994052
0.9539359420438424 0.30918647433909163
0.7511439923006593 0.7250902533652415
0.0904154384160335 0.46321961139109635
0.2648873847802359 0.38844930318725945
0.8810234094930977 0.969836525924483
0.6866388034608414 0.5601396051561806
0.5225951184835346 0.7769352707407549
0.4727584290504536 0.16449848748266782
0.5709527948310211 0.010239037946160878
0.10580803087696511 0.10114854944438978
0.08338172453052728 0.5159935373546608
0.7852425396382828 0.8095736085924435
0.2636333557773636 0.7105023493080967
0.6377280131010149 0.8953574050532701
0.9137924805705677 0.7582335936968053
0.08040291555582835 0.2248232411418879
0.6785902957149061 0.5762968006975598
0.49215678987318834 0.8934011303546363
0.29937783424625297 0.1843222000857475
0.10813042670752593 0.7437002378147287
0.7954723858323559 0.7473807418440895
0.0017612785145761922 0.7943846732823278
0.4951104973867607 0.6828649914545484
0.30156130034907547 0.8700038771504693
0.0608037886576952 0.8596222856154999
0.040031990348715296 0.45238268308521257
0.3236336917152024 0.403796612206183
0.34131894737843327 0.27590438369772474
0.984494460505743 0.5114673753687623
0.10823355362054476 0.8503364872555
0.3834610280165489 0.09263756447045612
0.5501989259394077 0.9564489215494938
0.15456144778596215 0.6895649780042182
0.6714063427664009 0.187582573306192
0.45299599780791855 0.30258491518727726
1.192056925563012E-4 0.9726641607137405
0.5486207024527118 0.15539376901911406
0.8859291846585658 0.12504258131753354
0.6354347119886097 0.9424107111659284
0.5040955514946809 0.8059421813877349
0.33900113863032233 0.8048489918808425
0.5553879512899428 0.8133418048241591
0.953046359441812 0.9175958193553987
0.9055882564430359 0.6055013479660708
0.6686401038278612 0.9489227083207541
0.32853675860247245 0.26892803237526497
0.31649873845269705 0.5731708091237433
0.8938189049778609 0.3445159452822335
0.7564015980923977 0.24313470996318487
0.29663076921185694 0.18014032911596312
0.5446423419727525 0.09103978452436368
0.13094216622752075 0.321987037763109
0.8412124605374376 0.3169466338299831
0.3796711493230144 0.547455519325713
0.4948781498648288 0.6964346708578089
0.04737889681534968 0.7941898017154102
0.5186036481157085 0.16886311381870134
0.04319866532437566 0.8703210233468499
0.8037707198828059 0.8864018822340182
0.8772702121056137 0.4722375001804857
0.274246487903257 0.6948663984082758
0.07081219274886974 0.997900565367612
0.09927721569009962 0.10916318037393136
0.778129794677047 0.6204071127336441
0.8089691931864142 0.9204080380219486
0.7595047166273892 0.9194506623281097
0.9010291343853447 0.1053189216903957
0.49536646621300073 0.672456145549187
0.7600991808844915 0.6691580828126836
0.2170820638796077 0.5966639013355858
0.31799947576415 0.7411280892502577
0.3667335183336421 0.07435755237141406
0.42252459632757633 0.31387950636575757
0.290463423106362 0.6786827605964438
0.17161718357923839 0.9484382459880921
0.23851937652830424 0.08107664353996558
0.6361427807100684 0.8802461812486071
0.4257595728599155 0.0315995084961036
0.4661799783118903 0.7926836595587237
0.6984203846322566 0.8143468249830682
0.3858754055102903 0.8634937978393972
0.027441658251273315 0.40434709762386023
0.2535433303367435 0.2225666314170579
0.29746252816971197 0.4915620161267049
0.8993585189515317 0.014093437540444231
0.08289409781928603 0.050633837071475285
0.8507236579932638 0.32365344848497246
0.9114815599283733 0.46673952456987444
0.31496041116266726 0.6946009554033115
0.11973861218468951 0.077201549318474
0.031118740093404984 0.3279844615245041
0.1838182279953079 0.07579151374439053
0.952863206484559 0.053800320629914244
0.19923948304168126 0.8709553458200848
0.16553833147469832 0.38113252966256317
0.3835590909413533 0.2340178135590465
0.2447871642221996 0.4768171773470401
0.4971367948871339 0.054602834612972884
0.2828368262570633 0.7306982873428327
0.7271236912740606 0.9722818466104007
0.9457124647945229 0.5456408970783172
0.8810595416059475 0.18966141354204968
0.7738735612730365 0.20670414639200907
0.3479239081111595 0.9842036331003247
0.07316072610131585 0.8161511538976628
0.7887404838477798 0.8932456256529182
0.008715530740704192 0.6750995275758462
0.6937623458234042 0.3644046870871288
0.7065618005466343 0.37543962543448306
0.3357344627541651 0.9906555312719117
0.441640664964962 0.3123152516113007
0.3281238921109948 0.2003726267915119
0.015249393519155996 0.32315840169102483
0.4448121193816722 0.6933626538899816
0.539739421150365 0.2803131673250575
0.9676927420116326 0.7128649054143742
0.03835445205210941 0.29026505374783884
8.814779232546588E-4 0.23058464344016572
0.4304914673253549 0.04903104199113206
0.6301413139733196 0.5718027034757687
0.006656619329184821 0.20100589062374208
0.7178840360446406 0.5220419641360224
0.1110476084755434 0.5406767594917623
0.8152523125815114 0.5920542224366234
0.9714113684008681 0.5459171340988419
0.23604642032835388 0.9601681066794455
0.4850116331260371 0.9306075624667508
0.4751319474009512 0.9341415992707607
0.5553006733358731 0.9562609938413686
0.6050054137568658 0.7702704577216971
0.5521816231486375 0.3942913087865535
0.9060311241614252 0.7697062074924197
0.8166204129927598 0.42916104333941074
0.9596828695235543 0.3557068840059501
0.9105028156480819 0.8778100648016883
0.754951640011437 0.2862599417642677
0.9484017194000793 0.11253163271605093
0.508996964196697 0.2769548882261088
0.7197640490121952 0.01574408989060616
0.12283983572475121 0.04915071236703361
0.7163512538400196 0.8765781472988337
0.09614641746083596 0.060781019021480254
0.9500883875140974 0.6016062195765082
0.5460470624119117 0.922257518064696
0.07539381067316864 0.9367813554069965
0.0409719565242872 0.42024725171050414
0.3153937826392015 0.8423810386770157
0.8807559479127057 0.7774113187759207
0.3597630014211689 0.0034565297335180656
0.6572391727755964 0.22575920406018124
0.7796392738728567 0.3728907759925997
0.9904991679254168 0.5975186274393972
0.9621667764601404 0.20862735547982247
0.07110445904976848 0.6183028186754626
0.6910530887511903 0.9965346772639456
0.5283504312793853 0.9234344788715224
0.94648659747048 0.08045145824397826
0.7115567982012682 0.872548926424954
0.8268131041104861 0.3813131011695545
0.09640795283525483 0.15216723865216486
0.24806496872928174 0.028194980696418903
0.6563027740590796 0.7011313770580959
0.8349214795722898 0.6016282795024303
0.360787945698841 0.8461962474199429
0.703264859136082 0.06362810561952925
0.9625715164067097 0.9231640570169459
0.6660206952319708 0.9805963316574299
0.34941336659986844 0.06123704719592049
0.859018226494323 0.8896198657324959
0.03134571441272371 0.38167086601268363
0.7695188989690173 0.5198763057465369
0.5083483881958506 0.6587961430496185
0.7333098563096623 0.30925311779456466
0.054191979633114395 0.5188630207928882
0.3112979398826339 0.3626639803194637
0.29574154478639125 0.9775164476080254
0.025538258563599592 0.6426578969568202
0.7173506307006503 0.026984875789750284
0.4622110554931046 0.9899681878102117
0.3260894174993275 0.1184879650806605
0.3134365147351893 0.12435108733325195
0.5131675797838234 0.7230280144608797
0.21797980050380772 0.03637117195371575
0.4510096556680322 0.7860679068197697
0.5645084344447646 0.30879859992357694
0.9140844709631607 0.6170043940643418
0.58720426742411 0.1415612636129252
0.3267059679340487 0.7629196066894911
0.8424253211240323 0.7850741553724659
0.16068682160769276 0.20247314455184628
0.11026843768931593 0.7410651715967412
0.36786917099397454 0.0358530740658527
0.570632528082132 0.23660183276085156
0.8502140757575413 0.41124641992333266
0.5408229528536208 0.2978731619463276
0.2734284811434765 0.6879474966359862
0.2205189538968798 0.6693304721106705
0.7063588991774573 0.301045527390537
0.43136602181464434 0.16269412190299026
0.9683962170131435 0.9842650679011219
0.2104785500652785 0.6247733806832102
0.1056150266800071 0.8100638060122025
0.5183627214812165 0.2888973768534362
0.3188575356022356 0.8142645798841504
0.43791954889508866 0.20619557868905525
0.3697249492114816 0.7360483522258194
0.11927678478542736 0.5774266105658249
0.38162398881731363 0.8539187195581396
0.12144461129098216 0.8440011066444136
0.6630652274070834 0.6129876959472059
0.2550530254719299 0.8320810250288956
0.03994697825989035 0.19126337242824365
0.48994037699481163 0.8185274490112439
0.06436187204172839 0.6822900841216286
0.8034731811019813 0.6215300123709547
0.13808091069847162 0.3716774488905039
0.2250445075180818 0.39623114081407595
0.7067685133080713 0.019386907040676804
0.5539559652838897 0.8639143117193926
0.6679520591427102 0.8038751942184662
0.9192902007118788 0.7347603866111704
0.6782885929086913 0.5478245100097404
0.39498299645588764 0.7869306410401635
0.7695080584611311 0.40343086615933166
0.7632309577145951 0.07506329201386985
0.09770937369430965 0.3497645584110415
0.16371287783699506 0.5151745307785945
0.19622991146288116 0.09326856107889192
0.6740466995237723 0.01865473019659769
0.45039481081400323 0.8672963446646264
0.7916093433926182 0.29800099966233706
0.4284524598485655 0.6985207588804677
0.7585342562580475 0.11449779587505227
0.0666806196403078 0.66998601870995
0.3658147924103715 0.9169437664979564
0.40141119937539405 0.2347267317304501
0.4708879908569701 0.15545160622744858
0.8439957907426021 0.902073025416733
0.04986764695876489 0.4996589974045088
0.7657038496285616 0.812069584679985
0.6362305162629055 0.05525552104229614
0.10475189264862839 0.5027177757897714
0.012583221943089806 0.08503114238437726
0.9989695278000857 0.9546304430194824
0.08727532441888486 0.3399765578187338
0.7417648968554964 0.36570439823855483
0.15355275473057206 0.08640695738079374
0.9644679103789587 0.32212907179305894
0.49439754472043884 0.6189121270206986
0.11812568876607188 0.7554328671583435
0.9785830851325458 0.22191744468224595
0.6357434009000154 0.09475898575996444
0.30654646073429126 0.16033293778346736
0.9299789946117442 0.5874676126207137
0.1333437158908164 0.7089398372627201
0.03524201982711217 0.9718533392982973
0.8489316993431737 0.8417189472750117
0.026343203760964995 0.15428255111920353
0.26434616606982664 0.5119227107649088
0.2720526548802866 0.7321069022294796
0.7966479159868671 0.08564346939419187
0.9054837722382905 0.27211803805459656
0.5175229388160485 0.7474558422433034
0.4582468955658092 0.9520548497661604
0.3165534975083797 0.812993564897189
0.03232036825659701 0.011522236640984729
0.43293889977581224 0.730618835558352
0.7524431114015503 0.5536343239945088
0.8439739797073985 0.6792528734715034
0.5294767435781186 0.019347198633960838
0.035325911230051577 0.8036569491114628
0.17386856592126343 0.5466507586857807
0.6869812298118938 0.5960929717908569
0.9101058712390979 0.9803392121970689
0.783935309706003 0.7160381534751483
0.40879994900651484 0.7248669423703955
0.5323650302841103 0.6318184956801214
0.12104654607863308 0.06234119196278487
0.30607547146138725 0.21265774965878514
0.5966155513782091 0.26969347874671135
0.08718458884542746 0.5868225455977045
0.023459910026819242 0.39437264405309846
0.9587118713022109 0.46272819115942965
0.6731481836724131 0.5655371860854106
0.1007246761809677 0.0434060071152188
0.08345457868614214 0.8976088605652145
0.3116627194330307 0.9910792567063244
0.377709866555486 0.13286179503737172
0.893588578344833 0.7283273720863708
0.7700818867560313 0.5637813339824692
0.42309998353832 0.16253143707663642
0.6913956173686652 0.9154573778177321
0.515274247626463 0.7511233481087353
0.572676356714903 0.9359199526406455
0.41681568345035047 0.0102441211297718
0.11431239381509017 0.164278189633421
0.3024448795740676 0.682986125051247
0.32566739331771 0.5252462976424562
0.5827691113442417 0.2691629415339887
0.6995246456417986 0.23199463769706186
0.1468600023526786 0.7151484858310799
0.04559899688882363 0.7657024580440368
0.2545891893203571 0.42931731184013
0.19810986963282484 0.2893349114482272
0.579192517199515 0.18023014320667996
0.03933940855916829 0.14938644533144574
0.19610945609192942 0.702133855424493
0.1416260477509368 0.002847329870478199
0.6756463250883948 0.4036538430276053
0.1463224435636904 0.3958675543635245
0.03751415778949663 0.25056169120035254
0.30084162023424377 0.09955129457907652
0.09614855000441114 0.5709226684746127
0.5932317314929556 0.7476041667589272
0.20408107861252334 0.5608504536925545
0.528966742259658 0.6392744817092709
0.06329104434113952 0.41040392186989916
0.10356582221154587 0.07592822749552253
0.8307484263597538 0.99778565717688
0.41856324998648553 0.8622631186859232
0.9914975709033564 0.3938605265266656
0.4201857875744621 0.26137267627676375
0.2844921492667878 0.5555533604462533
0.11766954809551067 0.2059906418979014
0.6571304782894366 0.7795909157904284
0.944701378077441 0.758916668127001
0.29685982876354455 0.45050119619665374
0.09514377306529975 0.6682199971038165
0.3402022487862577 0.6363825587176395
0.4599732515153899 0.7385781506208808
0.29187663559082 0.526989078259838
0.6526922957987683 0.565957290738408
0.8160350597023004 0.541110788897056
0.9843405245050241 0.8500484318912754
0.4851881587428273 0.9673595307064314
0.6132700957868951 0.5355569174833691
0.9528013231399654 0.5665694056437011
0.2446269053233563 0.022848715811134346
0.24749922919431333 0.46451756482714
0.2410906293562144 0.7723567441887255
0.9471656371080842 0.15742103096587468
0.757158846176114 0.1931882629559919
0.35266184155781666 0.5057007285336008
0.7470019292841792 0.27196947083897904
0.22703451906026784 0.5423362550495173
0.2886654760296733 0.8817899531921789
0.6558858944852886 0.15949964233868508
0.43422626695873767 0.7872220808434701
0.41030680295476674 0.06579897016602199
0.8255611509336535 0.7660825885270809
0.49153372364970616 0.07901418859836629
0.7539932423828385 0.9953388230131814
0.48813959804463325 0.9920987301637081
0.1929862471396514 0.1227328248853653
0.7349900020164208 0.7230536120081308
0.049749104727425 0.04879101943869324
0.6371162269572893 0.5255348270772037
