2 1000
0.9320069140646948 0.0438572138837785
0.19953088925584805 0.6153618153654725
0.2754960900916439 0.6811434378019714
0.8579813033054035 0.743670503017988
0.9882028654586704 0.26245146726724833
0.8997982981151452 0.4979657228040797
0.7251328718223493 0.34064846706612895
0.04484472320712951 0.15033797841212393
0.933540361613001 0.18084929987008191
0.5016087946265146 0.008951574091820902
0.46595927379521973 0.9742280152382184
0.8661782762233252 0.8463312836370566
0.5111521322054733 0.11464518077655983
0.7148681322728698 0.031596366073510906
0.3145452220167728 0.9000156734374262
0.9572730100845445 0.36329995132697557
0.2582312479111665 0.2297872233086512
0.2243861346045053 0.6372168694102016
0.4189046278078139 0.9487309557271494
0.07232534855297079 0.039224049874174605
0.9288659389121582 0.5598498315541999
0.17397284895421217 0.838630014265827
0.32251936863777464 0.01261354560508865
0.9541873498668096 0.9073249145443165
0.8995079953006201 0.4292274607317339
0.10361913910169307 0.3488026114209606
0.7143143355740293 0.9702231768087813
0.4863670739938486 0.15223690045616067
0.9669656642336174 0.22954939748901748
0.002972060436194246 0.9171022707798802
0.09165041730105372 0.47162782481593135
0.5660839300800973 0.13385558519395258
0.17666156060120797 0.11449379933681247
0.07356977139790666 0.5607413021069867
0.7363362411208569 0.9309219009013684
0.10080194682062826 0.7527929391651378
0.8420456758647924 0.2012492063091701
0.7359086231340674 0.7230778700181942
0.06659447295871368 0.09959179335930202
0.1306072597958886 0.3793797082590816
0.2732115390208113 0.8396457916899946
0.7366846374369671 0.2522055651134555
0.1982200993848665 0.7462467041884373
0.035424920835947726 0.7410378109234518
0.06642428563231484 0.8167106764862698
0.7125175492707383 0.7431710996020414
0.16799942391404077 0.4205050166949872
0.8699745025613077 0.7690350516519101
0.14310411041594084 0.3909651797320953
0.43651435871042155 0.004484991817927275
0.6864849215002929 0.7171985764013757
0.16421406367202118 0.8018376866835738
0.6973200659791061 0.9781804265903465
0.4134852446998397 0.797119685542959
0.43006575555793425 0.34106305529933656
0.1349279371040859 0.16139732159045184
0.8801507445862401 0.8664172177467946
0.9343586871220192 0.9218808381609852
0.623086601637071 0.8224540769785913
0.4613531571523811 0.9733499868130271
0.7785681725075662 0.304998443810246
0.6847155193065434 0.32026459009555497
0.8785977391631106 0.6963022236474581
0.9816188337064785 0.599434307289471
0.8124091075892172 0.09726721810633299
0.20040738537961367 0.21673387365723185
0.8987888686824412 0.9486280049225534
0.34335520727173274 0.6092125037049207
0.15716489269393563 0.0011982531458517576
0.6046170410871876 0.21941494296729847
0.6998439056173845 0.6380916310286864
0.3308390642562484 0.6618384112818283
0.30881446100213816 0.11906309478268906
0.7577877860962584 0.06608557357192568
0.4040589625232014 0.9975886236822575
0.43952575844824116 0.2656543328943266
0.9681620299798943 0.6425900404331609
0.7118216799851246 0.6400164316599999
0.8780305971533311 0.520252563942768
0.4526277264086155 0.09185350704467954
0.9403832508401249 0.7022268394295731
0.6352788268403374 0.5521318384340033
0.26011436657260933 0.7705630881611479
0.464351111251019 0.0832595985057979
0.06261004401596537 0.34367481917406006
0.6957545709003828 0.5649752848814583
0.2761151326213047 0.943356092193335
0.043480150444334065 0.08315979484047031
0.5195137048778476 0.9793740141772458
0.10430990745527324 0.1251615052024576
0.8065215241815584 0.40987314833502964
0.36680151396154737 0.25510076018329286
0.05107426518611924 0.046745741642812755
0.19609115656681675 0.960511197188285
0.6757583975179513 0.7810574635561194
0.8376789976604899 0.4274677057882661
0.5374966738296777 0.806227241793973
0.9756033766150497 0.1875737207989735
0.04594676809505471 0.0692412911345286
0.16023703482119467 0.9284391286778718
0.5727921818747951 0.3453772019487522
0.8364105601026747 0.8248627785012365
0.2873492873061423 0.6674380888068531
0.9902626671876148 0.4642889481024265
0.3543509533476348 0.9846984628564873
0.035659797010746064 0.037058476325120604
0.023429014013496063 0.535156312593095
0.09954639601044768 0.28166896142230646
0.033581871781985795 0.18346642228341914
0.8150418156101317 0.8151977790095462
0.009157512008467483 0.6150675693764864
0.6728400288465455 0.33468009111587416
0.15763895782179793 0.6082606216276648
0.9182382489941655 0.9020916667230894
0.535779999091648 0.7098073464438712
0.26408777472687106 0.3335360524305703
0.43436951812815017 0.21674180170910196
0.8335834433570053 0.6100638483511233
0.5632743221721268 0.07084614456129246
0.04679049961205062 0.9449328408907829
0.6044799201242931 0.3567989271624603
0.0723728202963283 0.8606113373467248
0.3995604996610973 0.3050092716990179
0.7665053534777743 0.5197837298018122
0.29816570516247454 0.5089997182968103
0.28900659682307195 0.4770960218112069
0.06282739529277692 0.7196764607355564
0.27637783650741277 0.1719376854029987
0.8172876651680614 0.427054432114505
0.6466419505104434 0.7613655866078061
0.18155574819052 0.3144985712877617
0.6017301945952486 0.7406766918387367
0.10326223897576525 0.05018141417473254
0.9638888334658349 0.9805847673747389
0.9878041470990058 0.4195432593274111
0.5062156536224345 0.7226587454497927
0.12338086517770452 0.6338393404037524
0.8832536184267733 0.63045843020561
0.35523164636760174 0.03597452802135437
0.6353708256844024 0.9712096309521727
0.15423132383024973 0.710486519130789
0.20347368645128572 0.36585100906769996
0.573447608606131 0.8893466165220015
0.99190978627728 0.5016813112427799
0.033073040468961645 0.15970693014574133
0.5616214374922145 0.3231269008840487
0.5162266682643312 0.9522419522009173
0.7878262963383685 0.019195368254574907
0.009279519469899689 0.24717294477369056
0.11947118854336825 0.7805214291559331
0.18582865756466282 0.08720431731961764
0.16145467898030808 0.4764611954822592
0.9182625141968265 0.7725014460046937
0.09823461377102982 0.3609590638591641
0.7940303369670083 0.47228166153826856
0.6683829946820796 0.34731276427084745
0.4507514888724642 0.7216850601834566
0.7367441696889101 0.8181676476907985
0.4882547459336596 0.6578121644740665
0.47220218805387537 0.1414171030889384
0.47434759433909457 0.7932453264812487
0.3450317246760183 0.15514039337811447
0.8620304624580208 0.35489465839625756
0.7338243779255355 0.9069387370104275
0.3434131729017802 0.08658566549224578
0.10372543702525827 0.6905202811421903
0.9108528690755557 0.22444913274852973
0.6751503808453939 0.9921211306496085
0.3327144245668613 0.9724578596565412
0.0499584161838994 0.4120562596677839
0.7210565805345398 0.5837885729484491
0.1075452661910189 0.558908766641369
0.9531803179122834 0.6687762402520123
0.45330945216655305 0.2755350188368759
0.13881900209340514 0.6660621532643091
0.6109443162994839 0.2174618357682383
0.1315073222675256 0.15651325425883678
0.21491162816062914 0.45955103953309573
0.9360040690321239 0.9613138401280341
0.10104541446468296 0.2101192478351731
0.4635823405507292 0.08959426625079914
0.79248463418764 0.004801422911898889
0.20984100303022757 0.3962198598284964
0.25362140361838337 0.8338243989888315
0.5352113815518532 0.06652341323572064
0.13625404211021108 0.35374062729074296
0.291660945572626 0.29768828228283783
0.18393602924816488 0.8396477927926294
0.538148358851707 0.07656473573460443
0.9244078991692747 0.1775020201486649
0.625900159882425 0.9776885417799533
0.03584248445139959 0.44294045710310914
0.42985812810162005 0.044081031938242976
0.16848150672904305 0.6170519604913203
0.44248608713379667 0.743685984292138
0.6291020987677307 0.7847710852846597
0.19085404924022809 0.06779811746531972
0.30190499708280616 0.08063084271895393
0.7839691834131958 0.0587606225630557
0.7625173941922498 0.7643239292609016
0.8443713019789759 0.9351646117991153
0.4658310021501958 0.15983888818522252
0.7281070306375076 0.9748529929805781
0.7524305534824388 0.524307769342943
0.9158117986513892 0.4846739550561474
0.8324787472904154 0.18052531985635967
0.7057955788797634 0.547058152579544
0.20045833892920462 0.8129653237153617
0.9992968133993376 0.8886002468241347
0.9461726676666613 0.0054615849174394215
0.13266693567414023 0.7618822079630556
0.08910534501372602 0.5454275077668287
0.6386348932496798 0.044640307486664255
0.9140253029288613 0.22155753138982814
0.2519031711151416 0.8839144740137015
0.4804933895630058 0.0340200642404922
0.02791858697565841 0.1606944554324785
0.5316232560931078 0.8251205686270929
0.5420165627345713 0.7189553523311943
0.8650299346625697 0.4095837122887662
0.3209268300665551 0.6067405189307618
0.7567750442026486 0.6466401673728301
0.1174045034059058 0.04361781612926663
0.35418703435869126 0.32393238171772043
0.08676555988531964 0.5863686954940628
0.9768651771283238 0.6562417903670591
0.6788217442568796 0.8700550326414463
0.5615792215503188 0.8252923141686789
0.11053084385273015 0.7257622790910213
0.6294570867342523 0.19692569204995147
0.4965711522870956 0.057548124226099895
0.2429693627410714 0.15357678072712055
0.824043417759631 0.666711176396265
0.06054360686343019 0.737002944354598
0.044885107339439734 0.5063572418971511
0.37030496365011767 0.0028106632422693067
0.6606640282245615 0.8971106336094268
0.9154489290039549 0.4704360339338769
0.3790641301722354 0.8103843157610106
0.867006856861719 0.49542773372626214
0.33902397460687983 0.36831959211079857
0.7850177810970266 0.9645042306725347
0.6208311794019943 0.26716155010540754
0.1722816129136856 0.17802571711152082
0.8908904910799496 0.636986447387557
0.9846411782428994 0.16796934136337438
0.14093613316067655 0.379990147318485
0.7962171233357963 0.7221735544574057
0.6466029670626989 0.02677566053963143
0.3360650042016131 0.6207803776317138
0.28293535238734546 0.17171203564849902
0.6463441020911845 0.23973681504891642
0.7451384164562557 0.4851177408251319
0.24098006951217665 0.9583600653133594
0.1867993246514703 0.7305077730686986
0.18788588439564013 0.3747711154583341
0.14473179892158128 0.9792724723374004
0.9372777601725827 0.6169255675258322
0.613532630705902 0.7655663008072641
0.010939801041461972 0.02589587762962653
0.520685901910505 0.9414814388406643
0.0958636244610166 0.3696498458025591
0.9486578165461668 0.3437022865123337
0.0788182581892154 0.11638465507895601
0.8103122376462182 0.061879462132948926
0.6588449732050825 0.9324320573427766
0.7221466591899354 0.8703552809708702
0.26268350190437695 0.2215284407003434
0.44664494974817215 0.3024207320870622
0.706064536925638 0.0039340950288462295
0.13920173229697141 0.2981131729720531
0.7004754599530754 0.7721423651152824
0.5731809812579696 0.7567923742173656
0.9980020037263714 0.2185416667415342
0.5506949547162692 0.05911748818097384
0.6908972044419354 0.2876297486834256
0.2772958871249813 0.22103285238027925
0.33584095602775166 0.16610717621051274
0.07116135875136798 0.48521270825287044
0.858415795300587 0.9384274294298361
0.021567051420709138 0.6100114928065649
0.03987495572245647 0.9853514650643068
0.10626907291749743 0.18604308218103593
0.619721019568593 0.09734833564028078
0.4857122823434129 0.1792345998176882
0.8537918694419241 0.26672131069878646
0.2067567995555728 0.30475416974146385
0.9041423501287418 0.8695686855197269
0.4229362202241864 0.9954351797763249
0.35133999332415544 0.9483974969280162
0.769600132175311 0.10948267674752754
0.0029916516672681137 0.5503156864094341
0.20865448911194218 0.6261859885344158
0.7184680281674942 0.27734462859217046
0.8821469234351685 0.7394248072792127
0.03869571948969397 0.3557222606852727
0.5943444515165869 0.8303686729467611
0.007173189482052034 0.03778183857484285
0.17414177575623468 0.45680738657794817
0.9079319244906957 0.5385008808549013
0.7538324054808998 0.5348170841148874
0.8269310312156292 0.2368698370166018
0.6726211030200036 0.389105746740395
0.97170344834652 0.5060768829267928
0.6912882945023315 0.7901474226523835
0.5978583639428632 0.8830188757928967
0.9018288827743576 0.3983878616782548
0.23959878108823773 0.203904984639123
0.8912353289407111 0.4048077425980534
0.5722697521768415 0.30166036831052423
0.026060762108959468 0.35515772744251184
0.701017500899108 0.9973494380679534
0.7164045732314093 0.002626598386031964
0.8367374762529303 0.672913168060636
0.5513701072319892 0.7806205754781979
0.6189888405587785 0.33173620155006367
0.40177452800577007 0.7455532455794909
0.8045605625530746 0.9906076932419842
0.6898271560869915 0.9683754467704221
0.7884005798653055 0.23893128441820277
0.010221677433194798 0.6019768161113127
0.5742413895965285 0.3789860225557934
0.8428866230329506 0.3770986105739774
0.5472620482000476 0.9796462543331913
0.4132504463502492 0.728395126510137
0.8274372937704579 0.8237529391390043
0.7152000443976526 0.2572780659667274
0.26139578392802676 0.9088361058834581
0.7998811696328013 0.4894160988498306
0.23897807932604498 0.9492213120139392
0.7004129511937498 0.1683525643092716
0.6090435316307784 0.13177501743851094
0.03707982997773307 0.929660048315015
0.9575109474935983 0.9864732481920147
0.3375795184493786 0.6303588794506522
0.3348803046755239 0.3574521643172568
0.7957944338513067 0.7188776771428688
0.2573522692470974 0.6625326563943752
0.2363865365122385 0.2624380562008698
0.9271622843976908 0.07694732130766124
0.030953629420223172 0.29391152472711435
0.6178428758571121 0.2195321581068287
0.9243664272610983 0.7578706901578358
0.7313579136810118 0.3854921825959229
0.33484246123492056 0.11148389404070302
0.23150312272342188 0.7733988852132608
0.30225637178313536 0.556065341875534
0.30745694579878924 0.1295764107995665
0.5704611117865409 0.125051473211355
0.732274068757062 0.2914153040558689
0.7328714024334045 0.9380439910096386
0.520647640862684 0.1826689754578198
0.04513322294768418 0.6168068555048157
0.31514376499417707 0.027530870732972113
0.04259938672312391 0.030108130905561414
0.4504993045732252 0.23264452564277582
0.5561340742491836 0.3087843109846733
0.580978941703035 0.6919175065057431
0.6172762256871785 0.1489363805862235
0.977217892083991 0.38174637282600643
0.40387073496144865 0.3752265274084595
0.5565836590316938 0.2510168573700563
0.2572273759821061 0.04340410195432254
0.30928254684405465 0.27151297712871925
0.1796911745198242 0.842603071128793
0.883197771046086 0.28822211469242653
0.30117858230953465 0.21083282868058206
0.020157341368619686 0.6241455262681084
0.3286736816061918 0.2588092980652723
0.2916793908978943 0.8318947439341372
0.05381708405364427 0.10879115115697435
0.621040152799917 0.39155471293655164
0.5976806872381341 0.1280216040074017
0.10113606015647303 0.39971260736056424
0.03442305384977373 0.19936327910890717
0.2059022183300564 0.15449122837331497
0.8206268461954347 0.6548195925558447
0.24971200774904878 0.48035808594520546
0.6398175060564317 0.8173479480831558
0.7484656908305359 0.6392087840227357
0.32370992261565834 0.5586434815975343
0.15012700633396447 0.614334837871989
0.3706077467494737 0.2829228011600401
0.6449606749397854 0.9664266891891943
0.8337852372609892 0.5164539710087077
0.5335769953852814 0.0326012381359172
0.9071557973287132 0.09677402366611132
0.21886041649414656 0.321163974162214
0.813614652880505 0.4251309320479112
0.8312238739204142 0.3365191090226629
0.15008947782462412 0.18920920115400663
0.8561540993555675 0.8758195423855111
0.9508597524568814 0.5075506869761811
0.018197729629406245 0.988203751124437
0.6474653420197918 0.3310478607867374
0.2853061200397713 0.39597403878099147
0.6383742099072183 0.16059144804884262
0.2611811389945108 0.7749800499300994
0.6894132970715949 0.5762279844847097
0.5200574070636481 0.17885762251152781
0.9704173804396015 0.9918049196844894
0.9007366571124243 0.7988716794940889
0.21354233637971154 0.9112376801501877
0.7093196856526395 0.12006906477159873
0.6380813194321037 0.34184203724875983
0.9142409439950977 0.10111688036986188
0.25308149868430996 0.5667970707871914
0.12353743573540443 0.2543757719591221
0.2852399781879914 0.9102093540678151
0.46336083856346943 0.8044108170048803
0.2092026864196962 0.7730634051524238
0.7185429114779472 0.8483714432047913
0.34827107001773694 0.9995327284883291
0.9055396741212415 0.8688259325285411
0.9394840147984974 0.3794831596112088
0.851444346648178 0.11285647990173209
0.19553619995496352 0.9088934997187329
0.8721459973454047 0.9602237434252324
0.36044561029533606 0.9833474150228166
0.7048295636984668 0.2774544125512989
0.6367323161773201 0.9414697686517873
0.2742985428179584 0.8398502072889739
0.8916364710069542 0.4061254808548683
0.6902638486798538 0.5134877105963082
0.696142795360011 0.761161562841472
0.3368064112879552 0.27705609557047883
0.7677769197034069 0.13937825677845117
0.06890395390070847 0.7787417707478964
0.09895328650208424 0.6828175202961052
0.05253877989789513 0.49979045845177617
0.8094341430546896 0.3018183908705897
0.5360232400467421 0.6682334613848658
0.912565586375004 0.5766956338220078
0.05067717557086371 0.6457064131253021
0.9749925986096727 0.7096541227040953
0.32406460138573434 0.15460227703149798
0.2568805333566371 0.7712217515668978
0.8745825287167471 0.1103060109541888
0.9968891660827545 0.9977271740977
0.33362754653201343 0.9742082576301982
0.15370807679961063 0.7803808745047206
0.10073327939834098 0.8171269391947749
0.5956979662520239 0.15739281727150944
0.13219212850786033 0.19168607834531037
0.8859470429472149 0.4501150808398314
0.34441854270667094 0.9568003523651669
0.17595365788640083 0.616474513321057
0.23045449317920885 0.18760997870380114
0.8662155115406547 0.4224511943587441
0.26039522233472934 0.18378371100240554
0.02736978391172784 0.6801547616160755
0.2184711430116537 0.18204274063491444
0.7325815284817035 0.5970542912464958
0.8789578400944452 0.6782355679589025
0.8397359984586626 0.32652855992716756
0.8788859864105522 0.9320975240759442
0.4631661171482736 0.8162607220069569
0.5826859305289346 0.8658331295676811
0.7234957142442646 0.014616215423656098
0.492343709022801 0.06984313467656078
0.3629668496098698 0.39360396069306813
0.7982740801388393 0.5268595149496946
0.1757952429381241 0.1487270336393084
0.949507320177697 0.2689416697629009
0.08361763155169177 0.4902111273415728
0.9464153131308629 0.15324580663588117
0.13845370881146024 0.5900539214286441
0.85250579723721 0.13515099486082305
0.10281082750477744 0.1682054361947911
0.13646092033060575 0.5928865112346546
0.179960991229549 0.24064701723948412
0.8940695997354738 0.13435448522784366
0.1517008320143891 0.35439162703216587
0.32840896579176804 0.7650519843191227
0.06902445776771071 0.8719100756340047
0.039754145420398346 0.7317413908336273
0.5478197752645149 0.8813701545152732
0.9506062517638775 0.7549952083305558
0.38565354000206353 0.8651257067412683
0.060413464385740134 0.6137354962566222
0.3019150434589615 0.07461939680042351
0.05371313142639089 0.5161799171430662
0.8507552219760086 0.013612407055834885
0.7942416109843118 0.5248387661383213
0.6789069568434453 0.11753654313652995
0.1468201908057215 0.2272544195902213
0.5190353003369162 0.2048552524327658
0.32687694064111816 0.3062993862193544
0.20197027822186397 0.9450269639548636
0.7767879945465438 0.7408038947844198
0.8837970633913714 0.07623728307814448
0.6155372346826483 0.9934018846432082
0.7259316988174824 0.8168053194547745
0.6668737597139313 0.30803180125535057
0.6736740413743301 0.33939402075839087
0.9041231185456744 0.04012037949595104
0.8619081702466136 0.33226575606223874
0.157566765542701 0.2621201765931811
0.10477771144363823 0.0011805932798877317
0.26336982973332956 0.3733611135247552
0.8764730329928321 0.571804408793914
0.9043087570443171 0.19553208057243
0.12683676810998679 0.4352562563528708
0.647703405042994 0.867210944246811
0.05523029055684914 0.8993080305738432
0.8683302494784282 0.6436123826587408
0.8415537295343182 0.025372106063583533
0.06756712859936453 0.5939483128747349
0.7184478956306214 0.7421760696799314
0.24011193608696169 0.07318331495436015
0.024441235390703864 0.2769057930066382
0.8112161519973936 0.6381196901475595
0.003394409501455198 0.29265018273469634
0.8570092988918624 0.5559435886890635
0.7285301987011561 0.9769458001812653
0.13330942841690818 0.008307617727526528
0.8256164230545564 0.17943392908851485
0.13660797549410775 0.9462685779618254
0.06131086585612899 0.6206143361807139
0.5252876516065043 0.7134974600956432
0.23153505847860245 0.15051355477866857
0.7598980470450943 0.2571668542696912
0.030059596801717547 0.9421139770795465
0.01678197200501408 0.9677677376364863
0.3386942193803636 0.5693525697094208
0.25971656090605466 0.19546136893278043
0.010566004670513496 0.24650235705445223
0.1670047848580951 0.21146112127933192
0.5167511776558543 0.2025410396625863
0.9655341930178413 0.9455752344447423
0.6504067337818475 0.9164857848994528
0.4044183606519006 0.3266542222659955
0.1612743254487532 0.5580809981208298
0.28322855168003724 0.9788604629215616
0.2030519321212524 0.4735032643613877
0.4095966098812961 0.7600743580983974
0.25338165747544195 0.8321703279493073
0.7756860436798554 0.9257214415765165
0.6550598203974906 0.36127284311631747
0.4497522278689321 0.2728780719549596
0.13415372640236045 0.3845475231180788
0.9097201735354598 0.31834065323139227
0.19656984699611713 0.6213537132043627
0.3956086937825246 0.7262489567035767
0.10046086025678602 0.47876784181210763
0.3642533852836569 0.17548691453926213
0.5771106244886154 0.07955452914974992
0.055073447545998966 0.5174397799531087
0.2954981109591951 0.8201541486054184
0.09577767199453813 0.8352538201942193
0.5869986860595284 0.9732557735044801
0.035998797649232306 0.03201261213583928
0.2008839496152408 0.05558956829441519
0.13004211024892798 0.19460326379703952
0.09874943339236797 0.4573248727842538
0.36426783661714457 0.22317678730020396
0.8254954327256093 0.13298851664008926
0.7056543184816607 0.8136068653960554
0.004709837940134798 0.013126898820176591
0.263602656655733 0.0313446486890836
0.14325372095895872 0.17478147793338494
0.27312338039399997 0.6599805300503974
0.9000596667137545 0.07211808150894494
0.5100935888756971 0.9494116729314335
0.09427159609435032 0.9086010760660984
0.9949625848714003 0.20976528261331762
0.029088917585744833 0.38617226773020974
0.7001290423933368 0.2730784676377881
0.3615204370468188 0.2853743927114252
0.4987482364528695 0.897724352138261
0.9901908395546555 0.24826363009008556
0.06633215378924373 0.6365483024939705
0.23987786682014423 0.3309252821929337
0.7406704902445639 0.01550957678695164
0.5166640458602426 0.805170171674084
0.15068089474513569 0.4097713351511365
0.34284196006810885 0.8368611337447772
0.0330017912227738 0.43947190136254055
0.03628832042938246 0.8631982902610834
0.9928488152508027 0.09168754788790667
0.1823678606205661 0.537176292442789
0.28363342864026486 0.17448711008964324
0.36473909222198997 0.2615448748244664
0.1845163902311161 0.24393597971292014
0.99895679655257 0.8745362050082816
0.4309880826236 0.270701093510997
0.8688200148077143 0.8883612453808719
0.36592906723948393 0.5651061371090126
0.23226656709366367 0.5828761997435484
0.02003471591088868 0.20956754385989684
0.1040263880888046 0.5763670902005297
0.19976755355568898 0.29546594358330713
0.37210352308027195 0.029410648334926237
0.8457732975275499 0.3997742023469737
0.41148846335943845 0.3302941437608471
0.8091353802559351 0.26454433031945235
0.6200021740024908 0.9076925040306538
0.1608779501554678 0.4900969913808171
0.5560890511505783 0.16658388251314293
0.0036210782753595128 0.79560966699848
0.6165948384013809 0.2897508385182507
0.17434585928283708 0.02226759826375091
0.6468334988265954 0.12838191387142084
0.3624806809091896 0.986499925038192
0.8554488034384905 0.5241147237197391
0.011991216591367926 0.4162429257634216
0.8733505504841205 0.8810676140983639
0.5801087262210932 0.12052273217509968
0.4759826521335454 0.1590519808133053
0.2248479677301295 0.1622003582309518
0.6875786320561094 0.2544667194861301
0.41908138901911207 0.06771334236170545
0.16907444920967785 0.06529969784297829
0.38481353620543357 0.19813364124619437
0.09372155820519135 0.784205797251754
0.6448385228274884 0.0807269184221967
0.7672072024500919 0.6672776158659047
0.8399354991580207 0.3736153715312144
0.8850318825233764 0.7212536469793248
0.8293256313590763 0.19880572833186194
0.802979701293607 0.6035685776452484
0.8016130450061973 0.3927477754619999
0.590053918932724 0.2984333105737703
0.8272770067417062 0.20383199101983174
0.47885336671475365 0.08803486777252068
0.24815476748147003 0.15556367166021334
0.05795150207962385 0.030147652413047177
0.22737072925933144 0.39005049087322674
0.008641659219581488 0.3007125339934593
0.7372949163681229 0.30504512587616284
0.6713942044516357 0.8255886578547704
0.9092541606562481 0.6609235642018427
0.21756441677146177 0.22293849353019501
0.3541973921970075 0.3030313881928982
0.5560179377958535 0.9596463502310468
0.04846809556729281 0.6312520754479255
0.7986864483907158 0.2718184020392628
0.010726328065435164 0.9790373157793568
0.6621321736993576 0.5327255868921629
0.2911150652115332 0.054265377096707645
0.9128868467659947 0.7610034902439066
0.45762158147895493 0.8964998799344874
0.2305811573356794 0.730089760292366
0.26903766584016564 0.27118497191525137
0.6437192000448854 0.8022650817563028
0.02285630226556945 0.7571003430846296
0.8515577560615725 0.16476588553766647
0.6224049251200754 0.9288960007718773
0.2843336409091841 0.8404270476600555
0.47207531211466003 0.1731665573744836
0.419066439723793 0.2807233033602218
0.4978130898679085 0.6295713912035873
0.45271217024808874 0.7390957640307463
0.2531699411874103 0.08548761865983556
0.284046952741695 0.4899963948970334
0.13209543528833667 0.9032400998743783
0.24962453025370657 0.9488911018247363
0.1526108297102592 0.006104199934838128
0.21214780791323096 0.19215978805394207
0.18723915879845365 0.9431157243327999
0.5256545900993485 0.9995202503759248
0.6312195261313053 0.16921608041705638
0.7153989377512725 0.1023546718903886
0.8073515481820459 0.7868317193342609
0.5980747347311688 0.9322796791688464
0.24264953214620943 0.03448924660435981
0.6539559068536213 0.8712690269650343
0.11330751128604033 0.6911761252444937
0.15590810319837367 0.2132793223734063
0.7863130925966731 0.9260847391475987
0.7906081962327025 0.030341591486458208
0.4620520959894411 0.06604818500283927
0.887857307513734 0.8392699511837448
0.606400040954417 0.22361825719071826
0.3519121578695785 0.17215055473311236
0.011797064891064357 0.9152095978322035
0.9708468796583839 0.38115910567608546
0.8606183350566073 0.18331265728488888
0.9569313411829441 0.0013392036018449183
0.6618314375013634 0.8449119374494438
0.6311638222915729 0.28956871237576853
0.9659212361635615 0.07933628804425119
0.38009561940417436 0.8746187690594409
0.9292911090775592 0.7569688172859033
0.2855089352054726 0.07982638402932862
0.7715574801228562 0.2859182396029414
0.9095240631167659 0.78558487392809
0.9550276181642412 0.7576626092963504
0.7261324655124807 0.25949962770938517
0.2605526057079627 0.4848586817636926
0.05710165595882588 0.8035160138866201
0.5538039597534835 0.8539837205231908
0.4635961403957012 0.7631683568314431
0.3169723290015153 0.22806483872196126
0.4511087480704923 0.06872145434206911
0.14211927599123353 0.6494934231857642
0.0017585337007849366 0.045105996101967194
0.7476330403454765 0.07920155005441631
0.1759048830164781 0.35419273470449786
0.980371045770497 0.6918013154049223
0.9325710927605151 0.803610084549854
0.77752482974257 0.14425961690455003
0.16199688834921155 0.17131403806745782
0.17456713358318243 0.5462407188944296
0.7107206189354951 0.8244395588917903
0.531499270895018 0.7223293689517876
0.6249494532325631 0.38394339018529
0.4265091608667918 0.8499808050038737
0.9242550271523091 0.04926946649294495
0.6724131078493826 0.9075432540855295
0.9754590575986584 0.5002678644740919
0.12015392305338524 0.9911271263906695
0.685713206822718 0.2934593220709141
0.028742410556115594 0.9413592225987015
0.393168065878135 0.11079044489718626
0.408157337091711 0.1767018971058122
0.9180490037578901 0.6942486085500359
0.06486463320004832 0.07962999651490632
0.2367400547357683 0.28300307191195206
0.10663708186280785 0.8293212035386391
0.5005953954409238 0.03391771795860388
0.6130353528367579 0.7475728435869686
0.26509741049019586 0.9697756508633508
0.08773169783673662 0.9010575385124725
0.3637462475221459 0.31061233181488035
0.2610788012754036 0.1318065573435938
0.2843957274521651 0.0844077229352268
0.144348969876834 0.9411941062671295
0.7318197003345477 0.1468172646797482
0.10276853159408617 0.7705400173941404
0.754828241255634 0.995028521978756
0.3273556225555536 0.8244341042003015
0.6544373942905793 0.9731326206355652
0.11155339289321564 0.21395974494845815
0.34286807513125106 0.17204467510132893
0.07050486844907322 0.6399251549263083
0.6204052635532817 0.06096468603813787
0.7733775561149145 0.032597639732767414
0.667268241692849 0.7669470807760818
0.99477155791186 0.0074157229239396605
0.9106650936428974 0.7505645529234993
0.07696705799625914 0.163546375627579
0.5545821424544263 0.9366475537518995
0.8318760250171537 0.16580529271745204
0.6452906362567701 0.385946593153795
0.188824333333507 0.7230687725747341
0.4821140406579487 0.6961150748919558
0.7937962726934534 0.30449287371371137
0.19291653400407238 0.3420419053657062
0.13438673242086918 0.7015724971673098
0.372809719858591 0.730733147640682
0.37766014339899645 0.9209364093464382
0.6813969697208727 0.5803562639425197
0.020886331666555735 0.3996492258723944
0.051774144878018125 0.043939005839927714
0.8471407183161985 0.7542672835960512
0.7361066835576308 0.7585419173693875
0.10821091168692021 0.40364114284179664
0.28462385061502904 0.6748420085006308
0.2644730389988017 0.6048262623519314
0.433248062862301 0.7900569924271014
0.6655435820999767 0.824252125911386
0.15125055997403825 0.6799326290733064
0.6543319050125082 0.603531453764422
0.6918793341000196 0.38790790554371235
0.7934868660243741 0.9588666999488393
0.8299711513603257 0.027944325530030678
0.8914585211806297 0.35670259993278286
0.519514237865972 0.9902686252362467
0.9638956933901747 0.946466387448207
0.8985971142481971 0.7653144065397036
0.6298846883503829 0.9804168943557625
0.7231929927649279 0.1667933514673795
0.1849244240336385 0.5582221709601536
0.18983927889854535 0.12205535974122594
0.8621525796630444 0.293608788086139
0.8075720783211323 0.3962159388649187
0.0916395398937827 0.691799701813569
0.36072958341704886 0.923149331977596
0.08367040029257711 0.6992530788907214
0.8707344438772076 0.4281906849922319
0.8997283554127258 0.09351820717657544
0.9375128140692068 0.5900520200900234
0.9604231625547472 0.02298243302679681
0.03726074157722814 0.22956599717432002
0.25528951510694387 0.125322298412623
0.14806043124989998 0.31156310886971916
0.8539070854375179 0.6011020263176083
0.8695050176095305 0.7542742769385259
0.1669153496566127 0.12909458177682476
0.7748679710423079 0.11719012854354915
0.09164003032778689 0.6899939963698344
0.7639038536452004 0.8139992960841905
0.7497249055643503 0.9597319165134767
0.9209598223982798 0.717187505033882
0.6834323948456313 0.991947372565304
0.4714446893217872 0.9582730490471281
0.9181461059717692 0.18124766967126704
0.7563673031155975 0.9136719094471305
0.025660448282925574 0.7894529460328684
0.40514797913834 0.2618091403786761
0.6347101913755152 0.5608918548467273
0.6593887773124277 0.1234982443240824
0.6399736444865007 0.8029149129594492
0.02382963789315673 0.25735938791943
0.7526966372188916 0.9707481390797625
0.2627960104057303 0.803939124018235
0.41723267319438073 0.7651611395430451
0.16597018835443345 0.8368170376543496
0.4656811994859201 0.7864086435159193
0.08497582079016508 0.8522074465921478
0.09112317385190849 0.05003211499968141
0.6513230058160577 0.752603225634572
0.25913302666078275 0.6577553854006402
0.33279680889300356 0.2737864665799782
0.6370661898729363 0.09223713618720308
0.27098822050542926 0.5358589514926327
0.38434432640736005 0.35848242869217084
0.8112646916105234 0.9921802596993958
0.5390819852213876 0.8660128053215673
0.49458748436839595 0.8688072238297587
0.19311658027491208 0.7031083911841436
0.9741611225153464 0.5224356572617763
0.3273210471527509 0.20837937515047267
0.11970383538709872 0.3738865443749192
0.9340890888540604 0.520804594951716
0.4545664510879385 0.7586067951165552
0.10012238425022435 0.5308452537785578
0.4636112357107415 0.7079452902805291
0.7862003396105742 0.8727994926065563
0.8271212972242463 0.6977503487082088
0.3396552708905879 0.6552974983313155
0.2464391669456093 0.04125305857360517
0.7712700937109208 0.5262308700390729
0.5325626371700277 0.7996445912383795
0.8331859112482778 0.07671736516934058
0.08592542187500485 0.7423565806401262
0.5725146026516725 0.7632618307752143
0.3767754802323803 0.26387092408522494
0.709814394306022 0.9097599554961433
0.09649472849547525 0.0721423157321952
0.45895739757912724 0.8639148317770694
0.5570498266380993 0.09443661052551133
0.4172754848194372 0.17077407965345137
0.12129022233084996 0.10597468552172051
0.7897266845003494 0.35193957990987423
0.5135676612510319 0.8062377451837327
0.19876334974933418 0.4939245748883574
0.16916721086477393 0.06665826608119141
0.6981235592351394 0.30641887218575004
0.931174532767267 0.5151211211052332
0.3354504050355852 0.8480530010922124
0.8786194607924741 0.8004097718684154
0.10465240394933484 0.3459744740953353
0.8798370536235989 0.8232651378801992
0.3484896586103726 0.09500554110795767
0.21891028164646398 0.021472987833601076
0.1819630696885881 0.9774503626149882
0.33823816430911935 0.7903900544884643
0.8428385883216696 0.024571181728600955
0.4747593815098722 0.1749162782217023
0.2076503698351433 0.9005289481509826
0.9871042482313556 0.4804303242985378
0.8779942400599762 0.5676906094707497
0.8611302877743161 0.47860761509682825
0.7234723141811792 0.6216685522757313
0.9524911992395937 0.4996469393103903
0.13124854292708588 0.39729344409870426
0.10653978411467335 0.5716026446673842
0.708173979692227 0.017070704005808013
0.8068584432894506 0.851930947927558
0.006482912663250406 0.31852836996990164
0.4354073260693059 0.767131376272445
0.5321073637167028 0.7689971969336817
0.6511900825733241 0.21516597567484919
0.8737724028303634 0.25496536351800136
0.9411764157637331 0.13082149055966596
0.06414103080850697 0.8100328179710417
0.36720040184439195 0.0194297590653133
0.24912496485941116 0.009200845662716284
0.7689649347255187 0.4889376163179532
0.63366991152013 0.8173512109189401
0.4600113873800459 0.2495419346872212
0.6969135356856809 0.9503863201356952
0.8121876031618397 0.29754022974387995
0.33601079388868726 0.7887163166120011
0.365027737929961 0.28530969361934244
0.9697424722884034 0.4812621440151046
0.32952694179418585 0.5635060921989035
0.1933900345115992 0.41197258370804624
0.4314565641360699 0.07516608586980433
0.40987459627615597 0.07214313337143097
0.12856955968010586 0.3152735358554166
0.3656215892556596 0.0677589068657426
0.8665502711253267 0.018612553235004436
0.06886698596840801 0.041999536277352645
0.9532765363439142 0.12263108374764309
0.7819856530769644 0.8483913688829682
0.24436616825877944 0.16555943374146798
0.9002426324679159 0.16834706379401398
0.7385672747266794 0.5393998028380783
0.7345539324312668 0.6952345286939362
0.6376608719145511 0.20650163581773762
0.8997220374307529 0.8353778201638196
0.858159320757385 0.3154974265871875
0.39277278948988004 0.0069535588131596215
0.7194291373468995 0.8896440417042712
0.9889465697008528 0.5723750496812269
0.2544441638149756 0.4752387649835774
0.7245712067017738 0.057326465564952245
0.30546186781541984 0.8713138105805285
0.3211728029414541 0.2058102578276545
0.2946773256991714 0.12129990452694317
0.6570901377237468 0.18272557930828948
0.6620692604576167 0.7580971596663463
0.6593915600312005 0.3026188763807921
0.9458610838241911 0.6185524979960256
0.749222440396934 0.6920285516394642
0.5211246083770877 0.13695881705068036
0.9169452816624685 0.7510583412763407
0.7622576989447912 0.47945084531973436
0.7449002857303825 0.9890127827878241
0.6893513005949866 0.20076930549776428
0.7758985643786946 0.9022491134068825
0.6952941021469179 0.1841032136741041
0.364507110268248 0.1276393581519507
0.5107695430004286 0.19515440759345704
0.3259866578224162 0.39305508595364147
0.7317078894441128 0.9533682943024082
0.797280082345404 0.945503902160904
0.044455363910842816 0.14180340116057544
0.890000718558104 0.3603150333486984
0.3866602335157785 0.13744890217947003
0.5431350675423273 0.673842426170478
0.059342474401811396 0.09071937850162848
0.6150904875035766 0.3334712994488438
0.6990879193102478 0.9219858337826496
0.0422019686900339 0.6294617744689904
0.7532324362208234 0.35998227507587444
0.07914018875855366 0.7201838742096963
0.39329873528827974 0.18739728111567078
0.2139232019045847 0.6467368791846186
0.7830991522757274 0.5070063784503984
0.944217830720785 0.5184063565332043
0.2167172885071038 0.6884562467896168
0.8362840342481426 0.1889578719957623
0.19549510594785047 0.39491929869571585
0.4972323157809697 0.6612155050454682
0.4509017882054869 0.7974173451454671
0.10635982885334316 0.9399765221635726
0.8645994062852594 0.8638368133991007
0.9740819725092751 0.43779623648468446
0.7894698643342049 0.757222851544343
0.06192219710394764 0.10846217327436225
0.23766962144120862 0.7620359263142579
0.955925083939285 0.6874299135091854
0.9142139110077396 0.7984263946603056
0.5992379160154205 0.049198140954607505
0.9250707190237274 0.16468686792641973
0.10352191755804008 0.5455643781548863
0.2754581942467912 0.556128811010407
0.9138059138956074 0.093816751308752
0.8594606566783541 0.8666139683153244
0.9145891419850659 0.3224356996775515
0.49975026010992185 0.7764321024435281
0.024134444469722016 0.45022893505786554
0.6843954982603863 0.3751074784119578
0.44552229996729376 0.1620443746685054
0.4950546487947556 0.0730077850125852
0.4513467903112355 0.7497451609824262
0.8158361887586449 0.46514660023669896
0.5875678582729782 0.2368966770790556
0.12087792724440405 0.3076765619747083
0.4744169931195942 0.6713747673723318
0.2747127932925566 0.48982605059980056
0.7360037965367351 0.5950400792555823
0.9155610674733896 0.057454206092483084
0.3877653899153951 0.38436197761716295
0.16964802579644378 0.393050462160661
0.011475434406337026 0.5875434006164427
0.5479065571565426 0.01029468078556306
0.7330031652705349 0.9837807410653192
0.981883007820676 0.634108165610742
0.3931826111390485 0.7710008635650789
0.32365592548266775 0.7561851480978524
0.48201021867063265 0.9277135360839145
0.05093179383842583 0.03442413528965782
0.5562136977331146 0.20513110362660192
0.43606596084762017 0.028571163049345816
0.5442871772170474 0.04919050982919215
0.20659384046235785 0.5126914908260228
0.6260480161955755 0.7757072330338637
0.3042380074404357 0.7387164641930984
0.7488459911235625 0.9329755973929039
0.041665462602415326 0.1011476820965076
0.8553866797602424 0.3765284201472129
0.16605389969535989 0.10126262813997511
0.8125543376359067 0.4845332123707117
0.4540025374936416 0.18788543431442928
0.8233257223146326 0.4706088562625209
