2 1000
0.7107029571764483 0.2838578678020768
0.24053067384247862 0.6996296039795833
0.7489041277272425 0.4516826344077489
0.2560020008606374 0.5939251576210066
0.5215957748831026 0.17245202565815965
0.31957850859188874 0.6983719488155755
0.25027520015991966 0.4508749025503138
0.6083059937543359 0.8054850574419292
0.356116552313432 0.7632011661583001
0.3484728279368139 0.23905172623591708
0.7379233317852686 0.5859670915656253
0.7718283559876989 0.6535231392490123
0.35640024014222504 0.7497743719244533
0.5679109308011613 0.745594280848049
0.7774767059585235 0.49333270225929404
0.24280311749921446 0.6229438056711427
0.3082455168243732 0.7227792658935416
0.6175067371304643 0.7386494968939925
0.4796713703779718 0.17737624785040385
0.349850767716292 0.7580321158039891
0.7540320878340857 0.4411703664084625
0.7496533230416947 0.6070637368151004
0.6999494869779639 0.3081339066307507
0.612812345664343 0.2697642204863949
0.42083417958881075 0.20736827962727844
0.2578678387444888 0.7136174676240926
0.528256585279116 0.23742029281515953
0.26610855703589187 0.6584185669025954
0.6999467478301544 0.3344423166670606
0.1952330073870443 0.5670897373860142
0.21558056851415863 0.4354754037263675
0.7492525358603206 0.38203334465488836
0.7581879092890168 0.4882812665630978
0.5960533188787493 0.2010489472448188
0.6886120388304278 0.3210222145552437
0.5636222991699091 0.22279340278333892
0.5777294562255918 0.21254113991549806
0.4742603044031811 0.17357920095667811
0.35568129069051635 0.779994882642961
0.20804674778439403 0.629054212353885
0.6448924742011104 0.7308441074572058
0.17909872799240867 0.5399316752540133
0.5727853773778627 0.2255561835641221
0.6488880109854166 0.7509282216264564
0.47204285873779983 0.8158088681325805
0.45561340412093454 0.7525687899012447
0.5516675552318645 0.7749922513371672
0.7512932384931013 0.37149000837704127
0.6294051491332084 0.7537809259927482
0.7003531397275891 0.31351180809142964
0.6788835115821514 0.26954075531265076
0.4681045213288121 0.8204088830886813
0.48127790021242733 0.8051585775419419
0.5339644399200446 0.8182958944148764
0.6439154122721463 0.7419533080595528
0.6864481441183828 0.6961110500303016
0.26635700797985373 0.37201632502111703
0.4175936518464398 0.23094419962750445
0.22318651386498045 0.385238455897288
0.4728221685546241 0.19295191742340245
0.26759198178433996 0.7319335194960086
0.8124123127417314 0.46269686881037697
0.23602748194629009 0.5904634803110189
0.745851662277364 0.6671160561183245
0.6179033646258413 0.7458552406940466
0.7628464700212577 0.6910000500079854
0.7393066278031376 0.6871467471020763
0.6156836022524284 0.775806726088935
0.8104114104716608 0.4619273463267781
0.21525744847733308 0.6266033787282352
0.197088128218334 0.5672399119898934
0.5037557722535707 0.2071348371863606
0.22677080457401078 0.40710210061307495
0.6961885615358027 0.33323618636061547
0.5617815631371607 0.17941541136474304
0.5396659056732304 0.7626325318503681
0.6462559877348101 0.7345165933783497
0.3417045703075353 0.21416385808661698
0.6659132783525499 0.7437013129194284
0.2662128515630574 0.6389594935115874
0.5074156403926166 0.8326236625276773
0.17681461594652348 0.5802884534375768
0.7893362034581113 0.6463194112931417
0.4479994149772393 0.8123220308839488
0.799253042069718 0.4777467539268043
0.23511361299438938 0.42658706396029866
0.7649122303047214 0.37924515667492964
0.7704479103967861 0.487875533054807
0.25718008105037227 0.6935913201992481
0.6447852118083683 0.7738432090664549
0.29904000118451446 0.3367578034908679
0.24377373009044045 0.5504106005736531
0.6867234497403214 0.26394930718918597
0.6044278598384788 0.8155768319057368
0.5725526768046553 0.7596307047741593
0.3517818866067671 0.783404236608009
0.5009769067422847 0.7758895217672025
0.7781403434634641 0.43158595106520237
0.7753387813169486 0.5953570440086107
0.45685215049189054 0.22308729431744423
0.460016062651483 0.21624340520261842
0.4761359358995926 0.2244902800217008
0.8081638242619723 0.5278745620654108
0.5475581921615498 0.1945329738642807
0.5313645455616033 0.8177917543390737
0.7279155389823917 0.694706407571852
0.32476664499133 0.31810502713726097
0.540830386473381 0.2238773168063225
0.7418270576639266 0.5925249006657528
0.4545496785837555 0.2116181156776954
0.3819943570404939 0.2754550007816584
0.2547226281702507 0.6548899483353058
0.6137097490793655 0.26347938732754506
0.7047317885511437 0.30875579972390355
0.7974105041338152 0.5703029083561264
0.34857881503521504 0.3005138528612805
0.722870630257506 0.28355177260049313
0.5445449070476298 0.8292882104763438
0.7372764961110726 0.4051492963560668
0.7749388453556443 0.6606270396487364
0.2276384494921414 0.4615364170950925
0.8082888572183816 0.570998169815361
0.19413484548042192 0.4141901503945471
0.29058856908246733 0.641579259643643
0.6857621721556892 0.2961667768430968
0.23216862902044955 0.5888016815628059
0.27614060739727897 0.321639464711595
0.5272873424153586 0.2242097042673793
0.22646406698958432 0.37646719025928366
0.8214955089490124 0.46199430682121045
0.26539653383089135 0.7100872464776664
0.5778503144656586 0.23737166714165991
0.5255001896735876 0.17608879414616407
0.7307642105425473 0.6193935670948028
0.6702796695394565 0.7075358133868755
0.4818670461659543 0.2138922536531107
0.7310039887267346 0.27899707534319884
0.23139823843373453 0.5342231579789684
0.5645002796268022 0.7773054746238536
0.7470178037302683 0.6004763155445706
0.75733844379092 0.555535794151551
0.3153933120245761 0.7499224638589347
0.6758338690460114 0.2671064330642058
0.8025744401263712 0.5794570049129463
0.8250961816303455 0.518091773666463
0.797002769286723 0.357461653912577
0.24167393260633752 0.4278226746584921
0.21562957433975738 0.5983597274560745
0.21716101703174606 0.3485773858623281
0.7406643549009405 0.41539587383002696
0.7914043070639716 0.4883572153452618
0.5684813710797343 0.825653765360766
0.7420172124080239 0.6796535304860223
0.253926722344745 0.41783225017287773
0.20237022349993228 0.3861674942908936
0.48389278517602297 0.7762186748888582
0.22594892835580627 0.5822966990542465
0.24549205456979029 0.46441360157294675
0.7228027610555127 0.6289979432789681
0.2725784644303355 0.3710543591095854
0.5378177776195867 0.24004685549004778
0.43709083274360283 0.1942785445557229
0.8224272324227073 0.5203777971539498
0.3123572564203453 0.7365782023203723
0.6071999307733014 0.7760460789739534
0.5865549623192867 0.7525163529121878
0.764745407122656 0.6877697994308783
0.23197084826077152 0.4949938245824219
0.7487215852516997 0.27973013169095406
0.6971735104534215 0.24606804297651252
0.30482190486617944 0.30248974479785384
0.5332129036292105 0.1897985965723069
0.47517280824348473 0.8262105530190181
0.7836655969088656 0.32822876280978375
0.36430603876547896 0.7281021771354065
0.558534704594033 0.8059413059708959
0.3146759195784061 0.6713899329409206
0.5216621020997442 0.21719294560535385
0.7597702472799949 0.43761470658785995
0.6532021723970404 0.7066568897957758
0.580746301019141 0.8133849326368416
0.2964362950573659 0.25816481476333164
0.40136999842162513 0.25166430041567767
0.3829926949815864 0.26105340515725384
0.37164524222709694 0.7890346392180112
0.6716889843331754 0.2988499536452607
0.5109124095506634 0.7913906495269067
0.25507335488404415 0.6307134823143891
0.6523081686587177 0.23266509313708328
0.5768537541924798 0.7418854406883177
0.34063526739459027 0.7022253407769268
0.21789904525848358 0.6402096338999793
0.6366523429485614 0.7972039392567305
0.6771525635043413 0.7019537752555992
0.2433363199127797 0.34459316449499433
0.5517540130005644 0.20147159382120006
0.20417043077713537 0.5805304393649612
0.4099417552750646 0.23023361311423118
0.7972928575979176 0.6153823772784113
0.3004322694648983 0.6657884374721401
0.44215110271691893 0.2249175041528344
0.7092346851261649 0.35245462999897714
0.2520973690781628 0.4024757682046771
0.31712703438782375 0.3063191070132445
0.2534218704132841 0.5830233913861641
0.184236913207941 0.492659458531747
0.6954064598651372 0.7372597700498197
0.37006047160685795 0.7908272244299573
0.38072395220813204 0.7531303990331121
0.23508520577144343 0.5685078379705243
0.6737021805768433 0.7296206182694414
0.7289860212137833 0.33808150196275466
0.3332095617671187 0.7739807046943332
0.3224127678150235 0.2769486681633617
0.6761036010715142 0.23445594403674208
0.5580263726587723 0.7614958655845473
0.4147758302512282 0.7634061622687719
0.7649361340562436 0.5064926910188582
0.42984165540149655 0.7488501506547592
0.7409351276781448 0.6338120523497431
0.715922236244078 0.3407842938024275
0.6565099369912395 0.2519529839573127
0.4967321681586123 0.7818991880987282
0.27398798257982115 0.7357562198114552
0.5937985071108418 0.22232467492563168
0.3640969825138797 0.8005196700451099
0.48273142100398514 0.7765399271292128
0.364249155895215 0.7636696662666637
0.754906076019939 0.4521159923663256
0.3101436722002371 0.7658573971212642
0.7482296779542313 0.4148679598903712
0.5597539744614839 0.1790487242778065
0.743069382036234 0.271923057573782
0.7925286139703465 0.6147846623147999
0.2760864219090272 0.3660094675483674
0.4445587479127495 0.7950790515352739
0.6507326992704869 0.7414423480268374
0.6233821733837657 0.7402071677269193
0.2925777116609378 0.7451272393885744
0.4009149794099356 0.2113888172887648
0.7283454151507576 0.29156180600130044
0.19479287072663398 0.5156609372304971
0.7914813187955693 0.5823121867791922
0.6188115572325508 0.7572870161180629
0.331817503209341 0.7626697210778861
0.23847327889823944 0.6189829884020366
0.18343052735507737 0.6028946023437819
0.26259823361750245 0.295570733841113
0.5728566791493115 0.17766767546036166
0.4832655896290957 0.2270278859398791
0.621297213302414 0.7368481646991758
0.7903013594984827 0.3947094020330445
0.38937117124958065 0.20102915414725386
0.777018725700307 0.46186597031207255
0.2390055303461447 0.6440866109694415
0.16918594000404086 0.49697759741218495
0.348985507639623 0.788686776291575
0.7627586741031865 0.32312547246352485
0.7300739704299094 0.3846680994772169
0.7040764819063198 0.7440958208058853
0.7110276300236266 0.26367212740665413
0.26690162297389886 0.636965682815929
0.8215422313846201 0.5338431672060759
0.6904636337324449 0.6839831996511893
0.46232530044959064 0.17152793079831175
0.24649263875305372 0.3044758781891381
0.2807217803566592 0.25539909990237497
0.3142474723352231 0.25541397486770245
0.31598226248310557 0.22405430376844215
0.36646207631102123 0.7765008334218232
0.18410743983322464 0.44938361273405036
0.7502204763539831 0.4612407886975961
0.8117387622313381 0.5911921491503799
0.23882615180300004 0.5526101902973245
0.7209970918368563 0.33011734954620076
0.27969603183016534 0.36000847329306807
0.5314817741449195 0.8208699601502468
0.227682666210412 0.5477018079526772
0.4847214044652749 0.791134504657388
0.23587841242743557 0.610860991469823
0.7355360106877435 0.37024832083287484
0.7506868384305018 0.5905431850041738
0.6046843806432741 0.23270343275391547
0.6599483373267901 0.22499742763595576
0.8017977132462549 0.4420231993355227
0.8094581858052731 0.5825884747351942
0.791698016276197 0.53887142925157
0.4228525652690176 0.25804595230236516
0.29284620033846 0.7209877689995422
0.675543367883377 0.7474556087171461
0.7437965027154326 0.6966060450601202
0.501561629195709 0.76723078356436
0.25500126184463257 0.6607810741513603
0.6365257182481939 0.7569398423247017
0.6390494722856288 0.22528614317750562
0.712509635260638 0.735171889752119
0.698650156488425 0.24137161231789872
0.51134783267581 0.7789814690523083
0.6260671860346707 0.7600236389976543
0.23460631064554072 0.6466855309094455
0.5484305928400265 0.7682796047314132
0.7230892707867834 0.7066660509445151
0.6594440371337529 0.2918502692911199
0.35261510194369017 0.7407679737896825
0.6238045979935221 0.2624924562871992
0.4614234204883999 0.18938482781018517
0.24596953744968642 0.34911315758154504
0.5800223545180289 0.8037942699155018
0.23957270533077124 0.3680547909225873
0.23952563582671127 0.49547768274101556
0.6138396804696485 0.2454408638855351
0.8093603647864868 0.44938051280947533
0.3063375660276235 0.2524829835526874
0.5800484779301496 0.8099500351870831
0.5336041991076004 0.8125277864793514
0.258213605096677 0.38638864118210237
0.8048692142444045 0.3655402304495138
0.7580362327146737 0.4168907295361698
0.735223327866377 0.7074052367319831
0.75833628599136 0.49718599602580704
0.41496737076257884 0.78173214660499
0.17660157958619915 0.4626418905878017
0.1797595972868582 0.4954673887723171
0.49576393358032556 0.23673111610105124
0.1852714116183527 0.442886185179151
0.4830560673706461 0.8244066796192886
0.397095009839614 0.7774879606492043
0.2864369098436307 0.6938173954439184
0.2778734833048224 0.7369066934128016
0.5744578604513804 0.785762431584094
0.6803688586270822 0.6851805206756262
0.23785625817293876 0.5795861501458245
0.2704051296648703 0.28249439526421105
0.18973540457287996 0.4044944214799069
0.6245250026573734 0.2318141861551306
0.36011816927629225 0.7460675132672149
0.4040393385246427 0.2317740596461232
0.19728571998353606 0.4995714667323299
0.2598920381306119 0.3764238955266279
0.3343250445202094 0.2655989381930518
0.7954079137194883 0.5144079483219228
0.5372887617385933 0.817588284681703
0.32229121919770887 0.243738761141017
0.27254363780645174 0.6570566434798872
0.25010333117006156 0.41685464847192666
0.4314254894005881 0.23019428984312273
0.34951569522563364 0.2658813244434052
0.2180229813536011 0.6023598442101407
0.34779108431915273 0.2345026723076885
0.525371727682818 0.7616509906099233
0.3824965228539914 0.23912474565518738
0.40391009563293645 0.21865392926008453
0.36497386993705405 0.207617000742917
0.7340851529667245 0.3118589039408687
0.686084171716163 0.2876996838756559
0.56789748733723 0.2406279894539406
0.28859926741483877 0.3646961399064661
0.6294697572559681 0.7907302901968218
0.22453517501236853 0.38943907510482223
0.508385513798656 0.7832357675670871
0.32189222819103813 0.22682202864237
0.708698830755254 0.29253980670383084
0.334817424959605 0.215714922136099
0.18585798586013147 0.5401422844770589
0.5867204448683231 0.7961007446141979
0.6561279213710529 0.2663559872297393
0.3910197667172618 0.18700092653720302
0.2662027357080201 0.3212742554233229
0.2589607834107428 0.6873227761638318
0.5573649027895354 0.19851264803663304
0.6865552155549657 0.6704788908346089
0.27054539030767133 0.32044279101368334
0.18681028073766925 0.4731560645882281
0.571168990048667 0.22272491127684557
0.3154192631144018 0.7206962032493905
0.44635970286939763 0.7983685562360202
0.25670694452525256 0.7214979119578846
0.20263493591956416 0.6306693675387363
0.7949628783708204 0.3716180281368382
0.2606871210381818 0.4122633815034782
0.40615093264645863 0.18664912778303588
0.412967169696559 0.8115314655749962
0.6057025226973761 0.2665694561954892
0.7344549559006421 0.3614708671755681
0.6860900236491014 0.7462777240275624
0.774616590388461 0.3821555478536163
0.530770105164724 0.7520651969751625
0.375508713531582 0.21613319858525737
0.27369851861860817 0.38106509944081335
0.2462592968668066 0.5661017801180677
0.1883172162246618 0.4533873994145913
0.35606369246619163 0.2768391154982536
0.4214706714910156 0.23511283295584084
0.6518338193922982 0.7830700907875586
0.292200009096065 0.7252410374184327
0.5594443112667583 0.755615017851482
0.768095052332083 0.387032861725494
0.3114597743157026 0.6796358377015225
0.8240626490686919 0.45391705101151636
0.2665474760798766 0.6059888786348585
0.5535433306958014 0.8021364562232494
0.570403245833612 0.19159420571670815
0.74329276646434 0.683069633279119
0.5770521502631224 0.7533771898088293
0.32341615828384185 0.6883412289339407
0.6355508419810333 0.22944601703241818
0.721372147377127 0.6571275334169976
0.7734570514368863 0.5110312956433157
0.7709403021263803 0.3609731236660899
0.5381823801641947 0.7510959500421336
0.3572228319143058 0.20337267490508193
0.6505534309695048 0.7155778123797523
0.4718383115007283 0.2444018321026501
0.18833885360525648 0.5919810613701573
0.7040196900033663 0.6449016445313613
0.3447601609751685 0.723587872542352
0.3189686767274462 0.26269544446215
0.35131532913950925 0.2184598629208253
0.5071144694464749 0.23255800020105122
0.5375521835759267 0.787878260992215
0.3084961377576446 0.7167989152894012
0.7303987835888446 0.3150136794217734
0.5276748738661428 0.21219420159378988
0.7567797372194911 0.5537370231597686
0.2882462395671298 0.25969291390306715
0.5528009931296712 0.8139029633758207
0.803270359965406 0.5012677782050492
0.548901112450114 0.7642571255078602
0.1810679074858479 0.45049521410199245
0.266552714644551 0.6810113590330401
0.7566307041330618 0.3685845542673587
0.29789523804703066 0.26208572071846636
0.20924630850976011 0.49754839086833513
0.7953112640888603 0.6422078934950146
0.6773531294777837 0.7034174949063008
0.2712852370342873 0.7289955235069027
0.3146620674942143 0.32736711978757105
0.42012322783641387 0.7929265931993302
0.22116486916020428 0.6635760044118182
0.5991605281866151 0.7455459810098268
0.6278762311500211 0.7875363261472729
0.28000261762897705 0.6504971228559006
0.3173203468350275 0.6718305938774632
0.8064951408783191 0.5161553508522965
0.263533120622659 0.40725097291873524
0.7799005308426642 0.3796032810799388
0.43827127066721205 0.8131539343781091
0.5575876320882608 0.7648759223259084
0.770674803010751 0.6240372456555443
0.7913555583692446 0.4021457742228267
0.800273599989434 0.6003062477502816
0.763164743020882 0.5791230498168802
0.3919630476269951 0.7266459002936062
0.482888973337108 0.7900485341699719
0.17638166122512378 0.4861007814995295
0.19278301277293663 0.5396295639314106
0.22132466844430232 0.6686886994374291
0.24878000907720632 0.5419556772993931
0.8017088116495386 0.6183574626157954
0.41053493785031403 0.7701251140101727
0.6872567044845497 0.23071660558389817
0.20886371284062255 0.36319500395408877
0.2493486801020589 0.611237415391216
0.41815648964616936 0.18152863445639367
0.283653991875655 0.2986630207504217
0.4312083027736233 0.7995499490720228
0.4321693608207049 0.25224452192571656
0.25390999958959626 0.5472265287438394
0.34985684324350663 0.7250545496090186
0.29181341921255277 0.27937087897181145
0.23697521820400436 0.6593267502362289
0.2196306170977096 0.6094212527230449
0.33941749921821196 0.25088709119858965
0.3840173409863854 0.7516478682437758
0.24119539800173972 0.3431454335422046
0.7869384703789405 0.3870654371257264
0.30081644085279957 0.6603624382224835
0.7597391391161894 0.5270443896771693
0.30836518261042845 0.2725533323583791
0.3774232643593466 0.7869933636224158
0.32466081532061175 0.7160557466491663
0.6532981711509713 0.21950060373949154
0.5653104821678573 0.799597157180658
0.7544929996249572 0.6988112661680784
0.1900272425039643 0.49493521384554673
0.7417963688187241 0.6952804736316628
0.25482406296686244 0.6238154993235575
0.26280980424669753 0.4177581871809015
0.7862616415957772 0.3527529719083694
0.23621460659281124 0.511193550244889
0.7053206478294829 0.33699365632975475
0.20867160452646627 0.5673626184144082
0.6171983937879116 0.19109961692192123
0.6938929502382043 0.27516488014835094
0.37398418938212785 0.21018341684331554
0.8102379981862122 0.4604572907235731
0.47257483893338526 0.18957666985168853
0.3386239075207079 0.698606817984162
0.40428384320267585 0.20999733458921488
0.2630618145320094 0.6643455709774309
0.2785786979731685 0.6915615066782907
0.6436521474740895 0.2774457665646718
0.268501378138959 0.7390752556105746
0.22239257091186138 0.5383531171496058
0.2915184605852975 0.6389389087783034
0.7508154398021367 0.48145858476213776
0.7585777813625572 0.3440192009421096
0.39300648848927255 0.20602044049079304
0.7560384723409015 0.3698550827081918
0.7460814117735008 0.5669903140254542
0.6177018284275365 0.22250080325437338
0.5146199495489089 0.8140788657606561
0.8142942107940137 0.45897150819259325
0.34578536230571133 0.7346189021109937
0.8044358532647319 0.3657519202895603
0.7969314369737966 0.5700164768360543
0.6231469454372697 0.19503429252645144
0.6551974357085768 0.736424609300167
0.7166058839423015 0.3287854075833547
0.30883531666145003 0.7125721797252492
0.24370780361391675 0.346852079099347
0.35091975259776387 0.21355242270996266
0.5547038868641193 0.24876632390333997
0.7569034924986986 0.6930221080540326
0.2713884529962357 0.666728566921912
0.8029369709241435 0.49806395802400527
0.36471345424637847 0.28401161970880606
0.5370756566854312 0.22615151191938399
0.5525881969725662 0.17503316588658024
0.2239910511082024 0.6282490212561574
0.4818584484698123 0.802162463137266
0.17047987483096483 0.5255743699410401
0.4341467756253642 0.2580413828887097
0.6263070351544302 0.7352109919192679
0.7667299366323487 0.6345786882389156
0.7385303385001483 0.33453728940416283
0.21655702202531635 0.5055845261776976
0.8252649265375995 0.5217523325032879
0.7382399659945998 0.6896160182577572
0.580823915887827 0.24728271367701649
0.7041814099821686 0.7252552705929826
0.49207829691909755 0.8301243011076734
0.3628820621905433 0.24429118211108825
0.45048013432706613 0.20436176702741815
0.4422255266455807 0.7799637527051229
0.510315024066447 0.7751993659634443
0.265085346895353 0.5858975528537888
0.22949535943575983 0.3900464109199151
0.46472254340011665 0.823502805877178
0.7906603910956213 0.5062505670096801
0.5190704760983891 0.8072391068455169
0.25367997149381905 0.3579094399801679
0.22923646018559718 0.5353106242921055
0.20549534883457998 0.6271780903633986
0.21438549880106972 0.5569971607141326
0.25149024896552774 0.3316980141831515
0.21532369662732231 0.6305060037077896
0.42229190561675134 0.8209033106304509
0.6155886000227835 0.21775614761104345
0.1870241987462714 0.593234341516341
0.24850860045539513 0.577169184018234
0.7529625890724891 0.5649959460279965
0.330304373996105 0.7299880848063344
0.21592584105034296 0.5256704730262944
0.4938648943370537 0.17263315237966248
0.23327335119694848 0.36188479757840863
0.35313314090649506 0.7172163323123435
0.22628058753958968 0.6410976482945838
0.43354347198179566 0.17935022273503665
0.2728754067181707 0.6906125030644872
0.4099760076499023 0.25471961206440497
0.7973754878798923 0.4464203200687207
0.21817367953997047 0.4482327182345234
0.3984616841865267 0.2228285548155936
0.7772915662873546 0.3537872270203114
0.2359590438610848 0.6132201379141725
0.7022133039299906 0.7560395025622446
0.25235850225025946 0.5453811425388682
0.43700085417829804 0.2379788531613699
0.6608911194442819 0.2555297037435931
0.7104855557807404 0.6590502243932165
0.24898650301562963 0.31479890372669916
0.5394165492716424 0.752579319707904
0.6925447731828194 0.2345796194169103
0.5804871609876369 0.7400144821274247
0.18953230074061223 0.3870643001749421
0.4731220066484648 0.8175628221716823
0.29124925249743694 0.6832509546735224
0.7765113013525164 0.5667895777696502
0.2973160523011953 0.2531781557151328
0.8071447652888047 0.5033437544438976
0.354848137235539 0.25914348984435287
0.42667237414099224 0.783646788810311
0.601202013661877 0.7702836663193985
0.27397142337928126 0.734453928541432
0.45048456830910744 0.20120715159001323
0.8187042722212002 0.43432160307635337
0.4148974057283539 0.2095166963772207
0.7229706111079217 0.6418002260846152
0.6638822811392062 0.7057070241060035
0.8100651712345289 0.6131393876337047
0.4319364297979329 0.177477704506123
0.33621613461297506 0.3083987455277314
0.34751147984451103 0.7583992890226837
0.242485666881897 0.557834263887304
0.7810797662805018 0.5267313991911643
0.2126068709010266 0.6016280781061746
0.44395675925420663 0.2085084957572243
0.7001074631876341 0.6818174521241241
0.777799271804748 0.5924699054945712
0.5386146886077113 0.17082196872409405
0.32067589528778895 0.32436403442863593
0.2658215721023539 0.6905758762900976
0.6490809098774575 0.29602828209783283
0.31732397286490377 0.2582402219505434
0.74087848475424 0.34677112683283684
0.633854487701382 0.7228986014317937
0.4253250114358056 0.8185392932432937
0.26891140190044094 0.7401840608830146
0.7643961104931684 0.4151427010207007
0.4315969167960052 0.18124526826786946
0.2555609604841227 0.29919608913657025
0.32595654063942847 0.24921834055093128
0.5906899755940564 0.26286600299468055
0.40150352133428546 0.23784520686404198
0.2619438387542574 0.6270724722876304
0.47836874803820617 0.7661475307978294
0.4453301064714643 0.7619622897136197
0.44538290144625314 0.8043274788321789
0.17891377180551649 0.4806208939116896
0.36156136088920154 0.2191613294942174
0.6638239675976259 0.7818295260647575
0.33383997519558695 0.29386034766642666
0.6499856460685058 0.25854691524914497
0.5275591370760524 0.8110997336959711
0.7719544918868463 0.4429965760451654
0.18107202084006802 0.46544549312198735
0.6073822970665859 0.8068383542093275
0.7573285691460976 0.3544219562307802
0.6613796832648441 0.75384276670354
0.1798385027800795 0.5387597699498049
0.5808693782432025 0.18504185391823724
0.3120136201525068 0.7375540883781629
0.7457678860166638 0.4071485236608281
0.2324605136302813 0.6501596926661881
0.605140274375029 0.20720753259364166
0.567608990233738 0.251616989150665
0.2652861081311372 0.388479936667664
0.5996949229934794 0.20009832629098445
0.7328589794376613 0.35346166017419733
0.44732735152270864 0.8042026912425272
0.292057706187278 0.6487413775089742
0.7585665770710109 0.5537109504509571
0.6864536981941458 0.2634011064100249
0.7681728068747918 0.6654084960244743
0.3365660201467262 0.7218315667341205
0.7801943892171436 0.6314764757291795
0.4650598900303885 0.7697478908498693
0.7330683803819228 0.36121112861250626
0.29563849845968115 0.2653051397803523
0.6491169739180835 0.21660322192447712
0.710992016485169 0.6778083466252228
0.3059043184389597 0.69991427648504
0.23822487879283372 0.6495556418302544
0.6542563385840909 0.754711681176806
0.4376036031525178 0.23853537945290926
0.22018961200279918 0.5551850919058893
0.7028059378520501 0.6586760438368193
0.5429692816319203 0.7626491035030858
0.47881088895137136 0.7911016907020535
0.2753318754504025 0.32504246779914203
0.43008629971831647 0.8188852413602042
0.6712802468575065 0.3032492143961929
0.6334191725906819 0.20321638094048522
0.7160535892552489 0.6855877215999809
0.5873859091475622 0.7930955310702242
0.7392358458231256 0.3826211979883807
0.6550131782629479 0.22208931946860067
0.8295159337104793 0.4634834191521078
0.7747655942497538 0.5280394438892264
0.21527459862213638 0.4922044757469818
0.7354876490948458 0.3394678188082886
0.4186633735822134 0.8129053773094896
0.6577979472240832 0.7655367403712231
0.5539015329864938 0.7976300019817607
0.32038351090462325 0.685713248451512
0.7587153213715087 0.33548003812341987
0.6810682798703804 0.2788269915596656
0.23597333819204924 0.518112015035339
0.7620102753830739 0.33834195948774626
0.18776289720105588 0.5832808913669372
0.2039955617360708 0.5761478474302084
0.3679021228736534 0.252105846080383
0.2031359026824997 0.551407059901955
0.19214468404673135 0.43486903328872617
0.6981443215269076 0.7062896824191118
0.8264549727431734 0.4892552386191126
0.4066716271763542 0.19442563239153965
0.25665714645840076 0.5966953793059078
0.6560984284617638 0.2285698291238102
0.20503876062734339 0.44118708515690974
0.6776229634016486 0.24638791378837044
0.32505795599882525 0.7121800287350224
0.4541598049416754 0.2485867665471344
0.7306348021459891 0.35114185496330286
0.7457085731344808 0.6480731309028227
0.24723293283788328 0.6774298649685252
0.4696151803694786 0.1965675273127644
0.8138268899542245 0.43411083503475734
0.565608098602934 0.7632501371619127
0.694328029381025 0.3056683705703268
0.3775205334097913 0.7332720385774258
0.2430451504858191 0.4947400887906709
0.7455503223101173 0.37028914805023483
0.6583093671950525 0.27586278284801424
0.47532035941800566 0.8315811947107977
0.6683558461632542 0.23309993693899345
0.506745830585677 0.24583566208351781
0.2400632787316026 0.4686659854149966
0.7978861753210602 0.558784505911947
0.46767799273262833 0.23462033009519756
0.2222712453837521 0.5953001990535913
0.5902063530885929 0.8206091135625899
0.26489167843212114 0.6898396106893954
0.22444080808580025 0.4579954642959546
0.35325380288700137 0.7608749046259053
0.26109417102574106 0.6523661708668425
0.37889111415393817 0.8037435583930336
0.21615390827857128 0.6387475783705996
0.30617295110534015 0.7691337007275465
0.545516754443009 0.23692604348688673
0.6569213692020826 0.24812779682494845
0.22962603763454037 0.3696227844016743
0.7923375533339316 0.35360634936524704
0.24156090376838835 0.5775836443374066
0.7195008474224126 0.7491917384652305
0.7412033298303032 0.3374356469389913
0.35470380889233877 0.2555213578193112
0.3741615989172328 0.7280961138424563
0.7036235557105966 0.7007390506333256
0.23172259686707675 0.38546198141299803
0.8081086473642418 0.5381669606722456
0.263227267309313 0.346060137416188
0.25312891424367967 0.37603084169767365
0.6700152366719725 0.2674272179102125
0.2293894358009838 0.6014022190965131
0.3140271647179993 0.6925059359068988
0.7766140295234287 0.3632282683463085
0.5966734942602198 0.7330542480127
0.690009813589954 0.7124739745731214
0.7895847516920395 0.5329464425310143
0.18483276118717373 0.5986906729962123
0.2628151786356723 0.36938694714227527
0.6607772763369557 0.7052823986299622
0.22212148530714282 0.5043194687401811
0.2555977168222686 0.4420783864614497
0.2445506931578194 0.6628755384296842
0.5865267031786388 0.7821280753820335
0.22995998469326862 0.43919281844465874
0.4349389654157151 0.2355849626020018
0.6218551867698615 0.7763192212923086
0.25694448164882155 0.31468393742939094
0.24590328342801715 0.5238643555414859
0.7676703787037786 0.6456233396935455
0.5509715497259967 0.8170177832425285
0.2518778438559738 0.5754479242855988
0.7299526189662421 0.36001118730277004
0.5771717012405072 0.17902115873105906
0.22340451712224652 0.31645612731397155
0.6817166396035775 0.316227852710682
0.23804218991492465 0.6973007836964852
0.2540886849378363 0.650082244144121
0.41417256207556163 0.26254826403994636
0.6838869317499651 0.7183080191938599
0.33674128909419854 0.7397099744463537
0.3776697157257495 0.7346180168338553
0.46801597456511934 0.21482139627417085
0.5812989546365854 0.19583468434509277
0.440445080046202 0.7798016665854086
0.4211010413954811 0.7402843075255751
0.7131613574799989 0.27278450581976454
0.34334190716355395 0.780539437484931
0.19182057593261337 0.6002931450205088
0.6788451904313337 0.678157349878321
0.3985213389403923 0.7645385360335253
0.2570413902515005 0.6119411754720967
0.29893716874605614 0.31671028127931455
0.6544267181540371 0.25844758480568464
0.6423084058654565 0.7411082658461347
0.6938666889677116 0.30776884321713593
0.23771080287650748 0.44374286368069593
0.305715341659324 0.324880222921594
0.7765632966524043 0.40204479743643995
0.2805735751059101 0.6862684574176087
0.47900643643590834 0.7728407001489589
0.44049115650524595 0.2550899134925453
0.7505897287374793 0.34624614402133747
0.7403423591547862 0.33132439229514665
0.37320081918921133 0.7161978395992034
0.7529230760940522 0.6987740654771989
0.5692108728969885 0.7642441168286056
0.6964190796803832 0.7333816040204496
0.8276170859271067 0.5112361135835625
0.26927504263429836 0.37374656469620837
0.3975253147071376 0.25274781999319573
0.27975743161969313 0.29148156219653
0.24141324636442174 0.4549567288967258
0.8000289514380698 0.5173849580606736
0.21958986638975575 0.6477714747128046
0.2335256927642161 0.34170793145692124
0.2523661793799049 0.377185066014219
0.26128535461559355 0.32597859867272705
0.6667882245350432 0.3053377424662491
0.7288974614690644 0.38991988198834626
0.5733384386644101 0.23468630109489763
0.8109775037649091 0.500121728255948
0.7864552620497668 0.3846721110204374
0.7371909646381103 0.6264055840523202
0.33609069231242616 0.7884165015285619
0.2104312779284595 0.36982273384293207
0.6025436726545845 0.20008938159124234
0.7704939781593019 0.6199274826019996
0.7391418427422178 0.34834234573164824
0.6989439040003192 0.7472245772095432
0.2639448365443896 0.2833271312221646
0.8044572272535934 0.6164594978227192
0.23974581283146423 0.3249139854002019
0.624064947341888 0.1969303756630394
0.6381991565714046 0.7978645306804792
0.4946114284305234 0.7618561072246576
0.3679583565167671 0.26922260072297544
0.4065500913808159 0.24784068416654115
0.35250264223260874 0.7532529371137581
0.7208419626905705 0.26875004178678974
0.7227423494130115 0.29236237208055704
0.628243014599764 0.24857585335461285
0.22992923088390382 0.36710336619715245
0.2385260148140924 0.5775985272208417
0.18055495941929078 0.4747877599362136
0.2091380835121932 0.4868724805985529
0.5200363559573103 0.8117147749807765
0.781453494380755 0.6228754407564834
0.7584246303391173 0.4035184144070386
0.19323015508510277 0.5800100674585873
0.8152439407232688 0.47191312150726095
0.6604886075710272 0.2428970173511361
0.26655299478958616 0.29682395975097897
0.5291280397549907 0.23413942724374281
0.49550039864811257 0.19446186147497546
0.781395959288494 0.3803238407703814
0.7986694135914556 0.6018518552764913
0.30884780811751567 0.2438906351059149
0.32845797668841814 0.7801944797514694
0.6239456329110671 0.20998141170177442
0.2132593171017796 0.4436873132691391
0.24660739483039984 0.5897465821747264
0.28976115318264384 0.3218091161744355
0.5818063118359629 0.7752386489188794
0.5856181768255413 0.19581340475267361
0.3825868860575702 0.22085044628815365
0.481773230519161 0.24628886720498155
0.3064941707651858 0.28424619633037274
0.55781514398097 0.8267459127917242
0.1681325259305655 0.4793431611599659
0.3151882185037532 0.2887481119382104
0.8161498576464775 0.5024325028751742
0.7052911139356881 0.6563999445713026
0.5628791181606605 0.8219770788894047
0.7366368823528522 0.6714899450099517
0.5524679543289049 0.7846178095183365
0.6576102145348569 0.7698698843026792
0.22504407369174384 0.6285685679302847
0.769782857191388 0.451243721325186
0.6761592115509966 0.2375194340237503
0.6739760330784422 0.30669728633952276
0.3666920027145866 0.7904274681645252
0.26486763806072067 0.34812919312249613
0.4019595166058514 0.782184141284
0.3189379513976469 0.28109963138692307
0.4890958684668437 0.7650449849240981
0.18905661751450753 0.584617552496888
0.7004110353987744 0.339211791938021
0.3468800016888032 0.7494184502666346
0.2802027971442541 0.26841327190832165
0.19000533339406966 0.4085405537292578
0.5765969974421727 0.2613254424825684
0.7264170739291871 0.2929820209228533
0.30398428728184446 0.2773794135836277
0.47332615813003565 0.1836862884850342
0.4664792688853867 0.7713030591259425
0.50733086804228 0.22253568116227485
0.3163768976411432 0.2699001258642487
0.2224528014459496 0.46644958914584767
0.71257543634113 0.36289084336754995
0.6291352052621633 0.2336760414756094
0.22594531997073275 0.44313111528937077
0.5622355126012161 0.19686813227112843
0.5776339140826845 0.7500094554704299
0.820328951851335 0.4245329443057536
0.8275641011905334 0.5288128770974933
0.2643402491648724 0.6707285413171827
0.4636721640379412 0.16902116353274588
0.7243955713825376 0.7159247160662642
0.658708724897649 0.7338375450897321
0.8127725371102776 0.47432224629292397
0.6533925232836402 0.7273279440021329
0.7139590008074226 0.649348899344065
0.7277876783794075 0.3834486662513843
0.20499612450024307 0.6149171112671848
0.6279610973213531 0.7265693022759938
0.5413927372232629 0.7776729070877283
0.19000093346416136 0.4193751693844435
0.6413142534428024 0.27788726791592866
0.20926235827700868 0.6378087165992481
0.33184283021447214 0.7867660458579762
0.7000398225389249 0.26350078444027736
0.2410740252934116 0.29512466303334806
0.2210994602509574 0.594244632176869
0.382567968863457 0.810332333792138
0.6526864786290347 0.7123667047756824
0.808428928366193 0.4249923759995512
0.7201134764922706 0.2600782974263225
0.6014630239179807 0.7461038709013007
0.23896788684879655 0.5380119314460108
0.27630311121239925 0.33255205488039674
0.5445992166669101 0.24284412240945286
0.2405610561376348 0.6871000707927906
0.820052225865926 0.5601742464888311
0.7569340182957777 0.5821923319141314
0.6214093131971518 0.7703303954331887
0.5061018206383933 0.7746872466292918
0.720517868938873 0.6382857337422422
0.24394492948337743 0.600554943550378
0.6198671189809939 0.24534364217768034
0.7914853989473885 0.43479494632357407
0.2971180583829094 0.6820361021697559
0.27023772143883285 0.6066255152729283
0.6277768183588536 0.23881911006638
0.37739829841392125 0.21558802060155702
0.405346040642393 0.8003428736080297
0.5275260074666278 0.2506608255096463
0.20217491397501808 0.6053904299018131
0.6776531865830232 0.696290182575994
0.31417686133703504 0.2573796543719593
0.6969734998784436 0.7170356268034838
0.5513773489949317 0.2091483052300781
0.7967837721191952 0.5812741527570664
0.7582561016540702 0.4791685907341704
0.4729006431488608 0.7931181295751523
0.3610061352294027 0.27400128213149577
0.6243916380763375 0.7791862751781012
0.4947931842776834 0.236551667564049
0.7568905565034986 0.504281557227728
0.6860742512530632 0.7761076033642019
0.4241632004227949 0.22547787616533255
0.2498213830139161 0.5283393186462055
0.7934558167539524 0.4717842588227539
0.6092559733829628 0.24813569337053287
0.6875693453599346 0.3114514825415041
0.21363837799834762 0.6504684444717304
0.35212855506594654 0.23458683514908474
0.6828538757646985 0.7103244689245276
0.7400147308520005 0.7006506074326373
0.41438354778465003 0.21741475982693081
0.6026989215105989 0.7978004652622304
0.5625073999802227 0.17944278578738504
0.3351444206659796 0.27472544225094153
0.32800780946388597 0.686212126712844
0.518723900667107 0.24191932260171256
0.21392931005486826 0.34022374453859716
0.4085003692741843 0.7889644834282901
0.712141223041281 0.24486751719754318
0.7250969391515797 0.3031022953830381
0.7282330566351052 0.7328439800772125
0.7017456518274064 0.33045315581032797
0.5795069160897369 0.7674955932238618
0.4149113436412869 0.17787941810407693
0.5284235467712469 0.7642747988527591
0.19269229067812932 0.37118883120275703
0.2517854468580738 0.6862690701245879
0.48825432982347583 0.1692950987947649
0.1776792149248403 0.5779355750139601
0.24369055069103496 0.4398671407800968
0.22172721829107989 0.6787146236100624
0.6160724340608705 0.2755906227490075
0.4501005826309379 0.7732001153379677
0.6227921341011701 0.219163818262876
0.772893605916665 0.5787302942920879
0.540875971556089 0.7915889263757266
0.3326002495091892 0.28949633951415055
0.3054586732556742 0.26774485003100057
0.2673929549699037 0.6135496516483636
0.20337998790483924 0.4974059276587913
0.7953436267099171 0.3489770985439855
0.8100540173266079 0.45641440809962264
0.19109460094035347 0.4795890487197263
0.6930908254665488 0.7646159210718534
0.24122948405955336 0.34472115850964835
0.4871116414090393 0.7949785973622019
0.7363212576830364 0.628196489086431
