2 1000
0.9002336452847144 0.6532992318267655
0.3656644180706806 0.9706531239599956
0.659819860755263 0.5589236961800973
0.1490192880314012 0.2729480368943292
0.16432983738412077 0.514516085762739
0.19687171458825714 0.36889379522350263
0.9679625476678093 0.5075615132207325
0.10811198604223837 0.5059405045808616
0.8716296624297931 0.4187781418070404
0.8163105278720099 0.837435249649799
0.2977938776374033 0.8114795062157729
0.6685732751184307 0.5461456152885621
0.2266110182817811 0.6541374092345887
0.36732006301213416 0.10244178981358965
0.5443298136221206 0.2795827476698426
0.7380378010276377 0.2845513916357122
0.07902410976912555 0.5479723879678917
0.9545715125711478 0.2921201605889554
0.845495436637611 0.7054342128976285
0.3478889727525126 0.20566492674095027
0.5950933119149217 0.2609566768269249
0.20279918338340186 0.7383000944771393
0.3851621555358349 0.736503108693932
0.7572300478918301 0.6771012820102348
0.8967180778639801 0.2000791818445915
0.9237718970043044 0.5299968398627595
0.15140644300847528 0.17814457936344508
0.08373985978814247 0.6903436027393407
0.6695654451138984 0.48505439113922544
0.15197022221897238 0.14690580512819618
0.6391240637286948 0.8502122677195331
0.48533435358164756 0.7102400403437205
0.780603481540958 0.7916221366396882
0.19060588911577214 0.3608833688591587
0.18877827376477585 0.2826315094753653
0.6355357927546861 0.967934215096668
0.8996844200489625 0.22983386313413778
0.5798559348462452 0.8285608765757588
0.5998820915846635 0.7838397186386936
0.42997577157484546 0.1693992449355224
0.07679090806320454 0.6709090431607103
0.6693916660546807 0.6311220688038913
0.0246692090713867 0.45847616667870883
0.1628284733069587 0.5259652616213567
0.8271767440084421 0.3890688431472359
0.4423370586443568 0.7189365443701347
0.5616240398246704 0.0879694396280899
0.5224677622955224 0.8510648557692909
0.297540875862515 0.10789330683635101
0.32603170035336737 0.24533762854223184
0.39258489259565543 0.7315727222690618
0.6823468274088283 0.5862345912310386
0.22620571030575942 0.11042952237050241
0.7673183021470458 0.3292739656016135
0.6773505834288078 0.8651841980917048
0.14017544271607574 0.2354752993046728
0.9382153055014344 0.6216938111040214
0.48258922583343333 0.07492148063699033
0.3775333776595471 0.06318142726485276
0.6986553871055375 0.6553583262324078
0.6273474723800458 0.2999052896712694
0.7885402880442771 0.12034516799358752
0.21229842463924875 0.5212187287347402
0.8712443483793095 0.6536761491350322
0.9087793399013278 0.6961960835952733
0.6970674248420586 0.09967569050174696
0.2790475372413025 0.46479600041031066
0.8153593964025796 0.4107100245394254
0.6673585535985317 0.3803018766480022
0.224059365736207 0.8044236521050224
0.25845224239767717 0.47303716743235924
0.19560875664755506 0.11235968231389803
0.40566235831524233 0.9559766284523439
0.06727666618613104 0.3227813024247932
0.05156772924353359 0.3682144135047978
0.052743563352316225 0.6381701402329467
0.46838428107258256 0.3149593202265737
0.9906250377721145 0.4336960553178377
0.3236351924368812 0.03812652188360266
0.6340670185355886 0.6586631541888018
0.1463219759162253 0.22507117236033214
0.9942345161636075 0.5344612122049825
0.9216629695162648 0.6198676734333272
0.09434546106899244 0.3175909729008717
0.6661607284576959 0.04484186672050494
0.7839861716156782 0.34701308240326056
0.07866488336060373 0.427194606726385
0.49743091114791127 0.7706539623451371
0.9264634823388379 0.24714119804028523
0.2480252048720003 0.31775255789690504
0.7994294200507713 0.8387994111929095
0.3686925416644691 0.6801733689408682
0.5098333370649561 0.9939700885707027
0.8562767995079062 0.21790129687139925
0.48191127039977055 0.11028902427073817
0.6297671290347322 0.7805888029731666
0.6092847460507136 0.1244242822216659
0.3735432974260877 0.33837810615156483
0.39948386949168047 0.07303659031773535
0.7858869376322394 0.2104934724081301
0.31601482575539375 0.1609616612135336
0.5862305957778456 0.8951150928778046
0.2360991437778447 0.4499313325467428
0.3553060863209432 0.16007249265110313
0.39898032849715337 0.15388284772439254
0.1755169944663646 0.1412711354472923
0.09027071430272327 0.7527590829032679
0.5284333953137975 0.7571244516684226
0.6635665285948813 0.8800012600904064
0.5513492082629473 0.1765702470771613
0.10800655999380149 0.34872082431619833
0.9114567237526306 0.7175675603448067
0.6164751029801444 0.031110225051176554
0.7696550976550512 0.16205410248208985
0.2096181079406283 0.8308162612759346
0.47794408641190345 0.9894004117433666
0.7944589773774714 0.30768659754755845
0.1880811010530803 0.5137124246263052
0.7977582391779116 0.2213705236690824
0.21674042926512427 0.7304886456711011
0.36391966639109996 0.2385408681180703
0.7220380523342363 0.6679384391998292
0.04090236346289511 0.6840845010140825
0.2529804846430347 0.09787712404851745
0.6794163450753711 0.7643903105796319
0.004990689451177754 0.4659507969632355
0.3664970006747078 0.7470057638611708
0.3390722223845396 0.653552385272996
0.7102735304829052 0.0997535512033817
0.6886363405628867 0.12638108749870036
0.1896968059023325 0.3185022252218479
0.49227163075344504 0.17242833883095543
0.48794713153895364 0.12266447098348643
0.6328850248124342 0.06389711070441517
0.27070549399894384 0.6315470480606657
0.6213692754934238 0.032437495230776325
0.7166418507881525 0.6214476787156519
0.2418947633431302 0.4930550449225297
0.9098328256028457 0.4009864346469669
0.9230583874982823 0.6367096832886463
0.5709801163149071 0.8836142880220335
0.5919238661193768 0.09742133609710091
0.02510462126929036 0.6005868371893942
0.3431408691117116 0.9583412389437125
0.9557446722780659 0.5776443125618632
0.784890380010205 0.26545800764486527
0.8016759356968561 0.12303039869870713
0.6321487766448358 0.6044179973228537
0.529455296976651 0.00980193548644026
0.1763583559268258 0.29325633000976614
0.305953056893142 0.24336517534474644
0.7684142286288136 0.60775377055372
0.6857101752310795 0.10997365779370216
0.7120166865886193 0.4466903305386889
0.006964472429887625 0.5504128214753315
0.813209223363596 0.6202129415024749
0.21232459006648297 0.5149781652143103
0.4270187651254377 0.2560651155037058
0.9821709939512503 0.4546328882762394
0.7115082885631447 0.5569291813032855
0.543014799865415 0.3186327030302236
0.43448150989743906 0.9232948239388631
0.940246065516739 0.6142601947242551
0.10250266709324785 0.4180128489751883
0.08104455950881007 0.5892079455001556
0.319043214009467 0.07683013994807497
0.4443578056722658 0.959792771928413
0.359037289101905 0.6057503603738754
0.39218416147021284 0.18747132187155902
0.08099993932240379 0.47628616781799615
0.8698559920401502 0.19752918264478725
0.6460419055267087 0.878529088713596
0.04403835415596469 0.6066385931548787
0.7767354197598884 0.43701085941157136
0.8127052705816538 0.3811683284823857
0.7680182297154503 0.5517056175473932
0.1506015027175852 0.5916225779638055
0.7311693471526453 0.8371731579159526
0.45647765520971983 0.04378483893596241
0.807110937795057 0.4793534034837391
0.14733835958584063 0.8105762228640722
0.5995750263122835 0.981393323760009
0.6996079188474115 0.34050464190067775
0.2351665290830166 0.35671729403218155
0.9110604200955889 0.6086490726540459
0.27756328903357463 0.3915481307613947
0.7073139614874531 0.07161879161229856
0.6542025170543649 0.1067677439322724
0.7403256515502155 0.3318680570847301
0.7257270750485474 0.5234687720694644
0.6429820609357182 0.665501401461407
0.31409662840296426 0.2984420047911345
0.372574923725856 0.9245899538767817
0.7192427993827386 0.8590304445705279
0.4996348461715546 0.7211648080147449
0.9339020456611956 0.32558879498133486
0.05166465576732282 0.41629441564593295
0.2573288364308779 0.29312645717430663
0.33955889044546683 0.671543183979449
0.22018854711850144 0.608254915800648
0.9866798669092162 0.590549387979724
0.35985333316947177 0.7100075132021633
0.5149543008141872 0.09862790471744487
0.7919082400420405 0.14836759275154443
0.6845412532203872 0.5684864057248311
0.5897950000578657 0.8015486154028147
0.7845269956212155 0.20461270393443542
0.9290623279312062 0.32784448477478334
0.8983586889741045 0.3285432731470528
0.8749560479395256 0.33422659058963244
0.5169314936478221 0.7824046427410182
0.49514955347942713 0.005406832802140493
0.1745442844127263 0.5513653554105818
0.41174675098742186 0.011278845083358302
0.2649517246955637 0.8830734106526034
0.5092481888911833 0.6699098082924837
0.7674357012087192 0.23065899889471597
0.8943007605550181 0.7108898998272771
0.14375719341601845 0.7180134208471969
0.3344584960912479 0.26037394364038435
0.3319153510038779 0.7698897755020749
0.6525941899293757 0.7248031971295238
0.30159762393126544 0.7249907425219217
0.7464436762563091 0.20506122397909354
0.7065976898636269 0.5264202439344642
0.7677068352145933 0.40205985256763377
0.035186362713428676 0.6741730475510889
0.7207348003044256 0.6376538789679771
0.28151670243457727 0.8815427458731511
0.9899848811321406 0.5848236457327481
0.1121565877921682 0.30430705962754734
0.17355207875226963 0.34232360883483703
0.7629203105335289 0.6416873865486492
0.2599997984045751 0.5968628664838292
0.34145737004507015 0.4160859225677088
0.339779120187956 0.6008305558265488
0.06977809428614234 0.4308380647310629
0.34912598737064904 0.3842153639100848
0.166571871114379 0.8110024870034689
0.16231972564106467 0.6964118054828974
0.6477483146771765 0.6048762422461115
0.13689856145638324 0.3490294037516296
0.17648035494801118 0.871260386301913
0.07968491076329787 0.5934475137167029
0.1612398391990697 0.6898174073844037
0.7267765228429509 0.5249843887237522
0.2784485631681549 0.2524889535397996
0.7005479356160914 0.8622117522407242
0.23001929896429874 0.8008081694173537
0.525658257629771 0.10634856731815334
0.37066511940412383 0.6254631305914579
0.6533246743852498 0.8272828472232705
0.7206194910774482 0.9142612171306644
0.6582641770352138 0.5942599879038437
0.464891886499168 0.7536050178980095
0.27410897309507 0.21346998323775435
0.7951987209361346 0.8756532518032604
0.5847160204948305 0.14662911349683716
0.3164063737063195 0.919970755787447
0.7387617156064059 0.4178038266474233
0.5330515827264346 0.17739951866295567
0.2611729851806903 0.6130245747347949
0.04269157775982324 0.4490600872633217
0.6091957622477118 0.19942467469051206
0.17657369952010604 0.16290410033358138
0.21381712429999056 0.6189093303240437
0.6689551367697278 0.38387521894637133
0.5352681944835799 0.08910397510324031
0.5758832394467276 0.08585686522286995
0.26943290766309314 0.07017718495578751
0.8807077859391633 0.5562998873588717
0.6670596809376087 0.059529326544745964
0.3261730968732667 0.22777255441222333
0.22869237329620895 0.5805747588217524
0.637813880249662 0.1438336872118805
0.6387243257929389 0.20903610585466337
0.3072732178906942 0.7094561378631348
0.7583866261253326 0.08815300300677031
0.6701886815747119 0.16566950013647397
0.9764686988610894 0.650573478858465
0.26796105833098727 0.43361080155140286
0.5800100115780337 0.9531972491894108
0.27082056303198143 0.6565843912924451
0.41865784553033725 0.7732921453516245
0.07852680939327972 0.5851747100983674
0.32567143480566974 0.7663703934621191
0.8800617403851068 0.503899996795805
0.6673125458679946 0.668422168666277
0.08350591126140305 0.48381324903318534
0.1591956419988304 0.8381552088361411
0.1027451732814858 0.6328681184229302
0.6544671396566041 0.5710322211875347
0.8619405779876401 0.18076456822786735
0.375576102538587 0.6752263088159921
0.7200027252890601 0.13121960735284988
0.49351636461887427 0.7973039180250574
0.5919121244132074 0.2531797915092595
0.8003404163573932 0.8491563799611902
0.9522345952195687 0.319077334697223
0.48689318477741783 0.1530427556883921
0.7186163127389474 0.5473048207146778
0.45486357397263455 0.22665138737722557
0.21888358011907916 0.6534904398289838
0.49760713425395353 0.24128740358051248
0.7111787135293612 0.3576405212999695
0.5795837884159898 0.06906705478128594
0.006413145840904577 0.4913918806942058
0.1224775249572696 0.36829809819038495
0.19550238154571697 0.44883203242523706
0.8573938946842666 0.6415351382456559
0.33038333715761103 0.47448827819469774
0.48878069099625 0.7756157935336427
0.4860781941515341 0.09155752313428389
0.8170753905090372 0.734121316997745
0.796879101897022 0.30059361821304376
0.3574081562831104 0.6797271026852363
0.32859340423118233 0.5743392160621904
0.9543121786367348 0.49307501346526206
0.1952395167754819 0.7443897273927077
0.758648530327078 0.6458380395860923
0.27990177646277004 0.5170794790109803
0.9474486104356362 0.7134292444208801
0.4562165071297838 0.8041425445903227
0.11227472045574693 0.636521673416287
0.5998805579346549 0.3656377558706768
0.908551569630125 0.5706065085221975
0.6401457908423551 0.31396235411238027
0.29774868561111445 0.1267581028955327
0.2682843563191327 0.47867061118415266
0.5758561323110981 0.7098954205787801
0.31815238063980056 0.8028253273172115
0.724126737593864 0.5562232835145943
0.16951508729190512 0.7771855410499623
0.0856017401782555 0.3200708356717056
0.6069958886093287 0.7881666394002466
0.6756447803112667 0.123797139832033
0.010576501300274987 0.4522633322917633
0.9404352591267524 0.5693808510006818
0.8498385557929503 0.7518157923688076
0.6812539451585421 0.7062306715063571
0.7562680579363708 0.8331507481589849
0.7110342695125601 0.776162080146889
0.7892084171559358 0.17841935181753288
0.9828780489661012 0.44454311228656185
0.8433587300758537 0.566196708575613
0.44249268762207616 0.286357039248225
0.42662958945423246 0.31995667244154935
0.9030162381096059 0.721552952631252
0.6176653172873533 0.03511568772012619
0.12364018257894704 0.5257319926461897
0.1599104466713993 0.388886446535907
0.7814609588846755 0.23156733271985996
0.6537378544125542 0.7361303385985427
0.3327950016352026 0.5016836068390376
0.41255304029302287 0.7638965946733624
0.30086588805394987 0.8517709935890434
0.5428686196435017 0.09976357445698214
0.8118115870483776 0.1836506566491649
0.15720080262045089 0.3843049809775553
0.7704077066183209 0.3429990094317731
0.31119751785751726 0.40623041363886125
0.8255979056970373 0.5013038834341116
0.8288407293248437 0.2681652375407819
0.6896272976155544 0.5480061874200655
0.36924761881558954 0.791159455926183
0.12640671451424823 0.6982543234537766
0.20033942320337983 0.7023387284156355
0.28319932763949884 0.20316856936833294
0.3653864230640388 0.17174683908623656
0.10713935460984048 0.35058601596024574
0.7918744702908554 0.34187800667692114
0.5801027397445703 0.6876629482684168
0.35262225667125435 0.7809962684374369
0.2542398716602525 0.6953076972638905
0.8829882581996695 0.5261458488177145
0.7496729598242626 0.924360027845154
0.43320872636264485 0.21919369005084421
0.9506116343433084 0.5160933396695558
0.3521318720584883 0.7772769793349198
0.7250716680656051 0.9349911572314797
0.6832970694738933 0.39688766589904234
0.07499407457083129 0.40085724473621775
0.822159124891786 0.2926543773138286
0.62386991203225 0.222334560461663
0.6383991299859825 0.8600588801170377
0.8601679556268959 0.33446652235783314
0.32614488457440016 0.16276536210119308
0.9123324297200938 0.46949599698239675
0.8221940312364728 0.6810130858216207
0.6968171192780759 0.2510924715966
0.9129500252159252 0.29021965575652464
0.013036382146668801 0.5280846376745687
0.18669043167205968 0.351785627290333
0.10026684813236719 0.652228960655303
0.34847381577598 0.21575338011195033
0.254034027939268 0.5645096435379062
0.44391362303151927 0.7577457580852032
0.21112390211123055 0.14654559740101303
0.49906845491258733 0.6909754847632528
0.03832982186132183 0.6436923448980613
0.4286610407263247 0.6681544368784843
0.586383913533633 0.7499153888206571
0.27720582988479125 0.32583986919703833
0.10954603628374004 0.4855614719869489
0.4724733923719848 0.7852814351262192
0.336242343961741 0.6328961233942362
0.046590149099064115 0.36351618724057944
0.3350125384066597 0.8508865567847315
0.4047750490669255 0.21690092246390102
0.12281663870350534 0.6891229829601982
0.9482776822560263 0.6287560227174116
0.4365903899745296 0.1638849046374924
0.6990597022569384 0.33683233670852786
0.20157736000508986 0.7926765035843305
0.11322790759118717 0.35507462535381007
0.691880495066424 0.18706890095855122
0.7458688686547058 0.4140745083672467
0.24945777856577567 0.6365351028117701
0.5665688147701039 0.7291002460140904
0.9160910680175955 0.37410124828093694
0.8103285758910636 0.7654699226748523
0.5584186123248176 0.893032383725467
0.6259349588474218 0.23611233884586558
0.8036253380564035 0.8925191977006182
0.6849168288448538 0.15522694732501197
0.8223331038366185 0.40000169000789654
0.305189827071787 0.6512666259245032
0.1809308439814704 0.5180860050044407
0.4311228563402856 0.9395647973379029
0.6911378937132105 0.42334480403189745
0.2242515127383643 0.6661198694123572
0.27344795727190896 0.76578495571664
0.6092769185829969 0.6825584507321268
0.7276053849070554 0.5422527321492341
0.2510190453548564 0.1671901083876144
0.7486613613365488 0.3587590411706656
0.7718870412855944 0.5215518838207742
0.5794199298846292 0.8117488925374231
0.3422361050048216 0.6512684426015701
0.2773613371714442 0.7718423832335044
0.5134421511692048 0.8123958227057859
0.2993837628532626 0.4742690049346112
0.35795262718448884 0.1919018090259602
0.7385947323737392 0.07584745640346213
0.887629592178397 0.20752580635601914
0.15684309902443305 0.5523804207267656
0.7738732748175339 0.8573652221116792
0.7946507491484812 0.20159748874262673
0.276806897514314 0.7574355793717529
0.38471372663965875 0.6251058822252382
0.5898808340681213 0.8336434017616546
0.2150662342859836 0.18483907812623845
0.491578846045582 0.15430045531743286
0.23011273537581212 0.5044149903915331
0.06828517340280882 0.5747153268785918
0.5428151663435913 0.25158033908567745
0.5071015858839593 0.8629120688672597
0.3836171304022381 0.7245961417878183
0.5816838271066204 0.23223400050851917
0.791916270546151 0.28599314960770683
0.316965758249679 0.8919675681755305
0.7179406173680819 0.6112180025518978
0.7074326013197906 0.6988198878606833
0.05131361236614307 0.5567432244801679
0.14246279150748342 0.7762539218740747
0.6652344724528776 0.806107206037279
0.375304807702605 0.29776028279185096
0.04351678152335281 0.5438379030898165
0.22154186778351226 0.2224362803672777
0.12550167480484486 0.5574175909577741
0.8809373055357705 0.7112809870507982
0.18563569969943816 0.6031161758286321
0.6804584841426417 0.8289827567305282
0.07031231918379388 0.4918245571143979
0.27976417772647444 0.23697469820838057
0.11299967542954725 0.3840744074659459
0.11398020598401282 0.34271726488564547
0.3786881619253958 0.0507027423320171
0.0801365482658315 0.5990232335276663
0.7632471401882863 0.4962791587565689
0.22635642130242117 0.407706457925079
0.4077575473187254 0.018394922792983714
0.487991352374902 0.6682184327866173
0.02775477950577454 0.4002246013698739
0.8266576696337811 0.48594765684941155
0.7451898325434491 0.5493723695209212
0.8630686950276389 0.49949724040439303
0.12185767232452849 0.3169350632996982
0.7523502284080658 0.1273855564062104
0.8030177855417876 0.5222890435268597
0.38167384988182707 0.6642170542072883
0.2550135947324589 0.6550085480952459
0.2758684661222627 0.5030421645065178
0.3514709891509338 0.2909395122977547
0.19136958035196672 0.8746854478504209
0.1927719980440903 0.40400411129540736
0.785004233223879 0.7577895358018663
0.6705574354034471 0.2270338535278138
0.7551293925481933 0.8544111971396692
0.6514285426348313 0.09770981659113165
0.9210807784443705 0.48722121376698946
0.9282391885105447 0.33662123624170237
0.407243672058182 0.8736755914847235
0.8800708460835903 0.6845385110614394
0.13890820652558722 0.426214310573519
0.5574007346007629 0.21086665033361907
0.22583565211134093 0.8303090357895347
0.7171772896316294 0.2297201399851213
0.6651698199856673 0.6846717753505873
0.1566520102068969 0.4819207748169996
0.7247316687721799 0.09893918445586747
0.47675370006319806 0.19009185585146127
0.20158246186532436 0.1911152042651374
0.24731526302503548 0.31067035460874337
0.6860538738884661 0.9422602337500868
0.25317500481444566 0.6599579949088483
0.1312338663539847 0.5648041065635001
0.8727114108156845 0.19117867584806525
0.2340966751754835 0.8901411184666949
0.8953660550431336 0.45686163495520227
0.4023642272104333 0.6715466492378357
0.2673399999818463 0.1879090531484402
0.639840457315399 0.711024042895871
0.27716304209845566 0.8603961394441298
0.29528096872961407 0.5474690489717301
0.6783882901759718 0.6891354249901761
0.4443375323900062 0.8024187253963095
0.35395171409426274 0.9614355362069624
0.6679822012598805 0.7242361849837069
0.90203559555326 0.5230596608709572
0.5632243002078037 0.7515182450117105
0.26671594927962894 0.38611033233323566
0.2646161148348035 0.4349310324010641
0.8038689896781778 0.16481962295304253
0.08167836248049076 0.7196520241980919
0.694519950886403 0.5939774817785687
0.21732920347244 0.7764756518991306
0.1453998292439589 0.323143731114654
0.5330527201281945 0.7838555489680565
0.8195328106674882 0.1962094924753912
0.03816292433460944 0.6175151754395645
0.8221238517176624 0.1800716028175141
0.30469361937697825 0.8934433983984259
0.1291437112614907 0.4042671753886825
0.35774177308718447 0.3461581927655545
0.7622598182407887 0.6647201997054042
0.7675239278551569 0.37454553952959047
0.7447126843907672 0.0785275306219031
0.655018452219194 0.43597575448537407
0.21343080826817507 0.4056344682691295
0.3068746632505659 0.1690434219958079
0.46496641158873653 0.7345930088725628
0.573444315486616 0.021204990363866694
0.741475662496852 0.6958869703073532
0.7496306869503415 0.8234873278565311
0.27816935740443927 0.41452326952510377
0.9110553692255594 0.7831168005541344
0.653773631054231 0.18140492377082962
0.14299691741613674 0.7267965010888973
0.8786832770227132 0.3465496473730686
0.22246217320250694 0.3749969667206712
0.5730532704014962 0.09134900912081656
0.24828094380860377 0.6362187262171323
0.8191590778305633 0.2438316287458029
0.6127164907404822 0.9555538268145792
0.5305287644731195 0.25382207886391894
0.25658709854752004 0.8211402996726371
0.6568152572918712 0.9351707042182587
0.2880865287676587 0.8274872904129501
0.6681728274503554 0.09241420090155761
0.38598811036028513 0.6499688390175735
0.6259203587133264 0.10794145850849379
0.8427256509123383 0.5056045200886353
0.8149021515017673 0.8418736580081567
0.3945556163395848 0.22755536814998267
0.9286168325779872 0.7152475644193012
0.04780336805789054 0.705114071340734
0.7360868790081108 0.8730426632979718
0.8010727938197649 0.13180214628203757
0.23610862644490516 0.8628369952343271
0.4881534919527982 0.8918181207095321
0.6619571103712695 0.2116246676975576
0.5979869295003056 0.9847286758483953
0.11681476259449952 0.27666909138731854
0.46673007854876425 0.735868777132945
0.7740826651624549 0.41980618401407876
0.33667676567645277 0.3733686233832799
0.3836846458382084 0.7480344914948664
0.20966720679488582 0.4671497339714965
0.6540612191087876 0.6338887604411086
0.3343230448450305 0.14342311027898202
0.5044980313690349 0.22803898085023866
0.4269900482912279 0.25151676606788953
0.12628274497016123 0.6018753983880157
0.7899920885981574 0.8428377823224704
0.8133995272092077 0.2692465649363244
0.6408597415762485 0.08785924167582759
0.6829964495768491 0.2067500799869434
0.17601798085804754 0.3428658565489183
0.6739864496524556 0.7784729514674835
0.548393647919937 0.10446457722103042
0.7756887916835602 0.8456106087097819
0.0763250525762762 0.6584071613782166
0.5962546163212205 0.8787335936612476
0.9203537377614777 0.25299931077528415
0.32369602865077574 0.9069362242780868
0.539222213462622 0.045334815993314015
0.7067062857016522 0.5538757613625257
0.6694798374116675 0.8257657087043606
0.19270177751713202 0.8020115175449328
0.1308957293364882 0.3184413014419041
0.05028296551993028 0.5411552696323902
0.3160226588958709 0.12760083220730178
0.6928578219965271 0.2632723143723693
0.3583761828466294 0.13407944600148736
0.6164220722888468 0.7638989839924144
0.9537077545868597 0.5222496597621803
0.06826190907329632 0.5524570240103044
0.5939307778597611 0.7225933512556746
0.80745571196359 0.6755671859429065
0.9471071943815645 0.5993624450953311
0.3733311026777726 0.869180126338731
0.5119157574517967 0.807914393014149
0.6869328083594787 0.15426510571649565
0.1892315229059628 0.2619084640902557
0.684511228241654 0.16017768998552118
0.5773805283290959 0.7322631719132261
0.4241360630033302 0.34362952859577167
0.3621808330303147 0.6379513091656837
0.7013954199496194 0.38539386789596175
0.45511990718428985 0.2774400459264045
0.12837836679202175 0.19076391054576247
0.7149089670862168 0.23011165625553753
0.7036364028717254 0.21860948028710603
0.34939902347739404 0.23701855903920144
0.7034460711240496 0.43376835699965455
0.9614871868724947 0.4734527782408643
0.21349160273506107 0.3915388491372319
0.23669783017722767 0.9153189670779439
0.15772692503546237 0.33013139196145647
0.474987303421888 0.7393533526160505
0.965052267156409 0.6288831633355564
0.14286821482465606 0.3045747572469444
0.8974059032706415 0.24031084476645026
0.28844525316057956 0.4552565445818799
0.2786941442015718 0.7299161535828718
0.12699191946416521 0.2055286568114364
0.7196041308125093 0.10978532972390964
0.5758041063820398 0.7540264445104431
0.37428414735547755 0.7886189245840344
0.308266950279821 0.49724905923847795
0.11498701677880552 0.577498821215073
0.5332603153753545 0.17168927320512062
0.3939448134742044 0.7639259109499643
0.5070202765389341 0.1355309917923082
0.22177985735493544 0.1403521288733076
0.5638575226444181 0.7046464538341014
0.530793677538011 0.889710779751354
0.28657658439632583 0.1353994140899467
0.48669387738734093 0.7650712431520099
0.04904595488033425 0.44527278422415384
0.6067863191049597 0.9246040110934807
0.8177372774444819 0.6269223037896348
0.6591959750005694 0.8312539800410075
0.7233544471874236 0.4377534844578401
0.1152717508200769 0.584403042701367
0.7844356807497175 0.17534836975798673
0.17214930246499938 0.5557254203569204
0.12339669130408937 0.6004015175905896
0.0891385597625104 0.7128863679824978
0.40508324261449624 0.15739218574102964
0.2638458339750577 0.8247389181417624
0.3013247910670095 0.638576897827362
0.6726687860751053 0.8663605575015291
0.4880344688155942 0.17216835155838484
0.11323693692611991 0.5816780440187648
0.7880062647183678 0.21520031144263763
0.5475930574379361 0.23843279735680845
0.21279443620987837 0.8203472070982106
0.3319627492144568 0.16010769163169325
0.3553789208474689 0.7615465099101562
0.2775595318036528 0.28681809496365906
0.5884716832735977 0.9899657994626135
0.8407718671412305 0.44327801648537135
0.7815703008410495 0.8908917292084828
0.548411330901814 0.6779789866382837
0.7686808132993448 0.8584696722375343
0.8302116086733812 0.1427824477000823
0.08452081870303185 0.5637509485144335
0.38661018700548533 0.9861680040548763
0.5242238353589965 0.09358923853257606
0.5577248935704106 0.961886289690652
0.9593706644583856 0.41693824492966347
0.09906064264740744 0.7549764868527717
0.8029565580316779 0.4923390312846173
0.43149935186002 0.8141168158536716
0.8657150273628884 0.7238434077630084
0.34434198111043623 0.7132163478352462
0.20331253914649228 0.7233586282823555
0.8525491096630842 0.32750416008404015
0.6201092843040801 0.10019382625186057
0.4348093619271256 0.7231700464703366
0.37644159833505364 0.18955422363262708
0.8680553435026915 0.5151911693312904
0.8907668127995239 0.2076130319623063
0.1725689047949669 0.7234172278385645
0.4892243070439456 0.1426393100691179
0.9057535847483581 0.4188325268490397
0.240686953800764 0.18027726323948756
0.8405715619492472 0.5092662064058094
0.4253007393026844 0.8252346725789111
0.5463074309444749 0.9672866332682735
0.16436389021289333 0.3828111907904156
0.732013760574776 0.6775726257956217
0.3637246977080506 0.30745990288737024
0.6355547807511525 0.7534368893817975
0.46671052027459947 0.8749027474442396
0.8206262845036962 0.13552401972843153
0.6648240031523784 0.0704417075035908
0.2705419733652956 0.5266843261884967
0.7830736878640222 0.6861414634173001
0.3853035539962174 0.3415876301649674
0.24973769052076655 0.7814782141265764
0.056232723465576395 0.6242504261982806
0.10039736535533428 0.611484205725197
0.039079134699977924 0.5540626034720497
0.6415283788597385 0.9167269888279173
0.9211343111966888 0.48947111973343493
0.27871984664206595 0.7423495277766183
0.2707639130201057 0.23836280613288652
0.5848791782975276 0.7894491135219569
0.7438621362105446 0.11496797964837824
0.4643241202689652 0.04426220786326418
0.7304777823883803 0.11896647688438156
0.6692696247511924 0.7994671805213295
0.2024839160094125 0.16627021591148938
0.39129893425147155 0.037830393125987904
0.3405563587123782 0.8187986771611588
0.7143066908053465 0.49623721748611826
0.4343382015926438 0.8643084539378826
0.5047558927909095 0.29969420648181466
0.8139427960560522 0.8783293082522866
0.35099544461994747 0.816998240288236
0.7734832621429051 0.24256093762949626
0.1931246311370417 0.8899087850810328
0.43270234034420696 0.2096256464916666
0.2298743909806299 0.7732213239143604
0.44535093373454593 0.7283616618929448
0.20848123712279765 0.3690390022698127
0.5054605144686959 0.02308424264277187
0.8504357171698346 0.6418563749692482
0.4661914073114961 0.27968272947532935
0.569280014636802 0.8024344259982974
0.569113082095653 0.7823809636311598
0.3634311945922689 0.9621624195096959
0.5709974287269597 0.204568409418051
0.9229942439279714 0.4835543634531184
0.2546374760880906 0.36611984111758067
0.8224331247613285 0.18877422444479497
0.8682093332006684 0.8225785584781066
0.5222525935173187 0.325680638671455
0.6198074350530586 0.9404251062571042
0.6176374300669828 0.8386729536707748
0.6170476105360424 0.28915391093890197
0.8692829267856048 0.6248848680045844
0.28764343126006076 0.29376860466275456
0.35723952278239435 0.7880820014249692
0.6438822029809527 0.3869843408690191
0.5767374529711303 0.18318153122289982
0.5421349955097451 0.9203566203660222
0.18737872828993285 0.5015960440433369
0.14742840643597943 0.1716608206361303
0.17718323686741666 0.16934999016596242
0.08070399168225739 0.32710571060269233
0.6429755517575741 0.760793578043848
0.3470586561895035 0.6139522437752017
0.13448711005203684 0.7954812414107533
0.4931409888480066 0.861226856883064
0.28479858558951754 0.8256793126772083
0.34994267874177487 0.15048172735543663
0.6267884578010262 0.8442202233567904
0.3069823345538627 0.058091893423319774
0.352495621482557 0.23422577434132263
0.7141497034819603 0.3281304767092109
0.6966559762891109 0.08916465723403
0.41773433886472566 0.77900732940807
0.5380436486867731 0.01633738474383506
0.45652304752410944 0.6896027704871927
0.7264807092736055 0.13262672521349383
0.3084825655771639 0.6571180440038874
0.10804860995316445 0.6018273541788466
0.4838295137425176 0.277138977485182
0.8881190479682985 0.7622543646631553
0.7443768086370048 0.3839954804520638
0.9118879479705633 0.47873020463944715
0.6426075329865039 0.9078737620944594
0.7567103381053435 0.7119130265520641
0.48227641482109396 0.7378523285719081
0.9092801118313858 0.747681532938262
0.6076664420595952 0.03616046494954894
0.45058702068461187 0.1086904263725309
0.5213489146295895 0.3000661938669432
0.35755827804501983 0.1279631908444916
0.44043021949345984 0.005324227146546678
0.20741820299827995 0.7197478026536158
0.4580171612914996 0.7838403652489465
0.4588998506257187 0.21765326696825482
0.2359041612126075 0.22327324268148063
0.5698922778546394 0.3190221437635863
0.9575283960551687 0.5506631834878143
0.8708923275699627 0.47458062739524776
0.26432256584972913 0.5867836226926211
0.24939061132442697 0.6272932936803276
0.7179240942664006 0.27560146506415784
0.32401923977111335 0.7575091965126779
0.674309226751637 0.16425068341515547
0.25982504505991455 0.4519759662553351
0.11714757002849618 0.3941377570250162
0.8472867784563031 0.560919848242452
0.08222399454667118 0.26786744523061023
0.43952315498999206 0.1757533100252574
0.7931745751094785 0.14678540976208188
0.1146312383986694 0.3560295971418489
0.0335584462012789 0.6096825066327304
0.40221757760809873 0.8673657933598145
0.6414478054787468 0.35604595125212624
0.5202383994364226 0.12338983275743953
0.7885631529097165 0.7068364946585868
0.4044312291636818 0.245642961216336
0.4593948130417954 0.6922161873241482
0.5945103678016745 0.3604615469782094
0.331100579010401 0.14101769891349047
0.23202717400055295 0.670547901498658
0.45677559319304506 0.7611643152924373
0.2772788628508408 0.12862441684710757
0.5979837486069345 0.9198646530278517
0.05878812419405166 0.38022511886988375
0.8386174457054285 0.36084123756553477
0.45892840037101434 0.838512332809391
0.9161515381302787 0.6526911198785486
0.25199335894091734 0.6450041424858813
0.17274251733172807 0.5419028932684086
0.5470369184746441 0.786094947015958
0.6947604430234273 0.3356303258485872
0.3382131445316735 0.7127545496956564
0.17083488003945568 0.6131529382714224
0.37293003497773347 0.2759766371766734
0.23464185941322635 0.8632448528579483
0.8685191092951 0.6729243645428481
0.5841358036690697 0.8130842572788172
0.8879801103206926 0.4372857678591532
0.7584320998532187 0.4293521514356975
0.8757562826752043 0.538600714414851
0.2891780822082467 0.7714494686642921
0.17969074607691127 0.3492807800809744
0.5331701351869543 0.0057754570218043755
0.8900522435223706 0.5699409818407325
0.08600046051238264 0.592330158384482
0.3129293573074312 0.4036697168469511
0.6495777276281469 0.8791613794733284
0.06892151842851546 0.4250805831198725
0.8709760891844629 0.4723508618704034
0.17253511240688635 0.4413942242285749
0.950886268669856 0.3722994965539822
0.7037966858334371 0.7561330262927506
0.6099115873667101 0.7042722753290303
0.39462063843975403 0.9698042349296004
0.5761108966829337 0.9077542014231399
0.5763330320821088 0.6604374171307524
0.6368273658724365 0.8770145962851175
0.655228867295314 0.745933378500338
0.9510409184267175 0.614469656386497
0.7238127729485014 0.9104780912623066
0.46749753884047096 0.2506503655211033
0.841467219426808 0.6804807566145613
0.665492100424631 0.6906910697040137
0.921308619247503 0.7312124655010431
0.031424832941447045 0.3538694846816012
0.6541094508504164 0.6334675493217204
0.8562765116076057 0.47048967603524516
0.0836232364242655 0.3829690478189619
0.2255088073247694 0.6081928627183332
0.43905180506914177 0.6986358571108375
0.37147280176724295 0.13801111372284147
0.5660357567719845 0.3090167333419108
0.2528320076303222 0.6876927237682762
0.5253362396770703 0.17404825615697517
0.19992097322424296 0.48064525192229457
0.3966913926884016 0.8015980258361506
0.5398959344598793 0.8782729548072912
0.9904404777209113 0.5668269073953057
0.6198522447782071 0.2558313976239298
0.7665577792420216 0.5758656976166938
0.48781349256125384 0.7033017692743584
0.6426890965124956 0.9593391162355768
0.2614593764237715 0.3503864199073563
0.9067768162586305 0.5130078917860513
0.8198325327709222 0.4598950883215456
0.4974909619449003 0.8297612165820164
0.899243146750721 0.3846971432199764
0.18876087317513257 0.20592305048049597
0.20679900362104875 0.8392307376439005
0.9127634548774063 0.5531089960851175
0.2820440260035746 0.07080483919177893
0.6317026217632227 0.8162706202500042
0.0049530469047914805 0.440236883990864
0.20617535494720296 0.7987698244195838
0.9734455477338027 0.3484743533518846
0.6247280953470578 0.9418386329643835
0.3178315434260792 0.8376772896525937
0.6465687634540809 0.057391959442595564
0.7810990851984779 0.6139847889380212
0.22597532908869933 0.151450391745943
0.2307201656014366 0.5632411694435653
0.742933350952075 0.3475602983294416
0.44750776701198314 0.9532603570746759
0.08906064612113995 0.5244674937675994
0.1105764339841212 0.3280157798635853
0.8151517615201291 0.5770230377158199
0.48619408162402267 0.9141507238563784
0.2157942286373019 0.26797992208718235
0.9409375047820643 0.560241695350333
0.2976058374274001 0.7646753888593579
0.5874781278050352 0.7993249212824679
0.5210134394916545 0.9764876518623105
0.485265610164635 0.9613862296597215
0.28353811963810693 0.4314122487514571
0.6090015822882702 0.2131364357618969
0.4422086510925407 0.18305932435862438
0.5000337519308818 0.7250858048628894
0.7776484566403458 0.6610528174979116
0.5771019487391817 0.8824904440472912
0.8165651483713557 0.4261419039098263
0.5436864483790476 0.7134553310722842
0.613685618971344 0.36028354028819787
0.6027051878905406 0.9764499637815419
0.23640529492602436 0.09002339165612638
0.4921236497855752 0.042898412597780045
0.0627543450106397 0.3451085872355947
0.13697690344823066 0.22441779716382781
0.806452532756497 0.2052664394739443
0.6764247165814891 0.1128483884258592
0.38916969567891857 0.17646193716385006
0.3795230208014495 0.3555930010245767
0.2846697110901064 0.22092128107373699
0.7557349457152688 0.5923706689074679
0.8659266133558091 0.4540148576057911
0.607358542208531 0.09662463994941828
0.915261347866041 0.6024222018822694
0.45686482137164686 0.8926933083240179
0.8613433340495573 0.4948498308769317
0.3008064237860424 0.9414006337277081
0.2364543461861276 0.6676120933390541
0.7292552008563559 0.3093693048739814
0.8562844331379039 0.16409585505537705
0.21082883997473933 0.8854943044841928
0.09508664989139426 0.4882537991794159
0.3779861916490145 0.030216947709388542
0.7238399703627398 0.6910284255764146
0.24937031896991257 0.4393731451724213
0.6959249713840056 0.8294762944981272
0.6648814056275663 0.3515843836768954
0.0641329256815375 0.6016754871575871
0.08044774269018229 0.5979923666806247
0.7152543133556528 0.3664346706283792
0.6539296092448694 0.3526723210727438
0.4188916293533741 0.8265012899918243
0.2608200438672341 0.7034524105750962
0.2798764348073868 0.3960922174559458
0.30566827860747403 0.8841180413260533
0.6967665688267601 0.23215057447587983
0.9580125156439149 0.49369546383262497
0.2559108126255917 0.3831605439241086
0.48730510313765507 0.16993070072800365
0.7391892060470918 0.4855813270753012
0.6460716329714808 0.8002350652447643
0.41135608926184875 0.1828186047133279
0.565267893813375 0.02316120851116632
0.25047814554079917 0.7171196780461477
0.24180883746806747 0.8512652794138574
0.5516223150342998 0.2111622258448863
0.25032590816537337 0.30027817262843226
0.23807957387515977 0.8514839812468329
0.22924776780615708 0.693981055675282
0.24007863366739313 0.570008323958104
0.15303705439612736 0.4985559746657805
0.16446505746587214 0.6199404048426594
0.8542353543479323 0.5855825796648193
0.888729402062224 0.42387952436769594
0.5148605238212408 0.19864669415578606
0.3858926686237245 0.2997785785635618
0.751286507255437 0.3909450911728318
0.14395778033145068 0.43539490221718824
0.13593326148537688 0.5438928074261508
0.33501366172859026 0.14360334368763805
0.06196990228531185 0.6897759451851839
0.8962712846224759 0.6933742923429361
0.37975778777364944 0.8334686075283975
0.7874061281053887 0.5270390541014126
0.6739936994764977 0.3434032569752744
