2 1000
0.1491820550492372 0.5637232451335527
0.9159386170927023 0.3328357358131738
0.9453776201923153 0.36656428734758817
0.16966202493594662 0.8966511373385894
0.10374305408895401 0.5287750099039441
0.7676703432279226 0.2075696712125069
0.9250853130592798 0.34735610031427633
0.7793447801428405 0.9118695296344989
0.9206537650235549 0.46308291514188116
0.8077983583154313 0.8264088101398148
0.04128569218771605 0.6921197402152007
0.49914137794135516 0.959262473378305
0.11965569343893756 0.1645016776018252
0.8480061286135976 0.36227403170907735
0.11687566304391317 0.22097375119961726
0.32682477602962356 0.027596997044677885
0.7669349928146385 0.2033869499081563
0.03243397568969908 0.3138964846222395
0.6192689978318358 0.8301513936586719
0.0180191708906442 0.11754640453426457
0.8607753590398034 0.13373253328505375
0.09935225491896893 0.9491477680343033
0.46792194868202064 0.4631887856186927
0.1676543240220516 0.7838991794584412
0.9560670537010694 0.34080857640910023
0.9564626277738045 0.16778411632193668
0.44926157473746164 0.0726802695120149
0.9263667374675798 0.1583833938690633
0.4919691769688245 0.6255524170604201
0.9515850489831148 0.0679618316052849
0.5459204441083262 0.9699397499504075
0.6509000636432493 0.8033828049867857
0.8901316374182758 0.019645048349452354
0.5142891614342056 0.1388571976775258
0.9218721750377141 0.13666661581947626
0.3103834244931033 0.7870423576449157
0.8453134161650853 0.6601454298670376
0.9573491615788458 0.021874706021133727
0.44993056683000476 0.610748711026792
0.008478075471986424 0.18001931977939534
0.46393783664874577 0.9279129769941326
0.4616078028631496 0.979388049698618
0.9947251345796909 0.23556026863663948
0.374282921006608 0.032187604585583895
0.14593932717559688 0.4178975830176369
0.5245681056060664 0.9024789032626409
0.5153811868391657 0.43867762585275627
0.9646873635444421 0.8757151949395021
0.7343684451856198 0.9360133905237717
0.47904020879150433 0.489229397686472
0.7702193573004368 0.20805260326783637
0.7245029736989588 0.9164460405213837
0.9198678488768044 0.9112341290487941
0.9859237395718632 0.31392630293676094
0.6667814725594545 0.8202599158151231
0.3670458973190772 0.5734458996133182
0.2315062744733949 0.9400857952080655
0.9422618790262163 0.5311357956599915
0.0894815415658341 0.8604739187060434
0.5525425346833405 0.10860996839863979
0.038101441811896675 0.49493139953873344
0.25033585905169076 0.7872252443958717
0.5118984104536759 0.025890325183543283
0.7090170324847999 0.9072612335847537
0.10726430793069774 0.9408778084031547
0.8210808707409809 0.18224830892703447
0.02588627507084751 0.4653483526073535
0.8641873739437537 0.7773240192004315
0.44914975237416954 0.009110406045361286
0.0028219327831302543 0.2480259380520976
0.9085328905365383 0.07872030309052536
0.21391254247973956 0.043690432370868226
0.5482740663735306 0.3597165982610854
0.9538326456149445 0.28599432312035844
0.8607542008897973 0.08183469429620327
0.4274690525442718 0.9222590418819437
0.04539253045820446 0.07526803372580326
0.9460965139157929 0.9667457480082327
0.5857720309010674 0.8534713956821529
0.8417340297381263 0.7561414107154729
0.4125980464917588 0.12387886894286393
0.24626779637232188 0.9710171716428482
0.10030866503674063 0.018450773904000406
0.714073876206167 0.9833945233104506
0.06522307504101121 0.5367412694251024
0.7119995218164314 0.10219071429970894
0.7546473359563489 0.9881504433939081
0.4657151763881272 0.15178864811833304
0.060260224304383936 0.7962541999437003
0.239899611708969 0.1593480138290222
0.07897413679770415 0.4555223490972241
0.27450303113966523 0.9921858975057148
0.01886703591534855 0.23884212366939372
0.04180329478162981 0.28893750211699665
0.7582693665565488 0.7742064530336249
0.9603989359528105 0.7755459773405121
0.7221561831239485 0.7681137046550593
0.0654743654227129 0.014389463245977785
0.6274811955563252 0.41634956355077846
0.38369288866413664 0.5998512884093201
0.06593873474672218 0.1500365939649747
0.5604446681388106 0.6459645582393247
0.6894723284071942 0.09777425402920148
0.021520401310555437 0.764905984309728
0.36610762169856526 0.10461814556930193
0.11568092916942752 0.5226360788292479
0.07092599985539416 0.21751518892974941
0.9427065837777622 0.5689526408659805
0.5576371618914681 0.15648121007238625
0.9472297038406786 0.7663242410823354
0.10414262742111258 0.8324614063636633
0.9572170875667252 0.1446553763278885
0.8444391436874482 0.4731576846518315
0.3284762581313061 0.8405882529764354
0.029821923622679214 0.8059438497503852
0.012465484581561825 0.9457496329119567
0.582614844986498 0.4435336342521097
0.0049442406233281 0.35887730211051605
0.1073203672426265 0.7739865223766385
0.9352888596574374 0.5140243076125051
0.41404630068150017 0.834228291402912
0.9236410911940025 0.7821658017409309
0.401423213363982 0.07208630821013573
0.3313471557877695 0.1667437395671576
0.8691068235976612 0.5172316106974483
0.18368859893507572 0.7938030770905993
0.02773146686579009 0.3506382600238479
0.8326770803188936 0.030113098803775995
0.5436754453427284 0.9075011482334738
0.9438476185397802 0.9655967987168287
0.6854912912585348 0.09864063886186081
0.7348480547827828 0.9137627614560785
0.988684347648094 0.6154658615613957
0.14683254507588572 0.6597904671374663
0.06682973429406425 0.170623664696134
0.15765672304488332 0.36076192592271705
0.17640395233385064 0.2701094458362733
0.5743154227340995 0.5938093842454224
0.0021314608201180585 0.11091193295147883
0.9224834426045124 0.6481528647473681
0.1626200696560105 0.7547642212962797
0.3812382203178085 0.027569623835700607
0.8924748714782802 0.43475000554671894
0.049558891806197214 0.1704047612235926
0.6373176563005652 0.9607916463007085
0.9193002525009838 0.5813578037222223
0.15100520553396346 0.18419091996981363
0.5519822305815226 0.3868974391803046
0.9214447036300798 0.5929184144419917
0.12753718049509566 0.7411467826093782
0.14527045760861867 0.3138205823361323
0.1901391840301364 0.18767512795717523
0.9218188715462218 0.9969753906596115
0.06572373065445769 0.19384258833477608
0.02138711326500009 0.20899264750808344
1.0481623350644398E-4 0.0948978184704572
0.5247110942001465 0.3610812322965654
0.05228427147726167 0.9051069002365708
0.6894996505687003 0.19031736584896541
0.8676079862698833 0.18628063162209074
0.4778850106097807 0.020603440791276517
0.2318994342457632 0.21961223191764645
0.07385849978788639 0.03634068050348083
0.6011737399415557 0.8176110300253123
0.5813252977960527 0.11636518760065218
0.6283084993368758 0.44118048355522865
0.33918077289218584 0.042630308004368955
0.1751244502748962 0.9734728668739091
0.9705606847060816 0.9320671008572665
0.13471967968459164 0.6458904302406149
0.36477117276062754 0.48282725538825655
0.22373558953168238 0.9155429713676937
0.9902678450334337 0.3789669043638204
0.3705271978922058 0.9173595329973203
0.5969873394308777 0.08855542179631415
0.05561927108610898 0.16681045432854535
0.40801768256562365 0.9415688870829574
0.5036152634455898 0.839470042961521
0.9560193661147531 0.4022296218890514
0.164100515274623 0.20651938320785734
0.9577404761621595 0.1332570251964973
0.713965146995563 0.09103650039386413
0.628440099231191 0.05401447537254622
0.1784947313403341 0.31042499867592777
0.8484326989114008 0.7321507905268925
0.3258739565997856 0.8354466094120991
0.10292826663312904 0.6972803782913471
0.42131931849949367 0.12130069470700922
0.48386045357088514 0.5349751269189766
0.44023592692940683 0.8547301382499942
0.20598393692457084 0.6908264982777936
0.7327735222139303 0.21203098389387864
0.04494475354902616 0.3782634195129987
0.9650924301680901 0.762173530464686
0.10942398254826391 0.6976846115023152
0.48863924413854176 0.03452727727458493
0.4496548658259253 0.11486664560909732
0.048130290347001004 0.4609222876183182
0.5722994678029558 0.13138248896566795
0.0424104089482612 0.5032420894493744
0.8091294509474012 0.7058614127156814
0.9666521717180726 0.9906497117564976
0.9216142675160364 0.3159934266124025
0.4946216978285445 0.8948140568325567
0.8294633284133104 0.9239258863284314
0.853876108464072 0.39680791409545024
0.3101173452543472 0.16046272370300863
0.1514928381423517 0.6496175018590681
0.7561454408848711 0.15389077958929653
0.5299650400738021 0.40676309756543694
0.15689655380638268 0.8321884382729372
0.07364420885506995 0.9115468502351485
0.01435084109208562 0.4576397715865729
0.8835776230203899 0.6006265137965926
0.850057709607737 0.47022450695490914
0.84008706736305 0.801391107242448
0.1803375785228587 0.04983219460471655
0.5986989627721964 0.465113200082255
0.09326253067035384 0.247571239688974
0.3260576133944372 0.1057796931763102
0.2265184743045241 0.9599546880052019
0.7002782504953822 0.8767623382153512
0.10687371910304455 0.2342221611576909
0.4917249813139015 0.49669939238652083
0.6463093812891566 0.09743785943100713
0.053077389944015785 0.494653172772621
0.15930900852398955 0.18357736338706176
0.4968957266480494 0.5257675702088378
0.07301919453961914 0.902307411433402
0.460448266409071 0.9179612430820697
0.040219596551915315 0.7054613898318851
0.5520214521705722 0.536482326250968
0.600330464936682 0.11170551396086903
0.9076586246908853 0.6632312901529732
0.8490307303776782 0.7657511707519749
0.5518555673984844 0.5179003064734108
0.18493493203580058 0.31223608245469625
0.06350271112034445 0.2766534711558888
0.12516941844453533 0.020970002221022743
0.612511509443982 0.8230924251862876
0.9863258776377652 0.6173253999733054
0.7736671720252054 0.9609676919944032
0.14213503623604784 0.3184094840694245
0.2586883225456885 0.8096978015894193
0.7485614316521739 0.17950676440465463
0.9545245809895314 0.34428063927047026
0.6231996732260091 0.986260687487094
0.08449476646996013 0.7797753438715566
0.8055810888702806 0.28370960664788947
0.9863001446634115 0.8913342412963186
0.3800175797231412 0.9006317538703584
0.4667106104436449 0.0498006565899044
0.11758014856607557 0.8208017402838927
0.09996471308138921 0.4020668683287164
0.9544368565743122 0.12227391953191169
0.8739410002088026 0.9789678368731342
0.8383542213549461 0.8921234737826184
0.3642149280418604 0.5674202150239324
0.42632900463920187 0.4798198600675887
0.05468633345530571 0.49876333137555984
0.037083331931693664 0.604043150907209
0.6585179262529642 0.97743298563557
0.07503027642864957 0.31954086895750944
0.23333448445944494 0.9074553301991631
0.8133203562430474 0.14611390878479835
0.6450723089602458 0.10193901970165165
0.23724960843532727 0.018882413621327254
0.38286069125656474 0.047152606081534265
0.16548588586915414 0.8331136262974025
0.6913962195581219 0.18014099059697564
0.6664076863901114 0.9873765570421588
0.8106095240667632 0.3375004823988753
0.39083558376915506 0.834840450940759
0.8857990294114763 0.3438191807595645
0.29816690159791814 0.16600461526277055
0.5378870167938834 0.9018234943051946
0.7046105495311996 0.7932270430244562
0.9673274712008926 0.9686554249769747
0.4012760214595903 0.1514112665631273
0.775690211346528 0.9293497254459677
0.8498657607743136 0.867583880812109
0.8221400381730937 0.08938012543102358
0.3088473643342666 0.820269928092617
0.20936050506326775 0.9442200506962449
0.43000408298075743 0.37825089668389655
0.717097937888492 0.9231474787292514
0.9974422329614159 0.3477012476677932
0.4242622038267806 0.9786896507294786
0.043710805443729184 0.3480978220644372
0.5155788456122592 0.6182611818616428
0.90949128984943 0.740824142898058
0.8130145097783934 0.3154844100909525
0.8115283053774506 0.9375276859269036
0.06523937167430172 0.10005267517491456
0.17597129866244732 0.10469275428034153
0.9906729794930039 0.23615017044107767
0.535543320814648 0.5074126554373801
0.5499850963398675 0.9997927714242671
0.19069605265278355 0.836601975483518
0.21906552987570072 0.7197895449438592
0.8829040631804781 0.9968901744162689
0.4681202273720305 0.384369683059132
0.3260691756017059 0.15419775688463477
0.657474415632761 0.9495381921882248
0.25359598976470765 0.11512789271965751
0.9532804498261419 0.30684836344441213
0.4912509931629011 0.8903912229077654
0.691161436677347 0.9031394725907075
0.8618813445091734 0.9041374319307066
0.03258006757294918 0.11952665252775574
0.3278584892784592 0.910537790000524
0.24485523446481794 0.9819688575809232
0.24404232124962488 0.8267456946197378
0.46602984973060835 0.5533871457370518
0.6717338508121763 0.8377865356717844
0.3352127343816764 0.920062433666019
0.1821672466657085 0.8831295150845931
0.886882701225245 0.2985988550602451
0.11327791574216395 0.368724906633348
0.2785091836903958 0.21060251875747038
0.02964714396873458 0.6165411398873449
0.5016387044742819 0.9730086906348682
0.5764688315960387 0.8711495653632396
0.06102251313427276 0.7531535170075786
0.7147187198047316 0.8156430668252642
0.14239273671027064 0.5887586150339388
0.825123012391771 0.2734236302308197
0.915779403831219 0.23676423230673205
0.8409437395493634 0.5648636350625692
0.9484718130069956 0.20911440626001632
0.06415818571838261 0.082790468690782
0.933893128212705 0.8729157724360187
0.16929349579590502 0.8647144127459391
0.23878426461530822 0.7596865404471896
0.42694647444034495 0.6169134375106647
0.118613705675357 0.12966249826408793
0.8973774738529048 0.7673006460952075
0.010739107624011535 0.8014475485776337
0.7521516193595195 0.9965301015350946
0.42964496735099555 0.5506000139977127
0.16880733604320308 0.5811678986813742
0.39829700496323617 0.1345888926547708
0.5131590396819997 0.04826979755398608
0.9570263043837736 0.5665413691481277
0.8037102203196502 0.061458649231666995
0.6518461918621685 0.4746646541342737
0.861843170832764 0.304498288141672
0.8222356418768817 0.10893757609011989
0.11484640652384837 0.3981932504422989
0.11661230178211313 0.28099544688677525
0.17088098672149676 0.22939556435973052
0.06488041032673919 0.6214777819708615
0.8551706966934569 0.2267625657726252
0.11668920346040212 0.6595448796565558
0.2124260634742734 0.802347137125334
0.056323382303262504 0.7450819197325335
0.7584167752251921 0.265838232509349
0.19852013637294563 0.218293615561852
0.01149366967939558 0.7912333136745769
0.9913519784470035 0.5868819078898372
0.5847660258246072 0.15237284822501695
0.8411652972519781 0.00892841193916194
0.8814190925850401 0.1004883158281843
0.2887779289322854 0.8822735162701468
0.631380589257531 0.14542062313879334
0.7414151823144398 0.7966224660265002
0.6918022062495147 0.1311276878655685
0.3455855253964869 0.9406768282255882
0.732644678126834 0.9745844802769528
0.8218084375342789 0.29585480227796157
0.20408836629645755 0.6831683479414761
0.21387814884670253 0.7490838231806146
0.3847369685821881 0.5973438113266129
0.8987177009596171 0.8217258914086543
0.6572078240283532 0.9020265694511901
0.9102525087191865 0.42348265712974253
0.9649437894288005 0.5129971882110234
0.3020274299117114 0.897970307369981
0.20483979092512594 0.15784170493461092
0.031406036525682635 0.6483674255946194
0.8189595801564749 0.05391967306092704
0.4711003733257635 0.934518026876321
0.20246367703336243 0.25492617874255996
0.8239481573048354 0.9944773270840038
0.22263258159105914 0.06343675905079182
0.8959865913717484 0.6992973637853297
0.15158289458401275 0.9442036222277028
0.7078371277458819 0.054843255292659654
0.14194834408220836 0.6977192281383703
0.6924313780531283 0.21366237716532555
0.7872398556217078 0.8758702557055593
0.6782891317448424 0.9880987690206994
0.07228494923345419 0.48389354404989093
0.9129176614844973 0.6272069065029242
0.17051355897085319 0.3719997209615159
0.9778979241240907 0.22497184930298875
0.05623762589426706 0.566796316419525
0.8410909875852749 0.03135512792748685
0.0712790021048505 0.5293592974825817
0.8443190181241186 0.1011799085056555
0.08706617471302347 0.543625705719367
0.1287450987801413 0.539633394723647
0.7054065204616303 0.9243996194421271
0.18506551293706108 0.13737481340037183
0.7525577566747284 0.13855622200025985
0.8752615025438841 0.578856485314109
0.3850000462861207 0.12117736808679214
0.1759319778369045 0.2965140121365105
0.5900648639282531 0.874150553172026
0.21382438233563772 0.10812786234516591
0.3848039765962613 0.989528395460356
0.03473007083414836 0.12570551973772337
0.9481263907112704 0.20730889431041966
0.84332154022164 0.26735482275543554
0.1560056538079836 0.5543243620329956
0.916335332875448 0.2750212596504046
0.8761200187232234 0.6930486003993618
0.09246574668232521 0.849249360813108
0.035594629502040065 0.9179601929340078
0.05554583139643254 0.5265663297363254
0.14473206626938606 0.28367534734545097
0.45704463104287163 0.03453656460870602
0.5922654690833046 0.8260510959862438
0.15889180086664434 0.5209134062796518
0.004078311755476793 0.9734597444684614
0.8973122523709577 0.5033767161878254
0.9620922476229596 0.35648526769189026
0.7600102751477444 0.13999399826387782
0.058823889299014165 0.1374014166560732
0.1222378995480774 0.9927295708182404
0.8940554339902114 0.00612146632761279
0.025122195549177828 0.8580001023433592
0.3701927058846508 0.5013179210787959
0.809355608267783 0.6852883979049331
0.0011928735663296886 0.3125396083747376
0.8366160023713952 0.6465426092743093
0.7253234347072984 0.15928232275122967
0.45185033977059363 0.525224489007985
0.9023027804820121 0.12604722359491416
0.10396189536467693 0.9865611007989851
0.3557608194343651 0.8713873298075273
0.014356198403435383 0.016902898541294564
0.18980543470386124 0.8650844970058645
0.4988276074921829 0.9070150742672799
0.04584618755692593 0.41870117253703554
0.6224708872407392 0.5141313576000694
0.8767330454378162 0.6804722034114711
0.24098289876248757 0.13247386693449736
0.12948530118777368 0.7638135166627346
0.37160546519875437 0.5139378708797845
0.12264761276802472 0.15848721322297188
0.17857458477473598 0.8009313623384702
0.139824463897406 0.15993721233415414
0.12286815879185042 0.2956801561266168
0.999038359618667 0.7799531224691907
0.1250890808287476 0.7986514139213113
0.6047999444627519 0.12418619570551659
0.9598274786326617 0.2991085895861424
0.7909177917994659 0.22813696878122625
0.7507800152133525 0.15831472948320102
0.12435531520213416 0.9846816201395726
0.05756051889551195 0.3398210144187156
0.7465859536183603 0.7999913753856667
0.068094974558361 0.41381044918246745
0.7718136649501864 0.1861586233061867
0.37231509078980396 0.9730011558018207
0.45264770907683805 0.15913372047418373
0.9359064187060463 0.39855273402026337
0.4063719678907076 0.6241027154759854
0.7283054950428927 0.2507182110294812
0.9350861564045283 0.3553049751416347
0.9703505101048933 0.37361740384510467
0.5187591254031659 0.4801293735765424
0.6198198658851597 0.43416743336645636
0.21841587166621867 0.7422466807992564
0.8145995403590004 0.9537614564042635
0.9424942072934459 0.4394881543599587
0.03771531503036318 0.9223939392093317
0.14718682503596503 0.11039969844275987
0.17113487989832687 0.6161156517115576
0.07398109860615243 0.8083264893515132
0.43384131222659017 0.15779347642004393
0.8637913480585683 0.45007911217683294
0.7911726345994378 0.8327189305624548
0.528506869234836 0.4256222081608313
0.22616640681634992 0.9019823642317525
0.33741444811108645 0.9379487935633984
0.46801559735893805 0.9932452163421338
0.4508652754622001 0.6189328113750391
0.8687260964435835 0.4457987557192713
0.738957677179832 0.09267855545507331
0.16375561287568452 0.3084217941314932
0.10038318096966636 0.1917508496663307
0.5019533806996217 0.10653142014120043
0.39955228178654134 0.47448076135584205
0.43816069886352016 0.42085010154957336
0.11869033486494407 2.593175930909464E-4
0.10535308869972282 0.6904641319812553
0.5005905507527202 0.9307937381698674
0.49395465286132234 0.38814145732076655
0.8804834669506906 0.6579736653898546
0.8841816080359484 0.7984787480046518
0.8962462893155754 0.6446359429648619
0.7669455077775471 0.2461506186476703
0.31493028676993007 0.9143128563347345
0.31343869414426995 0.029033157444491864
0.9760718330743005 0.39232842438144166
0.790651748754063 0.7571119417541786
0.722576733208401 0.9768075842290034
0.04347241738386398 0.957842873794661
0.8657875198975026 0.913899835906402
0.7494343837649168 0.8803636195521976
0.9430880091182794 0.0855205954633903
0.19909347524114118 0.8824906153967936
0.8033999285955634 0.35149681982556846
0.6473678876018933 0.9528751859184816
0.9790744281234101 0.9621148497662347
0.037418640091599564 0.05594089843907957
0.8368573328846205 0.8141295596282582
0.6025853938692851 0.1200311301619893
0.7314876270586226 0.9787968363993271
0.5709472664921774 0.6368238449294348
0.6356260681901876 0.18541877593456102
0.6463074044002528 0.8923934918027971
0.4893354831926634 0.9806877498568743
0.6506455857277748 0.14497159485474786
0.20788745450913393 0.2969428540096989
0.33372961591562145 0.8101089370592686
0.19360831689660352 0.28884654135611676
0.383725028580874 0.4018456909031429
0.33194915695432126 0.915390559526197
0.29621120471233897 0.21846884102548236
0.2843916665101296 0.9912052089639255
0.5123191481409717 0.10752915306590172
0.9610152106489005 0.05450886704987534
0.8572160652826311 0.3026400209092094
0.049806945586390095 0.07931495706229108
0.45898058530988495 0.1256293511285801
0.3546497465238835 0.08703664406009115
0.4637459718128404 0.8883928966785747
0.1907820527655576 0.968402093653827
0.02883054197044721 0.8223628675273027
0.8880511177757121 0.9002806062922629
0.6824157536932064 0.8883817325626053
0.556925559367595 0.16609907799779
0.005208945846521318 0.6415676396625668
0.9146835792120471 0.6417646497843992
0.09771464053877166 0.22458468278825472
0.1628968970262249 0.6538050982014221
0.8840760073834957 0.7220282387260079
0.7830835301742796 0.9224302752533778
0.552294646884188 0.412468152406229
0.8430246888088652 0.13194539497170799
0.4692520276525135 0.14812107321480406
0.09392764369778295 0.5689509203081058
0.6957225479489754 0.9023777811213475
0.09463948073203099 0.4583792017452789
0.6392421307647058 0.9760109922108343
0.6070507186931925 0.022524375155513643
0.20197259181022664 0.6898274937936778
0.9945248249470644 0.972120110296098
0.5018562429255832 0.8687844600566337
0.8614984852420403 0.5035241801211536
0.5576716124727559 0.08746321617379438
0.8421201772147276 0.4438426398567177
0.10317931710036221 0.6734949062133488
0.6306815570258578 0.5972312228634513
0.3028921740022169 0.11382315768016926
0.12167367626660797 0.24381359506934952
0.23555086953691673 0.9844770060685696
0.2135559623679042 0.9108848934559306
0.2690682353899262 0.8959135660138136
0.37058151302638687 0.8562936852474086
0.13759254126336784 0.5365018338277704
0.12107279523618397 0.02748001917894549
0.19474752533215278 0.3063847557672106
0.702959920683488 0.8015135469802736
0.04800859849569361 0.4391708514225615
0.3005789784233994 0.8928735809509907
0.06820821043629333 0.05986650997534437
0.3189169952163755 0.11377446612040365
0.2043797699297798 0.7058431667196583
0.8237491362280874 0.039545513230970886
0.9260145460668868 0.5626078962820881
0.829321728301561 0.23101062318817467
0.9111962501275003 0.5637202517015685
0.29459361925432814 0.10389817590538086
0.9122647076625136 0.3338732039068467
0.01657694801339571 0.213326466774453
0.672750240835161 0.8690355836307909
0.8508586050558262 0.211819875569647
0.5739248790371367 0.953561652061324
0.7909870337621075 0.31444998832890225
0.849190451636758 0.9867024725274132
0.08450918881502689 0.6401694955157576
0.09522734644417552 0.18070110295410058
0.09391244404359633 0.23000377347889622
0.977935848472022 0.22601758750653334
0.9297780161846064 0.829824417384153
0.5343477820373511 0.8657912341785543
0.6936966154789036 0.8205597232950047
0.9161658092602616 0.09233603258613476
0.4046003290261023 0.5353682485249157
0.40462930898291705 0.14419328921461594
0.5108267997167353 0.9304254508323452
0.0754775668128086 0.9693380872535081
0.1604372044922836 0.3755475850449733
0.11879802682561569 0.616448123069835
0.7634056432622838 0.7791986439678337
0.9542100468664272 0.919285581557994
0.5530628893016267 0.5799513984495024
0.4047110250710185 0.5301692264621259
0.06564725604174104 0.4047278780943454
0.02424355671878131 0.059166585443140685
0.9108842457550199 0.9811525945229909
0.8564213670880839 0.9805098738140308
0.20761411614416447 0.9939709234453056
0.3851479383011106 0.1548357661038866
0.21122506250270578 0.27874980863087306
0.7289200496071181 0.025108741235221
0.38927407287645466 0.5265661830816903
0.16861846004700132 0.6256871653172327
0.7968107438498566 0.8028053873455373
0.46877100251898474 0.5744935360643765
0.8421853181234485 0.3938112613511595
0.7549943403032289 0.7347583613106902
0.21033565172804314 0.03963810584394756
0.18569067304277098 0.8155029073671998
0.4266562634596841 0.8907472120262666
0.07975894619699975 0.011732065584714069
0.7275317209964239 0.2196482686615917
0.8590546167846748 0.7444251552557415
0.02438469745171301 0.06228306390928384
0.4457267431038713 0.8898745230944259
0.39015778612841745 0.48882307562224947
0.16547109605945942 0.2506131450998671
0.9456455909493775 0.9505539927196448
0.2291957625677331 0.7613036668130524
0.4437801956002587 0.9937308349626963
0.6310379132285027 0.01028078302329094
0.8539569608988736 0.7699325288442235
0.4062786292638585 0.8472583278714418
0.09271049358921468 0.35192035882924133
0.874292465120859 0.8271292342000027
0.10470972552355962 0.2937636187253404
0.5211446038849353 0.34780880802721326
0.9983347247092281 0.770632783528604
0.5315021887425385 0.3480715819802773
0.8880505473320857 0.47213117141584815
0.4406937287043182 0.14790438845007303
0.5628762621384117 0.08065163697545918
0.923474634467562 0.3791889035802468
0.973628631304158 0.5364400497702222
0.5116970308585037 0.05274424534859046
0.16294684976320561 0.3444693721298435
0.8769173929330001 0.06909171047398055
0.08911707828873039 0.6650319875654308
0.0813732650182668 0.0056400823288975666
0.7805051819564796 0.7082781120777077
0.06384149791542326 0.5551362369371823
0.1622458029992353 0.10823045556232314
0.903370060843693 0.8583834881791421
0.5853571973454851 0.8239990538976898
0.8688291874357308 0.14099389076151791
0.40770183274755 0.0923751224792656
0.09869102189496404 0.06235857443273629
0.7183660193910975 0.8211353631559447
0.03284795052088363 0.6488497156938968
0.8778407077132394 0.9598980341394411
0.7290858460029083 0.8179417037107942
0.6874288315521897 0.783062388625355
0.34910188387040153 0.5215671882686758
0.5496194866624179 0.448588149198079
0.03464474946417573 0.7838549108876727
0.6101428840397811 0.4362905967795968
0.45385875324618075 0.9060765566260671
0.49005624612002385 0.8933492462241267
0.07094635291510998 0.46488504523591767
0.2816448158573256 0.24654995197365737
0.16209022895730352 0.24965207718868254
0.9588080374760688 0.4461312197286199
0.6323734336342463 0.16448175763686312
0.4153065310683507 0.05874809979177065
0.5460467974813914 0.9035312960592463
0.9604931339763872 0.3069527193144025
0.15125582430501416 0.6017277090068842
0.449223109795044 0.025865305647947312
0.4198309406050931 0.44168502703568413
0.9467854591656559 0.6194020697457595
0.10042798792314167 0.9055751552266553
0.5366040156721794 0.47478978207970346
0.814597144712701 0.8784890215009954
0.35918635731810133 0.9104393058081477
0.14620368346903168 0.6885967797556649
0.47626267605665784 0.44751816605892236
0.8098817184510518 0.8916666995406871
0.44638679853682384 0.10655543325748174
0.5681609346690137 0.10550105304293156
0.23250225745425734 0.0958029785240112
0.44949515945810836 0.6472639409297882
0.7345072512367364 0.970924187718988
0.8906470865273504 0.6618934662501135
0.4924042208530306 0.8664665269295753
0.8594680904568646 0.05230564188529707
0.44704139970242385 0.5485932112385632
0.2793456738579405 0.14086790442355202
0.18432615936913488 0.7845324947337018
0.7710557316783989 0.7024022334345487
0.029291073703020643 0.8927421297807514
0.6612319602897232 0.11655611838059143
0.37884096118299593 0.4797030923889428
0.8769883024261541 0.3210390616013904
0.14817100555216067 0.6532074509344873
0.3440358423051957 0.8766376459721467
0.623763560924545 0.8697660737109356
0.40511379080791 0.9011677874111588
0.032723275255597484 0.5619641867003295
0.7803292944666037 0.6977914447904593
0.4438929868133856 0.45831961918479946
0.4192384164180041 0.4854455783485192
0.5797460740802025 0.5086176541529283
0.9196191471702986 0.45134257104189157
0.8195992669417514 0.872076299094697
0.6113808346679791 0.8802599093345637
0.12914902890427316 0.5270630432313401
0.6949290162927623 0.012845961809325512
0.5201599630088182 0.9173137030243523
0.08531547009075258 0.32432231124377753
0.998154312817347 0.6785415233498566
0.5625599647695033 0.9328983825791795
0.4334036346673601 0.9863915223646251
0.06918745313460417 0.4446477352936533
0.5997388179968426 0.539492325068801
0.9137506480931907 0.8065506646374114
0.14933039956282335 0.3934499355937183
0.8532856018900655 0.12141705959281535
0.98007343134716 0.703133307009127
0.003702505284705504 0.6337192545053689
0.7898581768791013 0.003910321194369959
0.96149650952686 0.6464644842404743
0.8841730749219863 0.9971717638780245
0.2284605656708092 0.10015784094013169
0.5346994442119821 0.5954183738616536
0.005621882894960906 0.5433223094729606
0.2918066239239814 0.1716825454866886
0.7572900213837624 0.7967304973123649
0.6920730937493565 0.9200686431034235
0.8878687471678941 0.16591176779870742
0.32080740870022617 0.8514941974884029
0.2857135554022855 0.16691635212612377
0.020682664902432535 0.2885240969865922
0.3104115383870313 0.93108937332774
0.7394148627134189 0.06056058833775557
0.31340514363754957 0.00182388132558009
0.7072758253823979 0.8786023294616832
0.10395585688628217 0.8460911697679542
0.8763989553129921 0.7438509816958653
0.02017277219583613 0.6862883215180395
0.2994882170074744 0.9947646013329708
0.3647487592033746 0.0847382478286326
0.3390173783992383 0.07238113283733971
0.9473047605691028 0.1586225337916023
0.5019017906980409 0.35606961297299766
0.39492387245734106 1.715797548285103E-4
0.46280679076958753 0.5657246421261665
0.3262617955231829 0.8274973696314912
0.8836892104890691 0.2622402837548943
0.8229485640860312 0.7732072106775222
0.8992024005701424 0.8762560476338352
0.3198254215973241 0.03393455386923838
0.587231723029406 0.12849372364782752
0.38472759259967515 0.9659381531844806
0.9240593923387993 0.33238043058219036
0.9873402473081659 0.14693099793126518
0.9350624012704278 0.9328372499098327
0.23533952916963408 0.7372882643037786
0.3623416527271287 0.823701554879226
0.8748231550583496 0.12115586578963755
0.5518465269944048 0.004638262924058778
0.5111059663150331 0.623197295140501
0.8044156741074886 0.9513577524176351
0.6839988664308935 0.9245712641591262
0.9996905012854296 0.43218347495771003
0.5956401937873291 0.40758042514470705
0.9570296941974911 0.2686190093545474
0.03142887362029223 0.5032542659500395
0.6092656345715742 0.9902634129802469
0.7092697784720918 0.9625612301524482
0.4003918507765464 0.4850797974070368
0.5549360177516954 0.09156265334801383
0.1619619252440344 0.6126533918809197
0.4744326804933401 0.0889067322933661
0.04012877000861459 0.1816356089569623
0.017054226209329615 0.5697967517528233
0.7127985892355624 0.9724140995011897
0.8374619691014441 0.32451013486571056
0.03628660377306636 0.45101230805381065
0.7805386854730259 0.8593520437254206
0.06487949958321138 3.47946149545586E-4
0.8600411815786124 0.2642658509299016
0.905449083117539 0.8971425961529623
0.9773489400468056 0.9623910665475547
0.4419489011770974 0.5527525066850425
0.8108786960057468 0.10871246252942601
0.257318047937956 0.1674985524671334
0.4251733996123197 0.8841673113032715
0.7832842139714311 0.7740445564193594
0.19911703651676127 0.7125864816509229
0.4822435933810352 0.10487184652236481
0.8600301758230423 0.8042327404770879
0.17035740409221323 0.7724246723407291
0.05602036491354501 0.6477145708293418
0.11266752247507916 0.33227817442768337
0.03349627614635031 0.5120305912099744
0.8942902790525742 0.3712988449275394
0.8074834653216892 0.7577426561922362
0.11338912891536057 0.004907263861446132
0.4188894286210544 0.40479434002498804
0.09482663531137658 0.41196817702648114
0.16703152238881092 0.5695972904885566
0.23299761867723945 0.8465360873802563
0.8031300842076978 0.004744565002522405
0.8567003418292847 0.6939323371309113
0.43096664599580425 0.45879466007577463
0.1525188707274664 0.7075094387303337
0.02711904021580558 0.07661533825542188
0.9316547530671301 0.9996106372951551
0.3457785414323251 0.8621755807483197
0.9538559843979798 0.43217892580316053
0.43787472803852556 0.42063524200972957
0.008483857603075351 0.1259191551601927
0.589088324785808 0.9496442328334864
0.585097378546115 0.17569771851045457
0.5296524656710576 0.40242699001418925
0.9951921846911626 0.23071267382563965
0.08211408166336198 0.974286301165255
0.4379132438351704 0.9190954612887172
0.8140271821625766 0.8999660020092882
0.6924269128052252 0.18256529942445376
0.25146996508040553 0.8378109815108225
0.17900243148282802 0.15541301481109593
0.38910672880537367 0.09212047334313622
0.9810681657757604 0.1407810674608979
0.03480632097853242 0.03132205462515569
0.17613569969264886 0.6985295522188716
0.951313359781987 0.8873038485954952
0.9517912375119153 0.09009066875167615
0.048835704382167666 0.979587844606788
0.9370382212244139 0.8737504956846014
0.9053129068422499 0.4291825642729663
0.030977747041772252 0.16796826198709236
0.8476773513912003 0.6661495405326237
0.7748422951678329 0.9158351460366649
0.7441938823247362 0.24026867206142366
0.5468770727840732 0.09646908247041153
0.5973438569435021 0.10341583096470197
0.9911845143291941 0.11886453303411382
0.45005789157002307 0.4487902850744867
0.21132677434044034 0.17629898831556967
0.07140101087785389 0.7351421201483451
0.03569081035569155 0.07509999404537904
0.22988281740498018 0.71314662303304
0.9640206590771899 0.46430049766571047
0.35450425875551006 0.9937717949985271
0.03277978060578546 0.8305219928203957
0.1960781777497811 0.9914320228924345
0.23819975570002483 0.058540263176226515
0.8306921588739898 0.6972626693780098
0.7229582190554925 0.9907901400197878
0.5046702933249572 0.08564431754420332
0.9083395297633811 0.349581581714422
0.49819509605271206 0.05493211764664441
0.5731259891316095 0.4240327437835165
0.1594228112998025 0.30806841675979957
0.9673210582380739 0.6607922298592577
0.8281327690059391 0.25649129040966145
0.7660909191093387 0.15626965847922003
0.08437986700143596 0.6943697740848466
0.7824503551021483 0.9584829449121951
0.9368697291303238 0.612105795357267
0.6080924547000957 0.04337057933479693
0.9271699997135833 0.3087645111831878
0.8948949254080821 0.5933531553521091
0.20747647560293703 0.02071128163719349
0.8165106389710778 0.6479633996181222
0.4581932543870042 0.14980392095528794
0.5701902573412642 0.17262794651447855
0.8831280780354259 0.7565619886395795
0.19478406876422705 0.14456191946817198
0.46176353709826823 0.6092527428203169
0.1575212797720651 0.4071230896854977
0.9712078612213145 0.9156853262227859
0.09610394367007946 0.6563069816202498
0.6492164510102167 0.4892602672848305
0.5219060415544888 0.09648417525951725
0.517400500551704 0.47088111561223167
0.4182814273051646 0.9927828103519132
0.17738926875266292 0.019812707803508967
0.5700027795364634 0.14946024065650432
0.3655183805268768 0.9494923328894092
0.7548756465589157 0.1037767518597732
0.3995765226352723 0.01590383236616255
0.8511757324659286 0.5283262991988725
0.12417090903264405 0.6712241781856004
0.481213562251647 0.11562870351347443
0.21948044790737797 0.12712556504099415
0.6413788202615847 0.8689224871710262
0.00109709423991311 0.7901462695791267
0.8147485609811527 0.05489273255869864
0.11832649885483038 0.8003293903187063
0.8551011596974586 0.02728637160752523
0.8125922526203307 0.13587901981538741
0.4467057041585938 0.9012413341322202
0.3502552717651546 0.4583449014928722
0.9673616644572153 0.005350940846908014
0.8459034181462447 0.2740476452212459
0.26063969482457694 0.003254159883643859
0.7476190818514783 0.8821925042047312
0.13806110461414067 0.7239701108354687
0.7979615361078964 0.034723595876719915
0.36799449449718036 0.13934697673079055
0.3569584932171572 0.8998392748525733
0.15877539072982572 0.41674173081398536
0.6329692785822758 0.4056102464633431
0.8114220717606784 0.9141886115738935
0.7040914472551731 0.12848791121898306
0.34112265575478906 0.9288165780897482
0.6115733324991869 0.08777128148375335
0.5520343983044016 0.10729579834492076
0.7535927452115363 0.24939934103008055
0.8161468162648434 0.6825040711358942
0.5609335363539236 0.02011041408331582
0.16721236024715347 0.1697994469843641
0.4716469521473212 0.4828375058162
0.8602830503586106 0.4043471518803644
0.12471276402490183 0.7717115366065403
0.6555423111803874 0.5298510187192597
0.31815390368857 0.9081217943533002
0.12661448534351594 0.046002133612102925
0.08435845274293752 0.7413850529690785
0.3280642011995253 0.8966714397625308
0.12605390148727158 0.1979651220607367
0.23947026057934095 0.19187431252318288
0.16726121925497517 0.26120760776300145
0.6768128974106944 0.8655186404083274
0.24508214571815934 0.8618511296941196
0.011404639113585802 0.35642792301572424
0.6690509437953508 0.011909162484901481
0.6661609936337024 0.8889339844052777
0.28636663358279457 0.8841824113508899
0.3507362253747982 0.9953415466925895
0.6025159569695343 0.1708354844036769
0.16436422392086258 0.49416610265920324
0.006498842852432185 0.2987460167965571
0.07232152528899072 0.8274932099196622
0.41908528696890446 0.8511816298731972
0.4945487891129342 0.13859502136618818
0.881319750932141 0.9586464778901308
0.9715672063827642 0.5723133564278259
0.6433884521467053 0.9994529931350966
0.13389496436938952 0.9598556019541098
0.2926594904761808 0.15347925563557063
0.02089850109142688 0.606878905763166
0.8808517437802813 0.6522886239482601
0.6162866771521895 0.5296273769879076
0.37073255057297294 0.18828316623160013
0.6158960726667985 0.9027913241769356
0.41537968824605453 0.5629126780991027
0.5594550433023354 0.4362899528699884
0.8804575091931015 0.9668812815734225
0.21683193596325656 0.2587510536134824
0.40986374089289834 0.620198158923033
0.7727637059511173 0.802574417628357
0.10835002281975514 0.4701529731925622
0.8042040492327911 0.6506053337085145
0.9186621355568055 0.5146740109431076
0.9550257467031077 0.06647293694850698
0.9461515357353887 0.0026445164377500996
0.6457150847140593 0.5586504757824975
0.3945243869196057 0.5740454528502489
0.6845300741625595 0.7930768131767468
0.8460668149330806 0.7619350156098252
0.9052352739323328 0.15192434696022283
0.04126288509725218 0.7547657198642008
0.5500752838065224 0.8576274231814776
0.32352677501822413 0.023026523511138874
0.1200297948326311 0.4810060982300469
0.12523553543403865 0.8879743144353521
0.6882970023225078 0.12109680586453142
0.5414963863283144 0.49604007301166686
0.5679009722433657 0.9449034943173295
0.7377774723508099 0.1811625440607093
0.1016958169618356 0.27340730599946894
0.154898691111508 0.8932364193579143
0.928721490250601 0.7957679131610835
0.18284635398053029 0.18997053660256857
0.9266777126003657 0.46389206125687843
0.32272522355891486 0.9510157889296587
0.07076800126765959 0.2574294262877017
0.07229677582652105 0.9096457747668178
