2 1000
0.002295073930270619 0.8553334978269054
0.17306652373851006 0.9356798825082291
0.4687174241163886 0.35464684943651303
0.359580451689707 0.4951447063603718
0.057209035256872376 0.20625586694247
0.4935276074444107 0.47296315429807667
0.9884873218233985 0.01769433465854786
0.479877473196352 0.5255844258186781
0.26097499787820677 0.9799362335319506
0.013824368443789647 0.8240332678854085
0.9392518504795807 0.14099975298854717
0.11496684452445771 0.8617539171921248
0.5175652379426711 0.5744023413009384
0.9270487280554879 0.8782989018774444
0.6070115723299188 0.9933898310969588
0.8308574936222938 0.04969014390873594
0.4923960106756229 0.34822836249368727
0.07291303484638811 0.8547052220461313
0.05010763123569151 0.0939241273586312
0.0173842882725751 0.7615979755892014
0.9186810282616813 0.2208480362609847
0.4766278006202348 0.39753506450473686
0.8915373953350996 0.9830481706799363
0.7637657550406192 0.9393782927674643
0.9711187622068391 0.04196308664510762
0.3781328295224937 0.5989129160314343
0.6104617620229814 0.5974133155207575
0.7759108800943197 0.98332630796524
0.9785489110054837 0.8684246528203453
0.5467101734815885 0.6123581739615134
0.9429338032783947 0.014598843245175352
0.03516699701371162 0.9468029904673462
0.38215535134712453 0.46954529146148516
0.9679854705417796 0.9477325892322382
0.013288239914608924 0.0025647950248282037
0.7612001554500629 0.9266049121891411
0.4364701948104539 0.4901259442111039
0.15546797883843577 0.1090402852400777
0.04366752884485481 0.18143040585728343
0.9431961931271482 0.012266196814554986
0.6447802259194843 0.4981671009810452
0.8045067202844749 0.002325103800615458
0.6072801787898453 0.6254612333056571
0.013509151568094735 0.07610985641873835
0.44195524994683144 0.5712605655183047
0.4678559263522014 0.35988389527305986
0.8960890267420637 0.1196825488181461
0.5645117898019566 0.3481362427445982
0.5329897646119073 0.3608250522684977
0.5966083048283558 0.559782073982645
0.04174583066354576 0.14674634256083985
0.5381869890252304 6.228077962614487E-4
0.11240848309721374 0.09957314831437347
0.007853448526704887 0.22091885454512294
0.5047864277439933 0.5168178727854165
0.8831226868134009 0.841180270752115
0.6257200683912004 0.39401792693526416
0.9975817731343901 0.7233317791982036
0.6570831060339353 0.9973341206112082
0.9024276329269311 0.9081673946049479
0.9903531427184398 0.7387052039854111
0.9440504617847788 0.13972547084556752
0.45464956601675144 0.586823475190346
0.9125731808758172 0.9999293570402172
0.03871005998034838 0.2198171538285978
0.6115402840293986 0.5477400167917145
0.719627205919825 0.04827417572212611
0.45853150482791116 0.34129985387946893
0.8176489036204871 0.8921093394462896
0.6441265298294138 0.49107751796881294
0.4599736729380227 0.3619583550987213
0.7412928691022574 0.007790580648205925
0.045804153546349036 0.07854191187437398
0.12048292642507019 0.05303490334354222
0.22741763529223324 0.08076396099920768
0.0708864219980041 0.1250559181891654
0.7362817415701558 0.012168755202260906
0.0035480996361384465 0.911989979802616
0.12793075144948973 0.08388163470994414
0.0452495803229821 0.23751307456867454
0.5449472974683014 0.6444103876529268
0.038571220626930414 0.14938958965042903
0.5453808562023109 0.588253785275871
0.08557483977120395 0.16715458563700458
0.8572707870867423 0.09903246752686756
0.5292534650129173 0.3473686157962327
0.08533174333904936 0.9267606807744497
0.5710428786611021 0.49990937213920184
0.003028648055237393 0.01579383135286605
0.8665400340056317 0.1542781510132184
0.0575807428484304 0.8597914625853333
0.8246565703065626 0.05139456687922295
0.08380308646038304 0.10855911689007669
0.5257579785783876 0.6063364648437963
0.5173044634991769 0.6423417441279823
0.5731214583298656 0.6228627840567059
0.9891137293304748 0.6688139808607854
0.005137164971615205 0.2845669135366258
0.006150183781667429 0.8253470303108491
0.4545862303295173 0.6385007114824098
0.4952303009275829 0.5502749434464502
0.9662062839007126 0.8470041581056024
0.5534034410457092 0.3813709570510795
0.06173410145760305 0.18037279399492334
0.9550172352990175 0.9030468974629607
0.22297823309980358 0.9516207044387981
0.9974947690546017 0.989053216970949
0.8220643018314516 0.966280600646878
0.6626951112672883 0.48107733167014277
0.09302083799291694 0.09651202920112045
0.15117055659123202 0.9208572553431899
0.9025962294194676 0.18213567400475172
0.5230530455877817 0.5433647768335942
0.7480326476427039 0.97024110481239
0.14821089412460076 0.9122668276784442
0.06844843812077794 0.9987522971093604
0.15757590317622616 0.8963754698454262
0.9885531600832518 0.06683350300265001
0.21035213961664334 0.9287949520498476
0.018971311090786314 0.8689590111397397
0.36272088418962734 0.5481157358890503
0.08900580470351294 0.7928026942987456
0.6604848311510104 0.5319296872003266
0.39352779303306595 0.41145285416390354
0.8100288635758461 0.9365839986941913
0.00719055205169139 0.8651323787263161
0.7608548224860976 0.978176213926018
0.8312326122837346 0.004363402937111238
0.5974130015861951 0.519105364496924
0.8912605081359217 0.994993792260986
0.581550191788781 0.6272464974681335
0.9642139572973114 0.14427083514849248
0.7066708646042809 0.03965232158456189
0.1015273593007997 0.9659012143725573
0.48574040695994114 0.3720974763478847
0.5766477387664644 0.5356540480639006
0.3919573609500503 0.6157959674348606
0.9243987835998204 0.929871837910024
0.5268727950946254 0.6636091321684888
0.6609220076788384 0.5233035818573897
0.4908715656415693 0.507292328624689
0.6281597705226911 0.002042712685402792
0.5455867131712646 0.5039404314379755
0.8419981612655818 0.9617982168493366
0.15436411737272127 0.12382560210923144
0.29133760499390493 0.9803501969833067
0.49000995602259123 0.3866637112076189
0.046058321553420045 0.09301188676759664
0.7860809952488697 0.9935101252390783
0.1500217179286728 0.05752947012299903
0.5346124603628499 0.5844108993589763
0.12413135084191496 0.9580195148069842
0.9370089595889473 0.8154579523868056
0.9868381553672892 0.2502069927955952
0.27723636287898124 0.045681692567071774
0.5910648634355082 0.6306309249833356
0.003713136833342845 0.420753459930858
0.4450261013306268 0.6021661259807968
0.13410971436951402 0.9113435320579587
0.1062659773488559 0.01822439278876109
0.9942853288987934 0.00810580302172148
0.9790801592079658 0.9201804325073099
0.4433681452174345 0.4680875435873948
0.9507324680057023 0.7812323718502393
0.9064062772873929 0.8891301620702288
0.4234754247639997 0.4384055243951266
0.8190874071718328 0.0329706933677294
0.826732603703251 0.9499986058320982
0.3666844597355986 0.4875180936052116
0.4391119866426555 0.3586772185075875
0.07924427089058228 0.11681308309765848
0.7151078180344449 0.9676721995827063
0.8825062776208643 0.9411683450508868
0.8086795163122542 0.1052886938702805
0.6746138144632893 0.012234247588891245
0.004379791704694269 0.3286704007261154
0.4992992846120573 0.4211363539225208
0.21230076460535352 0.920199777105626
0.5495559286110575 0.5413179757061788
0.5086519389152833 0.657250048566438
0.031891088666652134 0.14191864236162188
0.9739103429227647 0.8631675901797887
0.36781904189127046 0.5424399071035666
0.22682744643157426 0.9193610184790154
0.9241416749761441 0.0092632234024006
0.11445439112023392 0.08858440241707943
0.5510459827599553 0.6178044915670665
0.8380093951117807 0.08232502300616917
0.3486013014965531 0.4722324987445816
0.46472028873607363 0.47347354966326927
0.10438658755184227 0.08342413838648621
0.5869008120758964 0.5963230961017751
0.038869222004477066 0.9400290882714653
0.5535984379647575 0.5816374560467884
0.06368999451373591 0.22929342093412397
0.38915054485872114 0.42303286946433305
0.7851314127242544 0.014053572792801061
0.610781666010839 0.40741911792643715
0.9859699189011313 0.22135514569009018
0.9114231968789384 0.9536371239976575
0.6479870338716933 0.4688622635053846
0.5111691183291744 0.5801315556432144
0.9970690914774265 0.7555895440320065
0.6075744912658952 0.9917960388788446
0.09655049789323744 0.11305827071049235
0.07585781981617479 0.10932713392518123
0.6124448483021528 0.4739348499670025
0.5159114926215335 0.41640819736577617
0.37924452993496083 0.9965895731988467
0.04507460977174138 0.9007658123827542
0.199144038763008 0.9375743717608586
0.8289642917998165 0.9802346214065997
0.09385853579476 0.9535588014190157
0.025551426574771496 0.716897322841431
0.3620819835884833 0.48331298379000676
0.04535408420412024 0.2810292467333838
0.014903773218619465 0.9381118262309607
0.249583862346479 0.022394720247885247
0.9942926729853222 0.6652223112559585
0.4740330361708912 0.6296659383501362
0.9404707928612769 0.15626732293765466
0.8840167501229098 0.837178419256734
0.004538730054508111 0.08500103098013612
0.25060857727136754 0.05602391435955678
0.019804562549989746 0.23987788553426936
0.5380573164268635 0.5912459596329854
0.80973242019931 0.0857853819767368
0.27048138193256466 0.9926146738329276
0.038981584834926974 0.11258992972094795
0.040179632431121215 0.27804467342895944
0.8056330272782556 0.10025499311671626
0.5389274407938166 0.4684296868742559
0.5495892606391309 0.4628398056536709
0.0257194239009636 0.17436218278067428
0.9049981371297756 0.9529730768739062
0.6210899430006981 0.5847237265411694
0.531652476284045 0.4218510218368522
0.07353834996577746 0.9469245624123026
0.013708376561408664 0.9889336613745142
0.132069732793337 0.8774143205258043
0.11643861781259635 0.12954964898275978
0.9941684541140043 0.10544770706261741
0.6632999079060278 0.4883273751514433
0.7699898148608026 0.9948266450756487
0.8850188147206794 0.024067101795521517
0.37222049721271855 0.584544074174599
0.9133181749614601 0.06162766644024609
0.8925589074960143 0.9597466073826669
0.9922882447876761 0.0020054128196808074
0.2982479712245272 0.9716176601328196
0.08434760534708452 0.05968339025350489
0.6400146999789231 0.44350657020431306
0.8359048348008912 0.8773270098070975
0.4284428696915321 0.6113243972043281
0.9592606936254903 0.13588170963230994
0.7472119721527618 0.935627348157911
0.5978574162766082 0.5626110378244308
0.8944166116087948 0.8074121828551813
0.6182559712861614 0.9879666896295991
0.16167067740547592 0.8684419286115272
0.6185332805351162 0.5764388307755054
0.06997183662674955 0.04462295277577544
0.995224250224487 0.1703387358976035
0.8761839982962171 0.02568907409171195
0.6380838172034949 0.002286723290201964
0.8705742593865528 0.13294668798975595
0.029312403878516524 0.2940236824629061
0.4964095433044238 0.5914917695021635
0.007223213498597447 0.043993027085100556
0.31587635126594726 0.025999466397804705
0.3664008300830287 0.5333327974340512
0.040644440181217045 0.7184047701778848
0.9984076099484813 0.8992691043701163
0.376778603183508 0.423060483689233
0.10303760975693921 0.9329892269328993
0.047577605459855565 0.23209084038967243
0.016523555245393284 0.9266744094817175
0.9896023515445923 0.6896617966545673
0.34435584745380043 0.49265160241023354
0.8962074334656525 0.05857182824424756
0.3604284626238894 0.9878657979964658
0.9787766579013899 0.7789084412309117
0.44405659591630864 0.4724963014124606
0.01607187347009309 0.16104608263584785
0.16192435072903988 0.9871963545030195
0.08999948834051696 0.1700927212387202
0.43165750904157274 0.4681576059635604
0.9907565974690183 0.9378695313979323
0.4136714595592047 0.0021591084863997745
0.585643719226789 0.520280548557196
0.5607224298295753 0.500266077074284
0.11330252531968443 0.05863661313111512
0.9936569872083066 0.9534031649477467
0.4204445886274757 0.3865782527865189
0.7265869636821597 0.9914188570416795
0.39295879515192866 0.6050783651242045
0.4722546910848422 0.5083794756567765
0.8258224463116377 0.012744475047954174
0.5802445744116546 0.4793726420523249
0.4465269303865935 0.4146823645260804
0.09346816496173083 0.20068724458391463
0.16926573153711022 0.9432330988827236
0.9310431187380349 0.9451890096928997
0.9875855801268383 0.2532792129067746
0.0906205714070053 0.18350623556939905
0.168765077852693 0.02480252284995732
0.06571804156590766 0.901529640982053
0.5230052851552217 0.4145044116253567
0.563652179292349 0.6108838197354947
0.06176965871851259 0.9203844069045606
0.004930065444984311 0.3237153236009932
0.9701900621781661 0.7759108003415427
0.5975956107425625 0.46882990611042674
0.8550919911832594 0.08946603476157611
0.4713212323529906 0.5771065073197985
0.3764233172548048 0.48172193372304395
0.846483146124688 0.8770429203960421
0.9721616116256533 0.22906794985449863
0.5377795714039767 0.3707434011632589
0.47008328548405043 0.5783875206841014
0.22482923734115834 0.0709159555276806
0.0167187444393172 0.3140951787110313
0.9266881476887168 0.8742378061869382
0.2148739486937865 0.04866789435839991
0.8942660069436287 0.025639420050688533
0.45780401059987785 0.4215014490926695
0.8317565295142233 0.09777206303518615
0.031245618604512027 0.1652229997494704
0.49407988829565996 0.6660115737417197
0.8629396973450831 0.0966449339158677
0.17812877588189835 0.9817171566621752
0.22768243392208176 0.02594130227789959
0.056808732654007654 0.23743110661970035
0.9750566275121121 0.9700310139358032
0.3948115829757678 0.6183411395755153
0.945330356752869 3.228614433008481E-4
0.8884651811272746 0.12867507586206517
0.8731535792428192 0.14635215695433146
0.6118120341810641 3.220614393140142E-5
0.6606799749356426 0.9758380704091353
0.006926168099149588 0.6244706083585726
0.8318671583918692 0.9166657804892506
0.9785299730350296 0.8087873909897383
0.8896741269558917 0.06064934003612599
0.971415285661632 0.0508924253460441
9.006473084101074E-4 0.4090266978078103
0.9809812723259275 0.3283835795907035
0.024892618374638964 0.7422745855264238
0.6342158031010311 0.5093395304336688
0.9726463552219223 0.1842624493412358
0.07966857322417908 0.802453631047844
0.1349340744427262 0.02583881519240283
0.5302841475632973 0.5612475749180481
0.023915288404685486 0.9356272793363811
0.9338377800687637 0.887209439323308
0.5148360827649078 0.5858167948907878
0.49166826731249036 0.5056685980875189
0.984029682664406 0.3115080750112733
0.9095433378221165 0.030499436600711194
0.6506650248407153 0.4705588373975117
0.8278259357805976 0.9105040340437294
0.2137552845417956 0.9585871426171538
0.26007277516187255 0.024860715672639144
0.9518508764192289 0.11940817854441688
0.6419046415458929 0.003579016031493243
0.7907314016493583 0.9768758313876422
0.23416680902838105 0.9780927481346803
0.5784041130762377 0.5522457296110568
0.04682563784087457 0.7739054602952953
0.01595838395675364 0.8859456898330945
0.09278019712402208 0.16993036844149945
0.8965431973196487 0.05186893395962944
0.011657918897507336 0.8588986362079379
0.9928639441834857 0.05940542809019633
0.9297290243745205 0.12042008620582456
0.8340295403053485 0.0897701992466412
0.8745141604372669 0.165938135659067
0.2964802741742911 0.036150127069653704
0.8671768192087462 0.07966992896455594
0.8747737081868977 0.03013933287440851
0.8218159593656623 0.990959388075473
0.18872057905809403 0.05324024858992271
0.5238035807353083 0.3693651131896416
0.8557904430676283 0.8533838051537834
0.10254209460064201 0.0404265006063913
0.5668262702346352 0.6359958304873216
0.007492975069692265 0.2746344651966064
0.8029915218999274 0.9925808850345008
0.9487128902140017 0.11404987838084168
1.0650661785172044E-4 0.5202836041480202
0.0025702010749785176 0.6910072370209922
0.9955661741097527 0.6386963826443508
0.010914814674705453 0.9064484772804721
0.7599145402626919 0.9962894021026169
0.9622494063460301 0.06980394937770185
0.011578824651443331 0.02273009347143984
0.03195340427734772 0.7288048693487044
0.09698107092798347 0.13977831355185732
0.4838976446679636 0.6551552912539421
0.7330630459795229 0.0494968431473507
0.9120500454241454 0.12078025951450222
0.9997440892864579 0.5223512684689151
0.8237304456269919 0.001976906229753106
0.4641075013592304 0.5608590605763091
0.046299109103989045 0.9349859542570912
0.025387728408819976 0.9080826699705592
0.8792931123792257 0.888400112524501
0.4538106904682274 0.42040232099529584
0.18109951697530324 0.9392851730565909
0.9251796972435526 0.9980516260387124
0.2288898817402144 0.9500675984111807
0.49022134014260665 0.45309911292145943
0.22180960418861007 0.9867248660260062
0.9651035042987638 0.21358284977742714
0.9004554896117235 0.922833054188381
0.18680712397845523 0.9143662604114131
0.5528765522628165 0.4026507487450215
0.8614852866380354 0.025251362756941398
0.09321623836392123 0.8090316385351639
0.35424710757461453 0.5034729809493861
0.5074174019107338 0.3595158346173911
0.08917124691143186 0.8254878983638987
0.9977642514229359 0.864721839777633
0.9472644366553374 0.7602958337144716
0.9223233825943706 0.8627776163491844
0.9708431280134898 0.7579280278577932
0.541397702431155 0.44632387850535304
0.9870228076114832 0.7317719877849493
0.4981899123731762 0.37803759800503156
0.5677301283729929 0.5541054871871436
0.13510619130342527 0.14970131488881977
0.4549991427655946 0.46996429231511017
0.6082256698386946 0.47086355725037543
0.4594065250747995 0.43962562144796347
0.5256873845939085 0.41119158593687166
0.1528043631949073 0.940127468170282
0.5826184699007891 0.5766221591202494
0.46227119329487065 0.4735507081062442
0.919667676831665 0.1872132311306961
0.132715666622381 0.8842591890648245
0.12615622430857076 0.10565719539771157
0.9624566501526077 0.26674655567059125
0.8828209524477734 0.8274834629252568
0.5666487584192252 0.5400488282629502
0.13679238958422513 0.09245471523122784
0.21006492413111488 0.06545320025150381
0.0210496354227242 0.8872888898648063
0.1943316157739008 0.9863180415677835
0.6501571307312826 0.013334863197016822
0.8580042121428407 0.8962778237053531
0.10103738954203068 0.020997907548615746
0.0361170455758032 0.7474957066714845
0.8380886662495679 0.9359455374669587
0.4342225664819198 0.5711007463027542
0.5454441767982785 0.4132890190695754
0.06882996959958088 0.9816782475422579
0.0215467921930399 0.9858406662048275
0.5072099403641822 0.5905205699505998
0.180266436114481 0.9566884567523991
0.8559619754244748 0.9155868013437174
0.06383316044035259 0.03487468759052792
0.47490685198247506 0.3743143275790215
0.2164395419850449 0.04813640001110231
0.9701525751854836 0.8034415548924133
0.03227287907222498 0.7913445148960014
0.5951683840899851 0.5133646250423628
0.9629254942714773 0.06915833071968414
0.988664941399778 0.9919108997991415
0.2362878680539161 0.9487487177300711
0.11089372162916544 0.8412633016481265
0.0191427338928446 0.2830422872773327
0.4935948555231162 0.6551828076773428
0.48510371696210475 0.4905561004584925
0.6141301270141557 0.39154377573994537
0.9940761274549476 0.393376154943207
0.4045684910033116 0.4317525631194393
0.914601359139338 0.06931249261406269
0.47442862551795195 0.6018658503350832
0.5494712487435428 0.350722482119881
0.8766247834157741 0.11757487010790779
0.10838419862450255 0.999298868733716
0.0031826966690345904 0.1466509508703029
0.9562250001282482 0.7929059479460132
0.06667682274398912 0.7904481316665437
0.9480771456233487 0.8956275544697025
0.05812242989360328 0.05453053538772901
0.23092360106984955 0.055899030849497766
0.5625552984177107 0.3901120140412452
0.17785998219605448 0.04102285930959193
0.5972701387158609 0.39632383032698393
0.8985763596755026 0.9517456356338657
0.2125196065963577 0.9149933318117888
0.39045205475888245 0.387168945951584
0.02323922785663768 0.7843305655122452
0.008272605876790906 0.860970935016776
0.5553723797979384 0.47514713991757185
0.4056513151266292 0.5421020709995228
0.9887516361857024 0.2506605400280184
0.9996072575577537 0.6418230774165248
0.8767843092020438 0.07327523422407167
0.13282487369247253 0.15034131606194734
0.7212139808830409 0.9648079909355876
0.2997294141183324 0.004899501532591999
0.7522770736595938 0.02829835322308305
0.5680088648095111 0.49181409484938077
0.5488535200161708 0.42434115848179577
0.34939867644625733 0.00893317149239381
0.6355071051391243 0.4730786551352577
0.9120957007006347 0.0959320001948325
0.9469319631887789 0.9270622494047928
0.9183838072041597 0.9651580386525848
0.1550134207512629 0.9491795782121083
0.0510932609677609 0.04530708426178165
0.7964378622120882 0.9159187410685998
0.07948719364655177 0.18606354447038742
0.03856176980674009 0.045019750349328924
0.3104334768073307 0.9728445272405285
0.0013967686176469263 0.03882733699356622
0.39780042164077545 0.5468023916612044
0.7818454244826438 0.013947980073914179
0.49753445646753314 0.6659226669937349
0.9358403901455212 0.050212736811026226
0.6400483915285857 0.43278299388363084
0.9590598317010686 0.9489193368662583
0.023448553930573435 0.8014841228789227
0.7146338932191139 0.9554067574815024
0.9298818069252086 0.03579054202363263
0.5925555892711597 0.003998960655568262
0.8870422789818435 0.8500899619163294
0.993515477710432 0.08752461464814665
0.7406420116808828 0.9844189010184539
0.9386830645574191 0.07241461269065552
0.07203294384683434 0.8558450413702798
0.1267834459990025 0.032888330883553585
0.053141428579564276 0.20878459933743
0.40615621508808275 0.600012805488669
0.0657728271689858 0.8592493860620082
0.06668464574885413 0.9010884562839848
0.5600362456615713 0.5497956526883216
0.08855880183082865 0.848484628061773
0.3710757591320919 0.4208281142722531
0.9607087678512508 0.23155291931533595
0.4049442458678135 0.5360598984751506
0.5318216724508092 0.5139020190630261
0.6310942357429251 0.48590720534740595
0.18647025987328014 0.050788349225928675
0.49452576950996785 0.45954103679765257
0.030168884041639976 0.7366583825663114
0.34288900268233946 0.48284716424916796
0.9368666904732156 0.0337743908022321
0.4147123662877662 0.4774301549228508
0.0773262781225107 0.8899236606549356
0.003428074402806125 0.19987981862255155
0.012221578357206386 0.1833715707266006
0.9286179466455583 0.24155132683378278
0.6498733841030456 0.5712947062140941
0.8842826733170333 0.9596739176241779
0.9633616132966732 0.24408261764883044
0.013049317856480891 0.01075295045134872
0.01593196779941486 0.08285851522774068
0.07196678465510653 0.1446065769974787
0.6981248468070682 0.03257767524034327
0.5912560374555076 0.42229757875612994
0.6481116929563558 0.5494606799965852
0.4400377842464368 0.3962396224500849
0.5525019786275961 0.3663091727804161
0.439286593161465 0.5139427227428203
0.5153845447587325 0.35763038619238874
0.9696071381413519 0.7875811937665265
0.08834136802659853 0.10538246712945887
0.06948186743826268 0.08045671915491204
0.034039688764297193 0.19412528565691745
0.5554635130025578 0.4388736694012111
0.46975767940346247 0.34581874201630414
0.3823748571581548 0.5323334059427279
0.07567944027403362 0.9910779503707209
0.06739039985925876 0.17049514847625635
0.48442802058297474 0.44903069076443447
0.9484552537165792 0.20419334962912794
0.5313718567449518 0.5568604435027584
0.4545272784188098 0.4155365775647817
0.4972035491237118 0.3742576971923841
0.11678963981302193 0.11130575155487721
0.9184756318009503 0.12593495775644425
0.04392053153201647 0.8307431797312113
0.014066989027199384 0.9921065320012646
0.04905926537168126 0.7685351792950569
0.1996078331430301 0.9281300396435064
0.05522874322315097 0.27084348351935006
0.9460925831097116 0.7947296327817353
0.9253953534965259 0.8319025913472835
0.9796054022387898 0.0819115291092759
0.018914754595321215 0.033032846217575074
0.18160653133842763 0.07363298833368859
0.7939720333464969 0.04214557535325414
0.9685274217594835 0.9210318810678829
0.8888166892035074 0.1052449160719684
0.14282403868757743 0.10663971316720666
0.5711842947225633 0.3579788924832328
0.5958739542443927 0.4219829972763599
0.9923452417416931 0.898233788828565
0.1760352851052004 0.9477831005646571
0.17334948399506667 0.9848708688806439
0.4436587214304172 0.4606925445539545
0.005578841066934737 0.8099732426508617
0.6977481578340126 0.9811834345519884
0.33850308176702804 0.5359212606357604
0.5509342699864448 0.3772001785495631
0.9774069231252748 0.2567086255992671
0.7766276014542627 0.030618772982120457
0.655189026435366 0.9946152767380321
0.21803060936689334 0.9136611614121983
0.3841510336552596 8.431957788579414E-5
0.5235581504269939 0.5746971572268598
0.9950435976151366 0.2491967246511413
0.8422775408248154 0.9705291317229585
0.9985241627434492 0.4500291617372706
0.22584061156847313 0.9927758479355548
0.0033272144139016024 0.709480079190122
0.14005113923452905 0.9105574779019319
0.4778243249989157 0.4717883177497799
0.3627456409987678 0.49462717296589165
0.034867770083089944 0.0060649361670068735
0.9423602572842359 0.01163856258456153
0.0027107965350546825 0.34472151771070436
0.10703791342014168 0.05751700901897794
0.5868625731694849 0.4663950797047791
0.08844760869566104 0.8405753665990481
0.5653441499223254 0.5920062533008259
0.08484764957179558 0.9654181843975882
0.013115818501111653 0.9853561039912015
0.0030721811106964036 0.7559806187910245
0.7353853021798378 0.05248879416468122
0.7460536751613991 0.9619639615997134
0.411888092159326 0.44904958643857973
0.032317969299040294 0.7242917347414983
0.013916867500881502 0.3684974161228608
0.3315857269818785 0.020267894384567553
0.9504156541826626 0.20776389141589047
0.5416291372170542 0.5122547838213785
0.07213972088662635 0.20389405388630932
0.21143672047014217 0.9827856588666818
0.059902912650342865 0.04287817612731315
0.9925129347202919 0.2726896927781265
0.39737861527882146 0.9899410122052499
0.12150436593168656 0.05883768114960697
0.9867448738867713 0.22970670984634012
0.3034222472013708 0.010808881750698052
0.9546216644392364 0.9332581322120068
0.9757538515447234 0.657436561684659
0.4945202370046051 0.3419375211705713
0.008520431362532332 0.349745920562168
0.5799661842143825 0.5078851837313774
0.11456339167885798 0.9844232683238652
0.5505515293486781 0.559610861874871
0.11179416639369244 0.9510558239909749
0.9115273865658152 0.8485622242936345
0.9952978288523088 0.010155061320319514
0.4520119757666279 0.5424124751509422
0.8702508528705352 0.07068742350810842
0.622116119814727 0.9917722079574758
0.41120990293997806 0.5755059910311788
0.14602944532438178 0.9110505959558739
0.8975076665377631 0.13288988761296538
0.9520589851359023 0.21838095563093884
0.2951113353562025 0.9782614863932824
0.12475171161019949 0.02432776825943339
0.6253311003348669 0.3950196363079794
0.5757834589591022 0.4095039836967266
0.3919866540885536 0.406609408508843
0.9955927693125288 0.9725918125618956
0.9192029361446913 0.08300210427815435
0.9089182024366099 0.9032673255080409
0.8889938724661869 0.8347480690242499
0.6093410556532403 0.5400158105990476
0.7843711736394342 0.9585484479756033
0.39067794793070587 0.415854981296675
0.2617632976419141 0.9784506532918315
0.038579697228049215 0.26066765898235955
0.08551950124690255 0.9380870414667125
0.9125185823344126 0.9162089847156778
0.21036917178876569 0.06927006385854884
0.9759827181501982 0.7162979362290638
0.022623722178282013 0.7536222148521037
0.4665997011878711 0.5027608022544499
0.7952782194696001 0.05351233436845648
0.9227766937160249 0.0247706080935447
0.4010011872171553 0.5205709114125582
0.10010149011780789 0.05870802820859711
0.15135779042544795 0.10469811283075259
0.8789156022250508 0.9988937338645014
0.3836008132174471 0.46488673260268376
0.13133896569788062 0.09724766593245426
0.204963544951274 0.05270136445492457
0.8991575341904704 0.18994352997628317
0.983185097451215 0.08798247161758554
0.4245914815344928 0.5352548256074309
0.4876180187189696 0.46771132224295475
0.3451289161340987 0.45181104578028164
0.414440324141123 0.5509343190040142
0.008120748569975245 0.4014903045103084
0.016785610462397127 0.7766368646980586
0.4689318979147875 0.38919287194961316
0.8617980855239611 0.13851913288819595
0.5045016572291308 0.39696778184245674
0.8689308619683513 0.062161821741463896
0.030767956792439044 0.06215078526663953
0.9642876986244958 0.8927668238308729
0.8837785163848324 0.001692819211533081
0.2566421600223041 0.03660096495993037
0.9701502201141083 0.7971979017513541
0.5011879652252094 0.6440556599734187
0.853008640153025 0.988674920690878
0.7311925081336774 0.9753712234908386
0.34214093315758975 0.47368379955032525
0.7591555918728533 0.94215236496806
0.006105320953236459 0.3866411983810423
0.9234060561167642 0.7824534140700009
0.5771473441416212 0.6219195938715766
0.07117118422164448 0.07643919909358254
0.08880845903884793 0.8929714214332782
0.2589785660574969 0.023843846040768946
0.11930960924884537 0.8742909948326172
0.003283974601664408 0.1426861504786462
0.040243327610922974 0.9580275848330848
0.9685697031686891 0.7620286726494934
0.9434531053973904 0.24700574757823612
0.6093908750217093 0.5760922326524751
0.08653602882353006 0.13559967198319534
0.14063074404438214 0.08339799471459464
0.6358441889524359 0.44867497155888714
0.7968213031948428 0.05475469689030321
0.19244209307614968 0.906550396766655
0.08101634566564042 0.1549930598938778
0.9160644119261794 0.8244969802479803
0.2720468344491984 0.9612925739657805
0.06638897730239923 0.8340957867262477
0.7358044919567865 0.9802458107519161
0.33651693327517473 0.4800900680162338
0.606363562380424 0.46380533728193685
0.3581848433734999 0.5376384447747542
0.49898247192442424 0.568636085375811
0.9858221883818289 0.3329047012823564
0.016986575323626685 0.32419532989706157
0.7835626451722769 0.9521963088101062
0.5388940746654389 0.6083608621086096
0.9102926183351128 0.9910125171415141
0.84522093807155 0.9117637161873705
0.3545577660929362 0.5741184000906552
0.46710526883567494 0.5182847178025783
0.9142139142456951 0.031212275762097286
0.7944127424652392 0.9390945820525415
0.03557381699259532 0.17766745879394452
0.6183929860568175 0.5737385044611433
0.9907840957315667 0.2861600624458799
0.4029459776349862 0.5340521125392043
0.9028122277717743 0.015692553664976017
0.8886654794792266 0.14631699503557383
0.9242404926292185 0.23277641640094004
0.9152475766270747 0.014769322077751834
0.5505476345907951 0.61285783916957
0.43468518680919777 0.47588107671345437
0.6114678909114676 0.0023652789635372207
0.47723850044048177 0.3993229243460157
0.033981038212761994 0.03954574809520295
0.031892613467479625 0.22274173406615072
0.009039188356487537 0.6182254504759022
0.1253783163297999 0.9679391784363801
0.9629911719029812 0.2974266378466329
0.030511808362707615 0.08925874652033727
0.5466780511373318 0.4534398984606244
0.9544699320839246 0.7467972700901152
0.12358257954469043 0.9037851582949195
0.7461299907782369 0.002598416712139451
0.04318196928664586 0.1048842731925439
0.859630028919765 0.9443757311578703
0.4085123082806065 0.5270741456105622
0.5227763063105108 0.4651435347826969
0.40886457499946427 0.6038479403461794
0.1469188106100462 0.04775949504181565
0.5522950533630463 0.6162704158398403
0.05587969594817355 0.1521461620768968
0.5371041113860295 0.34817915422151935
0.1762006503591096 0.02610001956551622
0.9882108352978286 0.08948668496886547
0.1690567567399348 0.0895909379761225
0.4855966545908933 0.5106438264304344
0.9661601976946221 0.893295575738614
0.5532407059968655 0.5266427980885093
0.5671273751904744 0.001532544494236343
0.6127817383705366 0.5121616427111046
0.9146040777705641 0.8594048653533612
0.9496116281205935 0.7223156741007147
0.5629946356275553 0.6260360971362464
0.9875620712210459 0.14780908571153695
0.5195941567090806 0.45701708306129263
0.0760412489434108 0.20433173346742628
0.46841824083454564 0.5984417582229555
0.790717249651937 0.9303622952732632
0.72691898916679 0.0057648021520875226
0.9855057744510712 0.10807591043200682
0.42741139284794993 0.4696771545311049
0.9046411827949659 0.9201527145688522
0.46711547734317804 0.5084121374788996
0.9329694003965199 0.9893313916851445
0.5145653693313587 0.5342750098185741
0.7292940269357668 0.9674462967589383
0.9248592107839109 0.05309048895193946
0.7529658956589025 0.030465504041399694
0.15011497145395025 0.09494338266919544
0.651689920666467 0.4451758693854845
0.8649971373721418 0.9311661673089562
0.49321565501379017 0.3529979789396428
0.145123860781182 0.1270542606580235
0.9087771017179301 0.1384397442535953
0.945057499384618 0.8258139976542183
0.9444980855958085 0.2384504001880099
0.94418470922534 0.9611986841954592
0.20407894693974393 0.9298973263582931
0.020172966417633664 0.06493593567835698
0.8195124881939653 0.08715965208205656
0.5720827370265454 0.6161097515272836
0.06882728905101765 0.8884700375492569
0.9367030518111639 0.002423055642994054
0.9835804952308448 0.8968272909720992
0.4698514666031638 0.5490200675943677
0.9520438883632169 0.8810568511077477
0.07160715699245612 0.16428009446666358
0.9133497994101805 0.11706155433986665
0.9921549772491969 0.6470706840110334
0.17884180863213328 0.0485973705617192
0.1777443457208242 0.9777082750972498
0.10217683150601375 0.8820312873196837
0.17269062744189456 0.08217617409649103
0.5260024083084299 0.6200122377432087
0.9621265604018582 0.9959580545728374
0.001543454992645299 0.9061341239481984
0.9693201413999699 0.8130572688833783
0.6552792771836997 9.684099864879503E-4
0.017678780640365432 0.7733733512730978
0.43117596728613905 0.45517636317413646
0.49659838984928895 0.44164173106799065
0.032262923689650114 0.30985185487679745
0.8145929463032651 0.9492793580382897
0.9604059253342235 0.8595981887972188
0.5209141193726964 0.5828564272124337
0.9935146321699392 0.9022073183807942
0.01791923760112868 0.08684575146482654
0.05331582318516537 0.9324294077344969
0.42305867171763867 0.5587801645300837
0.5096120877277541 0.49217510386709873
0.9586185028525624 0.04795397503863896
0.7904300594945265 0.09222196763869417
0.2981304775740502 0.9664442759977456
0.9921413491218675 0.9574092034617426
0.9362934966367029 0.20626832660353356
0.3185635850972748 0.9780258886320123
0.8022796867789144 0.026496640706190844
0.4452106320540379 0.6219680725650395
0.5299674678755782 0.4246870656380042
0.4355295271104992 0.3755210417499012
0.5125734226009863 0.5772127640398373
0.4562261629527299 0.6101484557534996
0.05752902355348821 0.16335172848867652
0.7182755151431387 0.9789981779817488
0.7515877539664846 0.048424085108834336
0.7707036948425646 0.9283405766330706
0.8180096866812084 0.07648379147108053
0.09707385920663847 0.9902590080967083
0.8041180190314728 0.004997581835799458
0.02148856355701656 0.052751568873799615
0.8834951986384895 0.9742142047077893
0.9954516536770227 0.06514359549238857
0.18789567095685378 0.061073038192027806
0.8183870156123904 0.0856541903449265
0.653596732310984 0.5260734725187369
0.514898568641736 0.6646514465900516
0.5628246276021552 0.4564623994156074
0.8815755904278921 0.8738217267816105
0.4819119044296927 0.5037902882550588
0.6853816398818662 0.9751120592350024
0.7433160858112604 0.012263933341978506
0.8774300481876413 0.022327173784850163
0.974517199521681 0.2790646559556681
0.9047774706089466 0.988894930677493
0.036363768540153774 0.695720735356363
0.05489924170585592 0.9370483874495531
0.7477897783602383 0.9865457521181067
0.17822697036015933 0.10126068075369088
0.5109421029745588 0.6475525371287753
0.9994275085653708 0.9974601353067847
0.9810847652000863 0.1883342978135467
0.7679412826633297 0.9385964745210698
0.5258994857772433 0.6113713386240185
0.5354099829831058 0.5342040227566792
0.14396915587469727 0.9547398751024747
0.5788834077708384 0.4864379182860261
0.8726037076149862 0.029892300930945193
0.8633073679691239 0.9620140245461725
0.6949427362688845 0.9824870308721525
0.886418927073908 0.9435682396230195
0.9262099733727263 0.22030090152837034
0.5784932739497741 0.5499251228461196
0.2701330628438323 0.9922217347275963
0.04873626305809897 0.8731644857108181
0.5472391501010045 0.4951960263673839
0.8795924626866842 0.9780775160072562
0.9863278403026512 0.1087075257265463
0.8820290666359891 0.09523194197466478
0.98234648805299 0.7522009999759935
0.844017551040502 0.875288092452848
0.027308517972771007 0.15523736738113425
0.9773317484019497 0.007778653753308551
0.4326499417568612 0.004269551487860235
0.026403494526168414 0.2635857963950612
0.9058202881532913 0.8581073578296396
0.43554685259675285 0.3695568209888831
0.0908753981303212 0.8651650306726151
0.8011023371438539 0.9103771821822384
0.05909268422770164 0.7629732361508943
0.4393580704038289 0.6078155172664235
0.11799695442720559 0.055334969487154995
0.7527632216714227 0.05575192517349059
0.3921822419727523 0.99466888937297
0.9697142517604683 0.1341984473569342
0.09731422675757595 0.8096344554019134
0.09270116635366732 0.08649710469549676
0.03242424608023586 0.09174291617262564
0.3742090851305787 0.5131666760047638
0.2855504725818606 0.036635325324989254
0.8152408079000955 0.9831325607327442
0.018656009117140826 0.9982881557351468
0.2801149254933326 0.007885664361210076
0.5067212863292538 0.40075807113063444
0.060322460830361746 0.016881152554091394
0.08769867196886194 0.7914223962745189
0.12779788437708584 0.015805116673344055
0.54918132694029 0.5183031796378157
0.8715100821044985 0.09395514120205517
0.23027171638118826 0.9432013930226067
0.9565249821565671 0.7282914438235677
0.9215530392427898 0.008109171830323225
0.5260493844922551 0.40182593248620146
0.6182107221790637 0.4654221350127158
0.546816845054187 0.6216324921985348
0.8777263404788167 0.007100890080770972
0.10736052140279295 0.04239246817482378
0.23133866232376388 0.022493249281356542
0.9835131946051751 0.04204989447553009
0.6127947718438886 0.9931612957059064
0.5744993419852672 0.5262624714934615
0.04321997341217754 0.24425293574638596
0.7723228557715458 0.0555899448777839
0.9080526453525074 0.09058422261997601
0.9978314458336555 0.19868369682833276
0.7202007812491187 0.9801026155388142
0.44774651136687293 0.6530805568774882
0.9484748100234821 0.9882237916306829
0.2252365281493871 0.07099282455560518
0.8045153955003914 0.907330534282916
0.28381535929335266 0.008687146210340169
0.5563106365374271 0.3830039299069439
0.006707381772517063 0.6663704408314114
0.5431039651473281 0.581372731320593
0.6255746631748311 0.3970486145293566
0.9171019383122142 0.9310178326938642
0.878166378941831 0.11329580102198977
0.2310166339930143 0.0050860887500686625
0.5444742549600168 0.5583639565172059
0.1366335034432029 0.1113325205603678
0.027586395120670404 0.9751675208489071
0.44361123550124604 0.6356220254240396
0.6512744415998492 0.5505709970616243
0.13149227204282032 0.11599577849850551
0.9312262788686332 0.07356070383577129
0.31858963249237815 0.015324591975194868
0.9890847013247002 0.317450663719849
0.959226503412766 0.8000775186689334
0.023237131932611677 0.981948688330428
0.6102027056074133 0.5975387924546683
0.5131933414638192 0.49772317915411923
0.18848449868588768 0.9314034636139387
0.06661005290784927 0.1414203497547628
0.49378406612835746 0.4413678667807883
0.49113328330137473 0.5134502272787413
0.0385140514579736 0.15077270476871862
0.48914808685490196 0.3818376445170967
0.859012471284297 0.049015526888291805
0.6219611347360492 0.4630524586535182
0.3500965315865814 0.5571592947262703
0.40959080155270977 0.4756826682482076
9.649915232384787E-4 0.3794869974318751
0.7986209819269382 0.04913671363118621
0.14890085503620432 0.9830035796230007
0.410668158881182 0.43905195019298004
0.8742234470850043 0.9329445243957971
0.5718828297369999 0.38253678972613936
0.5794829996641073 0.5718290654145778
0.15663954044193895 0.8888727154212489
0.5069694579250823 0.6336445581313
