2 1000
0.12288174188950629 0.1315183709729476
0.24601335858870987 0.8014305594637188
0.6808754888670254 0.5668930111457989
0.760447167095353 0.7759518975823938
0.5704073772924401 0.0811106650683523
0.4829318787438961 0.12363461434337641
0.2917019831623243 0.8757016458765448
0.33951750091639066 0.9913634148443602
0.554121974275449 0.08358016154463477
0.023248008957239774 0.4582030938122992
0.9933797154699726 0.8929394896648523
0.8786648034565867 0.6020436564427505
0.518394868064048 0.26876888150979306
0.2142380486893818 0.1439379048378786
0.5925827951058292 0.33184327674598024
0.9617151335881097 0.94662487329797
0.25969079658217564 0.921200532615143
0.1944951434736989 0.23868254883624074
0.4047990848697026 0.36402000746015917
0.1614554816917687 0.9709222796923741
0.16630429864179952 0.7052706439578205
0.9463108888185812 0.8519480855998165
0.9832746205479058 0.6163967396521802
0.00670722756233777 0.5761579203523219
0.2866761585004902 0.8120015391695476
0.36046557456612327 0.981651459087296
0.978099623856015 0.12274447995815219
0.4623938764613863 0.9957975932715172
4.004003936741718E-5 0.2400732802374158
0.4064101726871975 0.9776760558929579
0.412413837625928 0.3714381882955814
0.06353261911609465 0.8166214071971267
0.1270867715087849 0.7306324679023634
0.059082601154937464 0.1048530856174894
0.19680304721725284 0.7817784554693215
0.7932291035337224 0.6776309457844581
0.7828616984217034 0.9275091066723107
0.06723120565588947 0.06449256122772551
0.542410625722794 0.9335851335145532
0.5222346915331155 0.9026019683866041
0.8145561007597616 0.11340977788228412
0.9067133107068304 0.6958545430312874
0.19466719126665266 0.8579836235475636
0.5957925653738196 0.5002384402540633
0.9701882222320681 0.020331067404398162
0.9166143763874292 0.9910877138761969
0.4928151629876403 0.4651277560768329
0.8184640507530284 0.11542130893138447
0.6102870944520611 0.5091102760622718
0.38515445913511404 0.4990442710964694
0.8021249618302011 0.9449913990224569
0.008697185375859617 0.5209773102971177
0.6768057913772443 0.14871536836046695
0.4735174028484165 0.6290901011271486
0.00400673312917732 0.9687364340068157
0.6111442224077109 0.17958534430801065
0.2119367252418809 0.8174929654910489
0.3678230361805439 0.15542134580951295
0.4912415861825724 0.5579334092467525
0.7261233097115977 0.46146935491196506
0.7893117829563644 0.0342126383351814
0.02850115524031316 0.1810756939253234
0.22467919126865987 0.1718155568794496
0.5034663588779539 0.6977994316611639
0.4925647360865223 0.891706302134952
0.07565142296292326 0.9767113002655085
0.46995893939145705 0.1041013515511161
0.355609461834949 0.6701869558699682
0.10336685684824665 0.7244702595678422
0.49699455820030225 0.10767951915232743
0.11831795386969324 0.6759549536113516
0.44834872936016423 0.6705681901592756
0.48726176236421714 0.6397129711955756
0.8113339470613377 0.2174336715867896
0.7044859720293738 0.9926987746491696
0.48560462079232347 0.059039463584730556
0.4336144997929715 0.3360046951074932
0.5927899303736354 0.9534700003343949
0.918735634161516 0.008428250655931224
0.6372475706604478 0.5198017599141964
0.49115387796027554 0.9676510522046027
0.0831198657990655 0.3218328206792044
0.024388992216889505 0.24346869364512325
0.4844195168481543 0.30265091742727523
0.8095421513245421 0.22801681941818297
0.4451149143385682 0.013166470775945793
0.23016922385704897 0.8755043042900224
0.2582392768526578 0.21116791905654875
0.30861374184222 0.19620311457206052
0.6663564513546913 0.3646764745158153
0.3879858002196611 0.641592900857618
0.6640142142519178 0.6504995146803915
0.8966770632371996 0.2517073982965271
0.8656937772862474 0.7115469905330618
0.8444522818307731 0.11394892493389608
0.18921442898299257 0.9245929030717633
0.7780816251764046 0.8566506277612858
0.1240494877588999 0.5526354105499931
0.1202934410348081 0.11123117354690437
0.22689045737548919 0.7028408017356642
0.20348112173002797 0.8583382893230352
0.1337491795806952 0.8788132867096968
0.19195386062256647 0.964817625089492
0.42804111761951447 0.09524252918680354
0.5889528424150293 0.3449967296305664
0.15605904026844242 0.27691439800129714
0.08534012753340903 0.9013366080585963
0.8791546080315895 0.11177721236663685
0.5632986411491581 0.3582697753684144
0.854880993585988 0.054147667011345435
0.8846825093203958 0.7280358442540935
0.963391202441341 0.7904576584152742
0.44997178951764083 0.31892836719814455
0.09235346065789685 0.1769980841142259
0.40563469371216476 0.6830343920909329
0.835512188776118 0.6412781512660505
0.31545673023966747 0.16715232101302935
0.8705395116205621 0.49207632029241977
0.37861487184833365 0.8779449280073705
0.86451520161618 0.24311096373656282
0.7817827271367112 0.08012685785520901
0.4422389238550257 0.48653918562496457
0.674553252504054 0.8205460240845333
0.2883613610577851 0.8971583940795718
0.7988181104885861 0.12779049792669628
0.9717793646034725 0.7086969478250533
0.1532291177660683 0.9238181967747394
0.7210062483380693 0.46833055300506543
0.290706586337244 0.4859366323521245
0.5586811953441342 0.8694255119444746
0.35153047326031284 0.8847869295174966
0.6185654518611325 0.8262983618024111
0.772660154281111 0.7214665136288968
0.2724238792562237 0.4407904900592583
0.06166653094821162 0.23303986131609433
0.1005273909838601 0.4557211300367271
0.9353187744209863 0.8849205179012891
0.832388327736843 0.2449421982426061
0.822372952219491 0.7514193744353668
0.31732353946490643 0.48308090658948055
0.8670012091383885 0.33467157971598216
0.8223985524471529 0.2516101197606695
0.9416764911952356 0.7778100591222568
0.5705724181207452 0.6594796066480327
0.9393726381045117 0.060765273203810866
0.12526307809287895 0.437062010054562
0.6038878410752659 0.290417780809596
0.5898585080123901 0.9715848478806562
0.6504751632656363 0.3836354143662625
0.3158919985696672 0.9201916610230153
0.711711462447778 0.4071740483842189
0.1749097102865964 0.6499290577990012
0.05434993466686666 0.32958912179295974
0.21325160844695923 0.7787726062384164
0.4276976736281979 0.5663972167152301
0.9865572604969912 0.503473574905386
0.914369695831278 0.7906617427869741
0.38321263393617555 0.7048594856975549
0.6430156522339906 0.3128425252811362
0.09425132292025473 0.9135971877198834
0.8749620211719649 0.7051327691440141
0.8653012845960043 0.31026240249598735
0.10102663353507779 0.7921691401152511
0.13380069964510577 0.48857470532938574
0.4994315260200033 0.4643751031907063
0.44277247292141 0.6884270825004355
0.4112558605560771 0.5129251295503864
0.5415127521062236 0.00305062671200107
0.796213725714583 0.8270967011170477
0.03448099844811059 0.13523553390551546
0.7218065896681647 0.5470717146070023
0.40759069228917255 0.47912450716893595
0.9890705196611694 0.08622248186328207
0.4770483450448523 0.05691885182633072
0.042820126431975414 0.5188645153199841
0.8886338478783896 0.8490853352490321
0.6093220257615172 0.9491806701116939
0.9148682423916584 0.5394043293044489
0.7178590681576366 0.12491243964024856
0.5501081881067933 0.2691778356853911
0.8740834861219243 0.838749270992316
0.8690352188448706 0.26072110724071895
0.9637873777202248 0.025414281553203244
0.861646343137797 0.9102226823124877
0.9709637705346074 0.5309665678071165
0.369589585216458 0.08321086942184064
0.6577793212915429 0.5872660116906441
0.5142598620229776 0.9632728730581664
0.3468988665123329 0.41257872689061637
0.07943188443856797 0.9796090962378792
0.843367408014006 0.3851858945786434
0.5818797898700935 0.87902965416706
0.8034179060860048 0.20067475622536823
0.18015401216159577 0.6399977034765197
0.4885097542634774 0.4012998107263832
0.11352659612706728 0.5878638502611794
0.6878915701022752 0.5920306913311832
0.9553715215065504 0.8877072008499062
0.07490715995806474 0.7724643567456504
0.6756552615462268 0.3398470632452567
0.36900099097369465 0.6723272591092009
0.028711757474509825 0.7292507689824815
0.5488542997726905 0.6047835988262128
0.8428913739534224 0.5943265419540767
0.5638578964798996 0.17074032625404134
0.43886512071369876 0.05093223842726935
0.6791449932598874 0.9812962217200956
0.057328448513216945 0.340407522755523
0.5712009504477791 0.2872795796373462
0.9519888616643026 0.581692944302023
0.030470717108063705 0.6444641911131388
0.46615351274635053 0.0577171359323333
0.8245489651677668 0.3347215488420724
0.2927570200616375 0.18034423722657533
0.6992995989649332 0.5426721318510298
0.12917182764357082 0.4372226437287865
0.03038912520925585 0.025947970426573153
0.15421100131238008 0.49904963434715033
0.09682634113721611 0.2837625040312287
0.6043130997080716 0.3535250461872702
0.8625001710158376 0.9951936650119168
0.15436717753449092 0.9648464632012165
0.07647203530086233 0.7757406372371402
0.5861860152539247 0.5247221180160615
0.232027653575554 0.04149432572334166
0.10339986663146361 0.21318604816872777
0.7710269763240146 0.8522730910976135
0.8327444315896969 0.5573510487785188
0.9509120076277624 0.294460127205334
0.043594584876423204 0.03692071328109536
0.35132006972762697 0.436600536850159
0.011798598305551744 0.4099918909536241
0.9268924415850751 0.8084237004444897
0.5473215487471954 0.4278931429014391
0.8548107631209549 0.5199710003721629
0.8807210880570161 0.18461684016798074
0.013745157618255788 0.4480145398139139
0.29607348707024206 0.5020115750975135
0.15643115952813402 0.3344073813135541
0.1283347948088367 0.890462390716376
0.43484139700228464 0.03142936854697276
0.7333760873887862 0.8524573491313563
0.08458250587240246 0.5756441370126181
0.3464965783713926 0.8361239283520152
0.8538700389495967 0.1468372543480435
0.7990821479903485 0.878237251913912
0.697003734795137 0.3536397971530234
0.6528713280431413 0.18980173264589384
0.16603043573407927 0.5427984083307507
0.9860912256871062 0.8374832739610238
0.15012321081966873 0.0693166496040526
0.4821851507229791 0.5253467186097682
0.9996482896338881 0.7443677464052681
0.8890422407848606 0.11482311521535127
0.786513149832711 0.30796497655439314
0.5644914824118488 0.4735446163354564
0.21864601503294778 0.9358923835164861
0.9058846761486017 0.2703522378017047
0.15262761653269985 0.4611387804821734
0.5516114774244001 0.337961972460444
0.013530451392136711 0.7344294456873807
0.22674537738931955 0.7327727934462217
0.9799227133990294 0.7745717765083969
0.15434744299454473 0.05513135294336857
0.7849309512197461 0.29783742511263467
0.673327403544988 0.5088164486690999
0.11386798415766308 0.1384955022994584
0.3193718466874985 0.5811868497799232
0.017459740446498007 0.0996413039965085
0.6671519093422746 0.9114478953407937
0.5064522325655526 0.1623830413652234
0.6565186891931204 0.42765218003950256
0.06854010456373216 0.5022929763334254
0.3170327280356743 0.18860803590600284
0.5940575874105427 0.52060253507768
0.41362343318944184 0.6958054111008128
0.43337663854995545 0.9294394823396055
0.7474027164597964 0.8037684144458487
0.15821801319496342 0.8440089510472968
0.9357890108818688 0.9539683648084847
0.9314707699611191 0.6493882729733793
0.7305251327192064 0.23673096484409484
0.2975360623584957 0.7923846119697412
0.1337456248184763 0.44252960549190723
0.9933412237688805 0.3117623820678854
0.03724779157476932 0.86991409871468
0.8262115491409039 0.37382312277085594
0.2862094065403278 0.8092436154639048
0.12549111829866666 0.9154556942682667
0.06579825378530324 0.4271908600811467
0.20045221423981074 0.24777284851350878
0.13784724540006077 0.10083346828018269
0.4638029173560405 0.2841573048526671
0.8607998678823061 0.23171987963357488
0.6317576944405738 0.9558588801515422
0.218196728733555 0.853650697157274
0.29727237417082675 0.15936126960689279
0.8316848320404027 0.3418511138624841
0.3243796661308951 0.19405667828736506
0.39299045205340777 0.02600671320478587
0.10993667169713117 0.21340015812973023
0.08665134115101736 0.32093064533132387
0.4180959717256756 0.3003309936471992
0.7974818726940341 0.8751386634243898
0.024602656329157258 0.7228028198422916
0.8127694695739074 0.2257050138074551
0.6786609292638197 0.9397571368445726
0.09773906166700175 0.8785920116028569
0.7002853953426506 0.5507435109834367
0.9501727395889502 0.2899152455248273
0.030655363877106767 0.5492341773739989
0.9168675782198886 0.39609791742435185
0.6512828010336005 0.8513704341411159
0.6987916280735348 0.37084443609532425
0.14708880851444728 0.5007726451289368
0.40794518227596255 0.011345839233417254
0.1274222213052819 0.5436030057088218
0.5048066918354411 0.4926413036008632
0.4841602865235002 0.7094168506943084
0.5388124130653656 0.3487842236833002
0.14902600760959295 0.2770907264035942
0.7471554131237876 0.18215940286831322
0.3642928574304749 0.356082748971419
0.5651009451878228 0.28570257901366825
0.8801241709666715 0.21868849279665092
0.47113017570922433 0.9769185364647763
0.4074865065783335 0.5126759244137148
0.2983714978032791 0.533779500458785
0.3056120298756193 0.15732220201578262
0.8426964193699217 0.2732408083797949
0.7413105673161697 0.9887166555804426
0.9254470459123879 0.05070081949448091
0.4566451007355907 0.5436626153051513
0.6737509870100993 0.8201726947122957
0.9669786374545895 0.9944820824802599
0.1599829831476195 0.9578858417006193
0.330093877739824 0.6107884908729491
0.12989373004666305 0.9947097837124256
0.27379156012166994 0.20598598534458867
0.8132219100772277 0.1654081134324652
0.9915583880902794 0.30962313150854326
0.544170449408634 0.7415584884456005
0.9802005341185541 0.4019551017113919
0.3106908089943897 0.8995211391010953
0.11462567694359094 0.48835628843086454
0.702932400185858 0.012496605953576934
0.7745695288124146 0.8199858155007376
0.06958186063334926 0.8020713487752096
0.047508519122859916 0.8688681175212384
0.7512873651980551 0.8968295291406175
0.7858863098517361 0.8739350481268525
0.909116829027491 0.11777307818106553
0.030771847537261254 0.24232217603383532
0.7356046167975565 0.4978061686929617
0.44774090262118105 0.3539257555165094
0.2785252847539248 0.5794222550466153
0.32129090576658925 0.893935178558797
0.3031319719839223 0.9374892160180252
0.1502782316690331 0.3884298647923151
0.998867775431922 0.5806646535430166
0.8003413119043081 0.13678921508530772
0.40897146246534766 0.3592628468914786
0.8475966045423194 0.4178561965489943
0.49921317299430124 0.020134895473968517
0.6593960473777821 2.4865821183439607E-5
0.06088960275489386 0.4132996327904708
0.13769335154876983 0.5706920796698205
0.6050385266965171 0.07522594055565346
0.34603169857140237 0.333663098897628
0.86629354643386 0.34943259467877974
0.6329492397288067 0.06127025469833314
0.6257009034339225 0.3854600805639201
0.25755933623680094 0.18275593798098044
0.7210790141761834 1.7601964568525474E-4
0.45783799567926076 0.8689385553418317
0.8268310443704597 0.7750165241853284
0.7176696975508213 0.09830925772801502
0.1784108345791805 0.3565313555106242
0.1530895984573445 0.7510630464595535
0.36469098864057903 0.11327412312367646
0.847327743245897 0.7013322497015799
0.14854949473837165 0.39195614727837935
0.3219101431489303 0.4755281419270976
0.8283613435142496 0.08238448241817264
0.8756795571823408 0.4404669960541312
0.7099906434815987 0.548285040062219
0.24504873848100794 0.9521773831996597
0.10996782344811384 0.23302829525813618
0.463400179078463 0.020818774020671116
0.6959350585790333 0.16706579715955017
0.8681558931201686 0.7113838204678785
0.9330193868591519 0.6872711355620585
0.3068691062562581 0.8856480315446339
0.09909808602078873 0.6753765624970658
0.023765281984151176 0.4282907779534194
0.679147955857071 0.5096841413934347
0.11317337022920149 0.20069473855036501
0.7405421393186407 0.7784749605053304
0.028896885941662842 0.11260129590821044
0.07138652489302066 0.20462328324153245
0.5934625230827121 0.5325324773165777
0.5201422708671103 0.2603951648970081
0.8222350271675997 0.3584392867139652
0.9889223543031577 0.1603764650318894
0.9723147297512829 0.31860504419648417
0.35485836531677706 0.8326633998435387
0.13234299786854398 0.8825460620848998
0.8229169919127677 0.2563675743002618
0.44940778988532526 0.5383609710060112
0.8019158336727895 0.7459566248790428
0.31071799975777536 0.9186293733075115
0.18836302186579068 0.9852505912851476
0.7548637754049334 0.9082815460238439
0.11814372092912528 0.05107585362808986
0.5023611817374167 0.5567401282577836
0.17026810425627226 0.7736558196863166
0.5076913789037715 0.5099071845803136
0.7601571832421005 0.28052352326819363
0.20541388776156733 0.9894500964209924
0.7284930709762576 0.23597261020122506
0.811698607136589 0.33084211567693633
0.011963179657540901 0.7312693985997023
0.6903825635233595 0.562528650557892
0.25754488313088475 0.13088417465810442
0.9272496139911982 0.42784446614674154
0.11580287518856736 0.5083284101877287
0.18718068064549276 0.3751847041417391
0.9905001804077609 0.5578699565485846
0.7197876935685955 0.15608965845404077
0.9656743134420644 0.8053978475412054
0.15268582244014384 0.085146794530079
0.401509841973515 0.6876023302953975
0.5885908928762688 0.7008170654165443
0.7543661372536228 0.15134774042419719
0.99986855053454 0.9566872588592098
0.0835291527205364 0.8501592933251988
0.8613425235329668 0.405078886693393
0.07534511591304405 0.017478937299506225
0.19413729161667248 0.3122740919208271
0.2726096649058132 0.9675575142195858
0.6121304030781428 0.6420692111331219
0.5631080719444906 0.8499594429512578
0.9390952011369234 0.5448506612053603
0.6122124189458068 0.8773632523178927
0.9151960206549286 0.4766664554191634
0.8285302813903824 0.02268183530987533
0.980438265331714 0.6783774852278427
0.13530676101303007 0.5802382767315054
0.07726844654793885 0.20709520542296844
0.252830158661009 0.25371901926071605
0.8838666543609166 0.40774161487796845
0.19081168365704215 0.7075650497625757
0.7771290917771723 0.8246141808021542
0.30771309346895337 0.35752896331703143
0.8900209246173425 0.5121334461349609
0.3412776551628499 0.0029415939826130666
0.9430643851180641 0.5871323928361807
0.14341450431186464 0.6523449197129421
0.3428131868036387 0.828848268022533
0.44007526298855626 0.03065123310053386
0.1230238496377547 0.5894436313276549
0.692782878697701 0.531363716896189
0.6980864398365269 0.005951099169175911
0.799448574357944 0.6712932258899019
0.8639483382637059 0.8213414748569348
0.8913416884639481 0.40957641651253307
0.8276649321099852 0.9488109561312357
0.917586791262871 0.3355080580845997
0.0329798318704877 0.4147687264055475
0.5179362223161523 0.8348637101015113
0.3955700590324429 0.5648981584387567
0.9699398771363917 0.34160876555523456
0.006925372704054689 0.17529958238543097
0.8772104985644568 0.7332289748158742
0.4251610868946457 0.059752126438810005
0.6019896548840566 0.04922191341003812
0.06062675607207457 0.6277467309407608
0.8770098132704742 0.6771134779201862
0.9521931374841897 0.28196890769511407
0.4612519185662759 0.8742184467136167
0.6170679354813972 0.9701943222347651
0.03739573978968014 0.4105111143800203
0.13702873982571828 0.6048613538613505
0.9775172960535682 0.7712630521535108
0.9829338531400975 0.9642716400920732
0.9964619374464163 0.17600149023323441
0.1894419787818189 0.7693447221813612
0.7147386206447147 0.9313593141620146
0.562963239934958 0.019487267962478905
0.3635692211481065 0.5033435787093207
0.1050533164655515 0.4718608561915436
0.9669531955822435 0.2508343763771974
0.08085779238642277 0.45808080551557506
0.0930639527088809 0.35515671974641205
0.8358006797815457 0.7405738767936934
0.33318190246391255 0.9205623786442982
0.7538792242025714 0.13403627269896867
0.12589724418505366 0.737691237060526
0.6168504200425081 0.8442154019154209
0.3784090399464759 0.6921793487757675
0.40594025785104937 0.2793596178555151
0.1271293553013677 0.9280480260654846
0.026413478633884213 0.37966430682379193
0.8845631541993206 0.7423834334947406
0.11993128873166448 0.3434149442176786
0.6444941178939122 0.046334739641179845
0.29857052047142063 0.5693614088609716
0.0014640439954141105 0.8343221000202541
0.0977894148600853 0.26635777776129643
0.29361033276550663 0.5232069738905112
0.7170071257512578 0.012689009772307136
0.13841318787114276 0.35289904404715244
0.06733108180448355 0.16392753192170229
0.4170125733941479 0.8413608393867846
0.1542553961499682 0.7913279873124349
0.80876879365129 0.826484630644384
0.013126242866982496 0.20882534066603087
0.12099239974740239 0.8479800408706625
0.8884843666195049 0.3145138516352649
0.051933736863915114 0.4614647068978255
0.19907057253517002 0.841020667663147
0.9577915226559176 0.25005302296797094
0.4730779312665565 0.04476049251763592
0.4738692682772637 0.7301186881028016
0.4191162519057847 0.011021876640539885
0.5064432458759741 0.9424835029522541
0.527336790656546 0.15401716147491917
0.8446392444125478 0.8575438580233404
0.9877727463896803 0.09477800458491781
0.6750612100865468 0.5090449999314288
0.4096538495587382 0.06579199907796052
0.2940024724007525 0.9798785366416465
0.3741238325435615 0.49555997246394434
0.125799267704225 0.5173402399229499
0.08646162967545012 0.2581146145026342
0.6379653029482445 0.42296123619747916
0.7473435436141731 0.2703412676358793
0.16537019519844176 0.2329805217592138
0.009521151190641008 0.9665979223354499
0.5706948090515155 0.020856369615184556
0.29769803825683516 0.18321299003738878
0.8031964648889109 0.22277221785015955
0.5607627553632717 0.8906822104030618
0.5284340768788588 0.44195882591661395
0.28229471996184774 0.9077036353924941
0.3562244336439504 0.8598318399061343
0.02933527322364593 0.14645357753597732
0.5365444531815835 0.4360194763727744
0.8431293571889055 0.03514113939787111
0.950681170446084 0.4431514228902753
0.11912649054618085 0.8505885810449346
0.3019318818059581 0.2023544413005326
0.2862463932491124 0.003167699927531964
0.6908514221914909 0.950561737053838
0.20269571441576706 0.2538860346684686
0.9714026622408498 0.6144235889420496
0.26898549698455143 0.41471024514196553
0.09035476815532528 0.6983220008704122
0.5042832489397503 0.9734223206556679
0.03259127616172486 0.8755768364377832
0.9319931956402849 0.9845340408608533
0.3643333246213474 0.08576132587644425
0.8263155993464852 0.1717176940433418
0.15947257095889544 0.15826735587871044
0.2037195970348683 0.658251509791657
0.950666765110665 0.7401863268791256
0.3158811657686381 0.9915123224129341
0.9746504536821664 0.9450674793947437
0.17816506630980533 0.20247346399892086
0.6937045386136519 0.36594161342649667
0.2325506498688159 0.7856931478497211
0.024171336113148145 0.7010703276853294
0.8542882022625499 0.7284813854094879
0.5227318348586105 0.6099606468756317
0.9410193212790168 0.1397212268655601
0.3826213475803302 0.36454511018889324
0.49437286565135596 0.7225879286078016
0.6515049414924169 0.9682107511273541
0.7115318517529247 0.9597870356297835
0.6615879871585418 0.1690811848433672
0.9853703777808506 0.4427794197956493
0.4341293863225646 0.7168396802565844
0.8550305257220963 0.13507744945619016
0.11244789706825487 0.037398154637342085
0.37634777455479507 0.8855025469120329
0.14398494683473084 0.06546700562311869
0.9261000986648921 0.3183664411090581
0.2408863330145088 0.058957759403361565
0.47822681076380924 0.8944078702361795
0.5287378463665054 0.440630425654567
0.07196685215002452 0.6211857748553815
0.2408371528760771 0.011184363813362963
0.11715835604994895 0.5835201244153045
0.9615655459874494 0.1966337377186128
0.5523701982899387 0.4770504751044906
0.014730515445210424 0.9819675216928372
0.5212193966333266 0.3838387441048078
0.8162048373781406 0.06923975567657803
0.8099535532853108 0.13357381831785187
0.12180687637279586 0.4995115819310987
0.9873340079093105 0.44829316676595676
0.7711022679049212 0.7246338777453052
0.12837374152418324 0.8093630238264448
0.808823912064732 0.22288629226239565
0.6327306383345316 0.9447888153445139
0.8819253217107801 0.7882740530902722
0.7035333021252324 0.16308539017580848
0.0031776176967831526 0.5643073620657671
0.14653147965392121 0.3796955764807274
0.05074046466322868 0.2826497740575715
0.8562127421972588 0.2637864374168164
0.224103503885829 0.22621216758555496
0.049125422459890156 0.9956894306277528
0.5118749640578617 0.0793353028004744
0.6169009100900268 0.9624514596763998
0.9120008692434166 0.39692718582741204
0.1329904373436117 0.4462435495889737
0.03022645543862501 0.19438448527967833
0.925796318184999 0.5654599112701679
0.9151417821984816 0.25870567133620204
0.3403947865177145 0.19566536848835137
0.11251560493129253 0.2728807258686661
0.9000985539276736 0.42051929778948594
0.9586854317087947 0.9241307374094758
0.8330821242706966 0.662069983598068
0.12299218845302318 0.9854334006538263
0.8525406443970942 0.5877139490595648
0.15159830476915714 0.17805263344553746
0.07439803639955989 0.011043978210862448
0.5932570368591413 0.3125646846809673
0.8101186613343058 0.7049200905209789
0.025396164857251935 0.02445330146098046
0.098617083015617 0.4014058687741834
0.8881877602943755 0.005134782958534978
0.5968480210757104 0.5122022749788555
0.7430313053853353 0.1815691768294132
0.20330257832337428 0.14074023411443204
0.0232585281603489 0.3586495890181882
0.9572814316190493 0.12414096865885904
0.4133657793137817 0.5736677452143648
0.6696729247699041 0.1927634756152684
0.07816661256708457 0.04118685383357512
0.9730301076961292 0.11942402351726078
0.22811488339332942 0.7425414216014726
0.4472697355658505 0.5731636996230656
0.8278463536799059 0.5766025879698141
0.5426258112465261 0.8870843759237623
0.034243981410968405 0.16190886681199956
0.8073322958995964 0.220215822993847
0.5041663477129442 0.6332605090660791
0.8896288333807286 0.09816235704732401
0.139492259416233 0.30221282653815373
0.6318561275509831 0.4684230121454037
0.983534353006438 0.0611953266591323
0.019037524337252254 0.21526514081906878
0.9635849545963305 0.39195243251351386
0.07812806995834776 0.5102361790314295
0.4611049974096284 0.544969960140602
0.278680211727813 0.9385713359970038
0.967907209974613 0.17658353059573495
0.9327252534426893 0.7029885330832786
0.7836520237144776 0.7669629512751887
0.8219251074792325 0.33024106691469024
0.03221864983126688 0.5217974079201796
0.3930199245874746 0.12521822550181183
0.6178493358726914 0.8268933992116908
0.3879814746490756 0.3399644375950114
0.8924231947250912 0.5433077487710588
0.47973950619663 0.6436311917158585
0.22683877345929016 0.7723240867691288
0.866403914574316 0.8102291108011485
0.8484704359966538 0.3737786720990717
0.3841862196532837 0.082033814977167
0.39122626592985044 0.868739675839561
0.024855441971948666 0.31373598324896057
0.1631949021640281 0.6862327154495333
0.1934414627703125 0.2670457485450124
0.8820766350629896 0.5687668381991556
0.8118923920107144 0.28457486394943277
5.529038238692996E-4 0.2529006007529362
0.7737725486879936 0.8103457584195864
0.4208149328103401 0.5445826437145532
0.9287518612084978 0.7040708830966615
0.2681846989968051 0.8624089590445841
0.46942057317530683 0.9155062340328509
0.41792820690188404 0.4319374571817307
0.9431432035713916 0.9232518603613261
0.5614491762006587 0.6585921504310893
0.8759561686408328 0.8214345244931371
0.545192115488469 0.11208067409017575
0.4277410999478678 0.05748384474449264
0.35866169019246663 0.9160816224067356
0.3873799261277179 0.3889050664224146
0.4359449871547272 0.8992760960447037
0.16071974992693883 0.6806481786391001
0.8004878933727946 0.3068279543757677
0.4907966853663279 0.4359695849375549
0.6107358916825218 0.8188354748241974
0.5252343409579716 0.05454138785487239
0.14835852508299208 0.19410376178968525
0.394438088096865 0.10273475642302643
0.2271465731821649 0.20193315419892277
0.44114741676580516 0.36900132481734904
0.5884137136954173 0.3846897351287275
0.048631810626534544 0.047012017721666854
0.4118990058666939 0.34302086602835247
0.20783993571939563 0.9734024419522997
0.9790331047453895 0.7380958523345442
0.17691487596049094 0.22213862184102473
0.12305518660536241 0.3753293496262806
0.23614110585283365 0.28276805286253026
0.38934012020997766 0.9529653367743333
0.985528853592234 0.48820574341689305
0.712267231609105 0.46548325649307243
0.7306606855687616 0.567903759078806
0.2822140742150463 0.7621452997610436
0.931987845093618 0.20063203564010745
0.24549671294503195 0.2762390343784892
0.18070508700902566 0.9504341141066188
0.27364950469709304 0.22142876092153618
0.9851547969027861 0.15125862014613412
0.8258802124294322 0.8328841364820334
0.3894037690739236 0.5991649260116031
0.9019447694668288 0.735412245579438
0.07857743031228082 0.08240806421122471
0.876720158825035 0.44692104387785947
0.4419123430721825 0.28557944084140496
0.26195670880208743 0.4367147857213167
0.6426114018303787 0.3546101791838736
0.868465479463561 0.928723167691251
0.1917860768822457 0.3076664118514336
0.23284900005924514 0.22405938228067757
0.10617822681509392 0.03578212264972691
0.054207300815508175 0.2363044335927903
0.3193934238191084 0.5411536670298221
0.7687027696278292 0.8715698466930546
0.2567888866888953 0.8274241222554435
0.23482027243228554 0.11618861496382182
0.1666873130814478 0.2524764820280586
0.1913330346165213 0.7226372565817669
0.10186519610182976 0.7467562546350779
0.9579662085069569 0.8183050129593386
0.5423796090317005 0.6761162978224396
0.4565843997530805 0.9157686057440861
0.03434137313264929 0.9673093923189848
0.8507976390858807 0.5582401033876676
0.4419785873229731 0.607003243501035
0.9407677371204279 0.7063964219200307
0.8045789194509654 0.7703403490724002
0.3868163562604495 0.10303830824956428
0.4379263804642579 0.6461597802767776
0.29607574095250744 0.982347902015283
0.49182232933511993 0.49823320535523796
0.6509312659249317 0.3909434730344943
0.8793600923755513 0.5861097192401415
0.2806935568780743 0.06673774741046445
0.5784081274262939 0.31039310039889056
0.936882357591535 0.8005478780463784
0.3123722384646648 0.634417330453935
0.8147324238988798 0.13787116740655014
0.80380659217456 0.08043812492404512
0.24574935862508196 0.11553504795774971
0.6691630986861369 0.5338866124738543
0.0808702325598909 0.8819914341557298
0.625675863715399 0.6087922416094543
0.79561586606755 0.26308350868599706
0.7396784141655888 0.9378648912430655
0.8659531117875249 0.8904575802317113
0.778331744720004 0.2696853400653485
0.9828687889647135 0.0746996175461564
0.07652598352232076 0.0958277949517019
0.7106376836391795 0.5480262170943321
0.39728084008334996 0.5457779045989123
0.4391905278876491 0.9621929541059207
0.07487347799441413 0.23916170110697188
0.9414283888866742 0.018810276036751006
0.40559026757571726 0.8477633202061708
0.014529622558349886 0.8450191100667265
0.9205301663175717 0.7195173054955541
0.751237023617143 0.26638714051314816
0.5101364249542704 0.6860620963976857
0.28626110954622586 0.11457017871904052
0.34593476618881636 0.16677862440044422
0.6499988888936123 0.4990721143254263
0.6953685871499522 0.8806286855240499
0.9944150714809749 0.6759938482966329
0.30372515539403055 0.910771933543874
0.8035766853625727 0.14199454649728738
0.11934362451122527 0.2484685192631979
0.2794179146656317 0.4163408743296977
0.7242087449739361 0.9264738843351908
0.14263337214124827 0.48027236387098726
0.5943379613856978 0.5075786258250977
0.5618839442076923 0.3641298790420714
0.5920970663943633 0.9967399673488533
0.7277869872642104 0.7939827776766067
0.7867260352462689 0.7401533388119288
0.999682586409569 0.604620655972217
0.2386412126563492 0.926742126222561
0.6886479576224389 0.9895569312436036
0.8631286069244112 0.8330509170575866
0.4886830533787623 0.3301493501222572
0.5868751108915283 0.31512127213118646
0.9838927127569563 0.4726175549595605
0.6172870752274869 0.5040481626133867
0.8966486442407288 0.3739909909722101
0.18566411295586227 0.2115162095144273
0.3754378664017455 0.7121995119078329
0.46087203237835217 0.9812306420338689
0.8926189939824132 0.02937945257454222
0.11028067582480716 0.019720545815903434
0.45486570809603577 0.028350186212198647
0.6945071616477266 0.8573474734951649
0.91294415474176 0.5835984568847766
0.6875373468535412 0.3586628834690916
0.1254607364273428 0.20144276819872042
0.9825676428368965 0.6969360900044529
0.7049525542488149 0.0032233811225593767
0.7253038986196892 0.25221215985576007
0.5131843290204543 0.12897899306646698
0.7184111315149219 0.7539234991248159
0.9008950500994491 0.5536388041436245
0.9738112724162354 0.07184313117680063
0.2952391735459926 0.36374006179751794
0.3318326580237695 0.6079344619908089
0.32047748037749424 0.40515032960370456
0.2164721848682083 0.8669980001677723
0.23281440909555928 0.21052814159718403
0.977788009553663 0.9202368191701245
0.023797222986659206 0.2925307221940252
0.6439832793902622 0.6196611174516389
0.13185209165826572 0.10887492071361715
0.733430791672004 0.41455608403419875
0.027947956267086682 0.1404188438677405
0.8674247834681637 0.4501361292209788
0.6258244216889767 0.13412174439676472
0.41727320889047126 0.5009565611917366
0.8366619164317689 0.7450407468472824
0.3210991296632141 0.9340656934279954
0.14320944967770988 0.7730493052633011
0.23139461721159715 0.9811925690155581
0.38141131295064923 0.045226617731895735
0.8998095944396236 0.41764400482191355
0.5814914450486464 0.31944923832093397
0.3446738089884819 0.955585218714815
0.8612306451760997 0.3668162786550374
0.16890672581312316 0.050342171842928995
0.058417744646573344 0.36706634431293106
0.5185045859277124 0.45870783347138977
0.8597292206310176 0.6263595139360558
0.2170947192495397 0.26105741075600497
0.07458330982676897 0.5551945684957952
0.04050872590378085 0.9233039647970483
0.4882651534648714 0.2695419676354349
0.38121913708652455 0.4403124551702702
0.06916370300101371 0.19888414080579708
0.46123775492746033 0.03741740018688744
0.19967745931511227 0.0959121312424509
0.37752625365917214 0.6475964615082382
0.5753739777379958 0.45999445366526137
0.011995336224389197 0.14103375085653613
0.6559603114502265 0.8537018131497394
0.10967463884893869 0.6747480234435174
0.9665614909242461 0.6825243017618682
0.7445092333380586 0.25129058091954104
0.32350986008601323 0.3305284342907636
0.2686052804242113 0.13191017377164427
0.5479232151775096 0.008734255057626594
0.8746146731690038 0.9888761427535379
0.6757765435451258 0.18398399410778876
0.02543545538920544 0.1284208225493798
0.9668171945343542 0.18701581652671972
0.33121583658693887 0.8410865382151063
0.9438589102312105 0.2941791688316119
0.839181996900689 0.5078713519902099
0.747589904515143 0.12643004332276464
0.1674961485975588 0.8620356918998002
0.7537907817567164 0.9918810073393545
0.6284776950039082 0.8428297218063228
0.4743624338113951 0.5966091642938984
0.8739172296206443 0.1485279876300014
0.3848228264141018 0.48262260454328487
0.9034281667708174 0.4915548782371033
0.012236878964810738 0.3751642504271182
0.35132998281517125 0.1399362802639299
0.4344210202539074 0.005938128599133674
0.40932107887667046 0.4200782140800565
0.06891010164468159 0.743691984412918
0.498054540881259 0.44045042401433654
0.5609049014752284 0.501274230357319
0.37129138751760904 0.5945408543069964
0.8558905394829096 0.802678700335547
0.16249824546832037 0.47543746546430155
0.25515604248322443 0.9116801917570405
0.6009358052962477 0.44112884764587734
0.9448445436336922 0.5539152222893855
0.1590253178862343 0.7240943206936618
0.6057900014585222 0.06554523468087614
0.9535217328501414 0.6605541958659029
0.3180653292401644 0.47439266384769896
0.8636741599967778 0.8354203594589568
0.49299021351794947 0.9097962662446132
0.7253462663736557 0.4586992239537909
0.8912667149243522 0.9458302211998404
0.9493610024008632 0.8013837286385597
0.07747503306601589 0.6627178025348112
0.4755451861028166 0.8673266859380618
0.5391588381420113 0.0903622825108027
0.11832268035068982 0.6811585321412077
0.15752275848916464 0.9630986453245747
0.4651875395827595 0.6486348317913051
0.7525504468450914 0.901810815633245
0.9411538989801126 0.16541669463132402
0.490065878112245 0.8923278961334196
0.9174815261574016 0.23002058387995472
0.15115378276777236 0.08264519683698657
0.42117398592101307 0.8635973699912328
0.6161734126351363 0.5499259966405838
0.12041465058630163 0.35075568013894676
0.4773465427625052 0.16422486775374823
0.9149027142274538 0.6567132920323902
0.01852060875262651 0.23448732855956123
0.08366751766163738 0.34774348471467464
0.0720255409770777 0.96583210349285
0.25543939080468236 0.08190974830103037
0.43512566824386234 0.38129947002525344
0.9031110455295217 0.4371874422867872
0.20267521851611547 0.25154743523613543
0.6840463363143632 0.41953553857997783
0.31834137128506823 0.07052343527626914
0.1922153295955027 0.8026473587748232
0.8633817372550819 0.22508407558297527
0.03521585434074703 0.9866264210790674
0.9355888982882524 0.5787417782646677
0.569231114954454 0.06834020475694169
0.26561994863124705 0.5460073915044253
0.7506943794872277 0.9702450373547921
0.14089546371891903 0.29611489229503607
0.09663441759266977 0.5647684583782939
0.3788750765030471 0.14365584815375843
0.4575274434990444 0.6322831660805394
0.5510843569866766 0.03350498365572818
0.6830149479312305 0.08019396170433946
0.854723246176482 0.2445337335156742
0.3740980323021911 0.9716771302247472
0.7769982363086394 0.1763931854510581
0.8866031785862896 0.9502077260646312
0.1204306891578969 0.749620519751263
0.9810498551569437 0.2075760308384681
0.29746594407245874 0.505515116152035
0.5772292026695955 0.3014146170995373
0.28055979154938016 0.24016934730822326
0.1013093472090435 0.4257607806799141
0.045503728208092675 0.7575275486665177
0.018847069031531882 0.48535453868065803
0.3654718865606693 0.8894885058188986
0.1691913782490171 0.28284703044611936
0.8190023675773515 0.09168500724399264
0.06396282089711547 0.49573240428103527
0.6799264289140403 0.3483812130215428
0.4724018864151265 0.44241027880345707
0.8817596147247664 0.7247914972395176
0.8365269853773931 0.23640979062723178
0.4712355806655969 0.8483454119249088
0.4295619702154235 0.7233138093511153
0.6006769671442665 0.2978744633160324
0.20103102353357472 0.31317499102480995
0.9364721538282195 0.9808183331482665
0.5167890912004861 0.9601824928855812
0.8203985850296441 0.017549967858525584
0.9411187909802688 0.4458583293812003
0.06230774831027308 0.34180370804542337
0.2656379545047828 0.5391953445055127
0.932008922787084 0.7356778345910653
0.08319101977835519 0.30120876550158304
0.35383202565037 0.08303310687107801
0.7666064385739032 0.22022101887221757
0.4514692089616372 0.3790330750069566
0.96028229915561 0.9648639671021974
0.03829657559376698 0.8228409180119108
0.13774538369117906 0.14605876164921172
0.1619623897040885 0.5710452442574907
0.9992867625923919 0.48898621412775434
0.3741360726745748 0.5996590308361484
0.12615623640178564 0.12384790944807822
0.9945841525413361 0.7935712525849713
0.23804369265983483 0.8256325584320003
0.29067428630247694 0.5595328115967474
0.34483318864758794 0.4207205843648727
0.9579906209765763 0.669371606239138
0.06453566208574557 0.11430906326242407
0.36416587698852654 0.05227744197578055
0.36078046312985745 0.3687392552634202
0.4952813108142915 0.08563261719137472
0.17901600112299043 0.40515280150623945
0.6876879313018155 0.37324646171916875
0.11406285509909986 0.46821310518855586
0.7447864090092451 0.5401440109514826
0.788870809761435 0.7554371751710314
0.31141657883890617 0.8920272337414795
