2 1000
0.862342839513103 0.3180674772163049
0.7856439083763728 0.33510356596539004
0.058525685306490716 0.3660383749971572
0.1739232998306739 0.0371367374361985
0.7824980289573086 0.08694707543566793
0.9758238633654684 0.9029231510720461
0.14284676206629876 0.2050636952040824
0.8056222893830159 0.42285643189970556
0.050211499893762945 0.1419989786070266
0.9423511677715484 0.453414139963061
0.10109636470443706 0.798174224509261
0.08714955304411365 0.8699103569948007
0.98380918489386 0.031752447337945244
0.22320602629159003 0.5731613707002666
0.8510981025797412 0.23850751019832428
0.0798801570753026 0.19144203078977862
0.7814345791545967 0.09862818773464632
0.7045900891107516 0.12459194376320948
0.9037785534712063 0.6321951139590903
0.7960915005988094 0.10174641753244829
0.002092727584178 0.12363839006432598
0.9842744879252303 0.06083669402806158
0.13112504722846674 0.06549896776378872
0.013532547240781567 0.9336477732140221
0.09075546049617611 0.5641221129344696
0.8421138090142181 0.5322154278514073
0.07374224239268168 0.9352571851158326
0.9077808467251295 0.698744438043788
0.7442350965621923 0.8665990822918691
0.7009277402509975 0.9108919458010946
0.7802951031719034 0.3918121586002524
0.8418931955232729 0.3057277835528379
0.9012276340490918 0.39021561824159534
0.8377320488081597 0.25534260007383613
0.8840300359415961 0.8714441004482961
0.9391969948188205 0.6860111386123015
0.14989933163812252 0.8153928972628341
0.31745033163324643 0.3019922186035927
0.9985282263736122 0.9778078123021013
0.6719508237350439 0.9972640225546959
0.042392912730927934 0.31300723655759166
0.8181566241989123 0.17191293658433515
0.966442411845176 0.381859750958495
0.9541469815742497 0.8591093703754904
0.793320598098328 0.22544647580896426
0.1453481499263406 0.3104682736410669
0.9283066123814522 0.17743369503832096
0.06394906598111338 0.13840995837618653
0.06348369298945311 0.7660604327226964
0.20639610885039006 0.9259425059770469
0.220226295718433 0.8087822747047302
0.05202069869097048 0.6472240478898957
0.8880717816948542 0.962392975155914
0.2926721928640228 0.06388132936371771
0.6702615639354208 0.18438541059516778
0.011476281682892386 0.23619095874076934
0.02479549340494025 0.13068486393421208
0.22524025687467342 0.7353935630645764
0.10788335042234243 0.13330180844596662
0.27520100926148194 0.562586576915651
0.7872709656429062 0.842468132752129
0.13182725051295963 0.8920197515080693
0.7087226201831384 0.1778214235933605
0.8854144125229328 0.8783241616782651
0.8361339884496221 0.5078286111707194
0.17796476191952948 0.942046990577468
0.9389518764669207 0.9635259386592469
0.283548404384629 0.2544964324799742
0.929567850962055 0.2553518302975478
0.07977592842555081 0.38352076251748757
0.2422558248794101 0.07730907584392499
0.8856390910082474 0.17633456865088593
0.2321053741818756 0.6922832550027933
0.7479529025179777 0.2518244535713082
0.7976783095701422 0.48913441926597223
0.309973777020068 0.9570309123210896
0.08205737416179837 0.9605502856627894
0.7547585635831527 0.1806576380859204
0.23002874982551702 0.13217195909558266
0.8095952906397385 0.9882357998599112
0.271656326085428 0.8532899245759944
0.7178865627753838 0.3918976634530472
0.7584680220795512 0.5853513665475775
0.7154055884303584 0.49349361456142604
0.2368117449878998 0.16686795640382834
0.9341672513403555 0.20494761150326313
0.23998897010831277 0.9494127434208467
0.1582953071342471 0.6267858630470201
0.7036081727141438 0.13602477450603234
0.8787016500798887 0.2546039053437492
0.765127122615966 0.23777982216163707
0.3038576933297221 0.011938690713958255
0.1041516355140546 0.6936220302131757
0.03339682762000962 0.08851715917550829
0.17002433327212296 0.1132892951892096
0.22600228462265226 0.939786316865314
0.9883896293296301 0.7432630353339214
0.12511790384636634 0.33515218287475257
0.9628686131234923 0.5984696768190645
0.7436968857437032 0.5685346843558315
0.10216348251397234 0.48155091591610577
0.003755246710833715 0.13963795705632076
0.9082889922426743 0.20258231137987381
0.8707964264151744 0.666350839739366
0.9867419083985929 0.22982353741176653
0.793593090675072 0.39001423626826937
0.26559360950190114 0.1601019653365945
0.10671362609000445 0.7330859343929043
0.2880160426955799 0.9479156059454964
0.32736631655588866 0.8892430941297876
0.8347256574941647 0.6307154092280741
0.9062939861338877 0.7789655872596053
0.07089233985679122 0.20541605615299696
0.3179482529605828 0.7130631880025364
0.8905161676607148 0.8553609782507213
0.051904644990104165 0.5606899187574996
0.7865578079385733 0.3107086572410611
0.9499080543981848 0.12030217527424536
0.07247037903629316 0.8514062638256304
0.014335467717235817 0.8535143085742085
0.1593283689999624 0.11056689086724025
0.6754166007657877 0.7631886976011699
0.8903990888447625 0.8284512523350817
0.2827562293407203 0.9114836754694557
0.9235492522172939 0.8663690415384796
0.7191756494926091 0.8839051200069131
0.6925204185277198 0.6464804200984119
0.6755488507326469 0.5561448167917789
0.29419556327977314 0.6789859497127206
0.07328003456497079 0.38315781726966625
0.9109267783251084 0.3538360502566109
0.258863614872764 0.7808898361646343
0.6911137057697387 0.5337950785052906
0.6764337985248241 0.02565309168342267
0.02406214241296345 0.14909561654470138
0.04798492922069442 0.9540177625684367
0.8004158385107532 0.3502266948459175
0.012644063725912091 0.6328106207729668
0.22089488565176263 0.3723114844182359
0.7102652415202477 0.06735046948214696
0.7113351522067503 0.35711187803929856
0.8717671113848844 0.3005709841530868
0.6893428855262134 0.05401943692857181
0.26218568488727545 0.723720325477523
0.06323536273624375 0.8787354946614939
0.0757331244178503 0.532417030263647
0.6818288473771292 0.44155426603130543
0.9549183397042503 0.35200401656627067
0.12407014501432478 0.9682830173274877
0.8499725259925065 0.06363651795165093
0.8473239369595978 0.8090254868401167
0.9788984985362403 0.6711994417507329
0.787762011400511 0.43871911461780155
0.3086686665919145 0.22455179326648567
0.6836945431038374 0.6415726886950461
0.8409631675834544 0.48915622430156125
0.9653502835640254 0.18001612143864298
0.7719857729669146 0.027821783034362224
0.04887364384777626 0.7495787960584643
0.17161824984860108 0.13833544653923524
0.9758114233715011 0.09766308398965406
0.27675918780112363 0.740392681465107
0.08598279618406801 0.9298765386603618
0.17853282260762504 0.3569221310181451
0.8988550786258299 0.21842488568056873
0.719008813234034 0.5702012793254106
0.3274553363643692 0.20663876440901474
0.8423072122828485 0.5112566323310315
0.11437024952966579 0.15710963501274633
0.8962927142204481 0.14063628858563082
0.21764899854527286 0.7076745598399888
0.7168535670886536 0.5472242731095311
0.8650333739501413 0.7577239794817117
0.016556555228157577 0.5685500563456981
0.28835506369851827 0.9960340594648464
0.9588336082545227 0.2297290883769013
0.21102413713498236 0.40181993434120744
0.8233933802935794 0.31195278267731563
0.10788525964622486 0.566535442754451
0.08997489248893442 0.1553347928394564
0.6810739793604128 0.7298101511201357
0.8295533066551656 0.585530663271886
0.24507179423724135 0.7077872298430586
0.7732123687515026 0.5931279293297104
0.1899008958782077 0.6976628420959607
0.023861307683989086 0.12103720522917749
0.9327566701135266 0.14626541309305696
0.9106941262713032 0.6325917104873726
0.1293598039967011 0.4029981404062799
0.9905623538974856 0.7568747603671626
0.1359305646129929 0.3491872158468864
0.8974299529540343 0.7430878238972367
0.14879847391221157 0.10026850665031106
0.31162109989986486 0.5217419626181028
0.14785175910896498 0.8157317647752569
0.26034243054958084 0.7869812713990723
0.9557561409076494 0.09195506065473258
0.9567769000260816 0.708604680058114
0.8483287854638519 0.49649393626634863
0.33276126265787387 0.697065199047409
0.8151688307836809 0.5217306101411683
0.6868379264723573 0.38953822122374493
0.9387540312937589 0.6034099773063584
0.6850260044984223 0.4211360804946771
0.027480350861336378 0.1476314665363292
0.18270077107510674 0.9453935549528069
0.9854032920717478 0.4067230333337515
0.1281666962218717 0.5231320126836616
0.7454222025219401 0.46199388088736115
0.10035525762227593 0.306592831786074
0.7024224062221232 0.5657286371775477
0.23310562618394903 0.7339605169352287
0.8171325918581552 0.1300633187508624
0.04521218831822982 0.05115538063051961
0.7229191979661016 0.7086689288007859
0.7699673658991159 0.08777820845938578
0.23936690661002646 0.3544940068189002
0.857283273860009 0.676643797090954
0.14170105934056076 0.09449617717656911
0.061154062239260454 0.9247352078135265
0.271859077407563 0.4928699504154005
0.20790580018194926 0.9243880070479198
0.66739512263829 0.7241827004350867
0.1402042709437903 0.03631603427975527
0.8856529192197883 0.5382331687342252
0.9482124062640758 0.003689050609706479
0.8531889912868019 0.8950708168534447
0.3067514719609421 0.4218197017347246
0.2738505367661136 0.29183082982623976
0.8632475160276794 0.44282532461247337
0.3020604605754382 0.012024292264770198
0.03651660545010216 0.7794116506839933
0.10618534864295459 0.7263185296722822
0.17156702480230357 0.9063603974286023
0.0994302529999942 0.6314734209222389
0.8590211025073868 0.24393862166070246
0.3240251900590626 0.26395430431993094
0.6856512438199992 0.5928981449270366
0.32997268379824085 0.17880340100685466
0.27343886184993527 0.3979755231833897
0.8302228197604831 0.2703529337466991
0.03510817142443379 0.5987961746506798
0.9407239680958779 0.657929519957732
0.2911703878038433 0.10520637539440092
0.0075472675683108115 0.3460467028171186
0.9443900775303653 0.34186282967360315
0.8545971549012471 0.9257012538444743
0.721902318414782 0.8713205862090523
0.7098499631704784 0.6049853010299023
0.16018960032106122 0.9113037029873793
0.017590975783718932 0.17021451608970728
0.300330675910669 0.23494514855836013
0.8738283829194076 0.5133461867487961
0.9411425696460939 0.9453223152312386
0.18386362956451086 0.965450073581475
0.20864917384117676 0.6751452354359888
0.7043190205354606 0.43869837611480966
0.10630448541467319 0.8200409853504177
0.88682535035776 0.5133501984785446
0.09533440035192764 0.5591320800610282
0.8543069870168405 0.42260767798665666
0.8451387821586505 0.7610089683309884
0.27411842045663815 0.951922011774078
0.8674922358420832 0.7076703799969029
0.06254445525877239 0.7243692696013501
0.9244496226193022 0.3250979069896276
0.6816583297439996 0.7492134372201058
0.8731788323232585 0.4660507081803217
0.8619086700935872 0.7501314773434161
9.631495858660744E-4 0.7651726085199502
0.8021306400253873 0.5460763991574101
0.8599552346192153 0.24061701910305677
0.1471214079748877 0.15283635166294585
0.812232492760249 0.3454201722005448
0.7198562532727787 0.2176365094125592
0.30327682634271613 0.4097015923342331
0.015712883213821915 0.21892010894981284
0.8585987246251167 0.005979302283788845
0.14627436708648867 0.9705991873601095
0.9005959399255423 0.8329137565133071
0.7411496500891247 0.9894592776766785
0.034260026474950966 0.913269977864451
0.11568631133550178 0.8422075082234284
0.974053059658642 0.17832972922870383
0.7631064923050314 0.07912011684805875
0.7224913826221593 0.9756182694298052
0.7553606519987716 0.12763615323378985
0.760562857659821 0.21777258950326317
0.8401904061096981 0.7305074799423508
0.02128710732209016 0.9163390040267939
0.9298069032381071 0.9535387389295108
0.9672401004184683 0.822383628699485
0.959428813573703 0.4022151144587087
0.22964760782861848 0.5269852733336667
0.6706314938320674 0.11011948802988492
0.2672478939856261 0.4359263354918791
0.3041300221962685 0.621916676870663
0.6851192243288929 0.18890437313085529
0.9235300433074993 0.9870288133743766
0.31000082705626897 0.0398712603836231
0.9474127939941765 0.24500342931849783
0.029202545625434007 0.4255143433981655
0.6949329923466262 0.6880250540644787
0.7108878265082997 0.23519671786976126
0.17865174532761374 0.549327085356876
0.04905713689851299 0.2499452951665121
0.31579397217988625 0.3405465403074712
0.8178789934724059 0.683303975012502
0.7020025471008771 0.6184803668322929
0.06676256129536473 0.15423085208686327
0.8712475913154769 0.1751921700830793
0.6861024461711324 0.8260996669520053
0.6708607055910752 0.12830251617776323
0.7723278573356541 0.8686317473889217
0.9993368411802137 0.6851961153648581
0.03276446753365336 0.8971064282817567
0.3169025125981574 0.07684384949095913
0.7554180755049617 0.5693379460936745
0.9110499392981422 0.6642520489506655
0.05706223376751318 0.06235708239106952
0.9317461808007584 0.4147757715968119
0.934675117760604 0.10701976436191574
0.3252444778957303 0.786412957554133
0.9410689083439843 0.9428239103251197
0.7699731291616152 0.3357046973926503
0.15087172522812675 0.7630426136548655
0.10759209332489394 0.9281828273190051
0.3016185075856207 0.45681398872163415
0.0395475066211054 0.7253513352960398
0.29479915815341085 0.44011389590474304
0.041082038801599885 0.5225912917671982
0.11009766422611356 0.34137679119419273
0.8854910137561005 0.40888794702785536
0.04816669959683295 0.5814494740687345
0.9145457088604013 0.09373177114564357
0.9447491190087207 0.02717108429183268
0.8178075585190003 0.6804019065631898
0.9535884001735789 0.9434766702222538
0.9435199132557711 0.26636019053364257
0.17514630636443518 0.4413583608939764
0.12369804283673036 0.6181223557611782
0.1145809238278841 0.3592123497288493
0.9193803532206724 0.42533575231099197
0.18343866336586911 0.4365533911502666
0.3090378079226823 0.6052113481698994
0.026100123850328116 0.75511989341657
0.0415424971713404 0.9600553546012188
0.8932561413783959 0.31965115966089586
0.8226134755858646 0.4232179361585684
0.244481327678423 0.44981169922651
0.25466634991970827 0.5458817346174331
0.6882770168768167 0.9279796136305029
0.7832950687557936 0.06373706726750894
0.04302766021619331 0.9457424774378513
0.801344648449101 0.45360943500443696
0.7701980307531691 0.7906005293120718
0.31062581328291494 0.38022825937739213
0.016428400343968974 0.587118667439206
0.7784325502336857 0.7472096753353147
0.07761695322591478 0.9171680681241339
0.7485654812156625 0.6941648359494242
0.3169368050247352 0.7848599544596533
0.14619105524228015 0.41363980858387506
0.7394860203204563 0.8450234138611032
0.7091846188801907 0.1985814982370282
0.7663806198413406 0.4860740089750891
0.8263317836045162 0.20443440227610143
0.8823085322179031 0.29485151881539906
0.06845124873648223 0.6515332191741245
0.881339993494087 0.8430857595820614
0.07025752046831268 0.6659713166131301
0.2439338397873143 0.24356238121891882
0.23723903994767936 0.1838032377927078
0.27285098310362277 0.8749261497059915
0.09789657892853176 0.24041535877986997
0.27261856550425734 0.024787198468001703
0.08426397726222346 0.7035863850370409
0.30044649735438755 0.790720389959825
0.24987835102688938 0.1183978678882015
0.8152963717699394 0.1613572552179796
0.7399910499108011 0.1816263507165553
0.0718138157883822 0.7633209568379666
0.08879624587591228 0.3355342091568966
0.9915986348247104 0.3762052932889681
0.14697699986052049 0.2108662498493702
0.889434835823276 0.6698770027158024
0.7956972498339756 0.09835027204486169
0.16338894680926874 0.7820019292061222
0.8700801008512871 0.5604037893000743
0.29457983170892443 0.6685711500597887
0.23035040445338106 0.5199710870444024
0.8961384927150138 0.01869905066958466
0.0843897252590361 0.3804072504823236
0.7260383526928255 0.28811952795919893
0.6769807528430479 0.3383927642968725
0.9168747351885425 0.9220660814545895
0.3101140606613082 0.4240141044500976
0.024686131606154738 0.7628444145004274
0.18733783261267412 0.7419377929531088
0.8394778956882977 0.0016170116904659082
0.0649621879308867 0.5955393207050498
0.24433353577215577 0.4103820172795358
0.26135916924472524 0.7006669565212306
0.2638544058092074 0.8483178639457943
0.1369397707593133 0.07840020679736526
0.7988961452019036 0.6139885113169126
0.8988189140462727 0.47873123224208514
0.207999974316046 0.3497242811836341
0.10949572874873281 0.9975772580555191
0.28711123896616697 0.6734754307303724
0.9656245610230697 0.7749164992802875
0.7146389826597996 0.6294898675289314
0.8053926463185805 0.702752611474595
0.24257963076662825 0.1821032177480636
0.8118104177546733 0.7718254218409664
0.7318625043469075 0.04305920204413827
0.23080173465522758 0.21824751322936786
0.1279760795030127 0.1414377829960788
0.16614573333524252 0.537681381811773
0.8012242206952451 0.5805120635107669
0.22312496881429633 0.9984676567595343
0.1493674419624681 0.8587429006149664
0.25717219934351243 0.9300301771651431
0.6747456756562566 0.2257629386411748
0.78489040442011 0.5763652609448581
0.1023762136073052 0.48812239838477545
0.18777925360979186 0.889042650868007
0.7389360367100668 0.8830548460822688
0.03132486824231462 0.8179174388698898
0.09118167629583629 0.43919190410183295
0.7471121463594969 0.40517125465549486
0.9279989949117851 0.38998417292762777
0.3316239969990036 0.5279386444539201
0.8930910888008953 0.4243696128709431
0.24781980738645115 0.03342960577450049
0.7400816072882477 0.4579675860441267
0.05476858034666732 0.6574452698384032
0.7818108217965262 0.7621690667418437
0.987261712928925 0.5420200442912569
0.24975597137890726 0.2119217280846294
0.09938426905968811 0.08099968480447939
0.055953782082927006 0.5762692401822791
0.19267219379995693 0.3464763508177864
0.6828007559266313 0.5454395223201066
0.281214316475889 0.8250867890478314
0.7110618859069171 0.9246467194298942
0.1848332794764821 0.39082577824741704
0.9135520170681509 0.35029434898305933
0.6706758811323155 0.11381710732289563
0.227194356690831 0.05272162040530248
0.7203841286730878 0.4693843943648295
0.9241346862071362 0.14003117730823555
0.9289968936426646 0.2980501168887718
0.10618293774115062 0.6579892803217547
0.22245620263966104 0.4561828155274309
0.7433098749661895 0.14891392670488157
0.3039232114481544 0.9584839530490761
0.05850588390822076 0.2908596918947276
0.7398124499992278 0.6869923135360553
0.23339027960808623 0.23034348579976038
0.6935907224676415 0.11174717159591774
0.9495589073343026 0.4386492903290148
0.9024847293288818 0.022344652959430333
0.1625330351473081 0.24635428593576925
0.9859447223950853 0.5834723326149546
0.33112234784352845 0.20581431507540404
0.234820142189618 0.18364117008218084
0.21697724208839386 0.9407071438711019
0.18521694046250525 0.34333892603006344
0.927523486862289 0.7555938369053554
0.9412615447047014 0.36602188525204327
0.8689733528463429 0.20498419939925572
0.6728127149136163 0.41172782419616016
0.7769170854557664 0.5169249969986366
0.3224198960961082 0.7674442831945394
0.2327497952760058 0.9265311169248823
0.19134836234025387 0.9325617942194105
0.25786927343408983 0.1394593853893764
0.9838688300576388 0.023378010696222806
0.7868183313292043 0.8251256487728243
0.7586921818327732 0.6739536968939728
0.17779912922887298 0.8199076405393422
0.7769160118615954 0.16299323372724317
0.8232879854106158 0.4493823979442214
0.09150754076957457 0.07481087452596291
0.043403110250803234 0.6871797976210906
0.1405792677896801 0.19429776882968552
0.10072031648834612 0.5382779903460188
0.9636614230658138 0.5109379036460098
0.957040431698742 0.2947103586108467
0.90036120514449 0.7102642817466752
0.06982585207172776 0.38693888638276563
0.21341099540242525 0.019244067372619078
0.007763402548599974 0.06345372838435992
0.9664590661332275 0.8024556197636332
0.12176789919579756 0.37413599671868236
0.10758643958861724 0.7886509894510781
0.9976200064748418 0.9356175780330325
0.8234006660528914 0.2822425804197711
0.11022476719300944 0.5399143040295913
0.19258780026753353 0.997086136736333
0.8174441925637304 0.0024830890791025517
0.1491027442091446 0.1177833787284448
0.9938372137076625 0.33679406084256724
0.7280956790422244 0.06655921624274053
0.2177553236760712 0.38882155149228925
0.6685748317867134 0.9136942134835572
0.20897436780840684 0.1456890309641824
0.12776959504108543 0.23666760589058056
0.08307282368471092 0.41457567862728706
0.7855780977347563 0.5259103546098712
0.24204761615121573 0.17897904389994335
0.8335428607402072 0.4110877601901023
0.7847368351638959 0.8534939310642211
0.12600181780881492 0.6268665863521169
0.23876744477720535 0.3563176220285744
0.7332207742963868 0.30133213929893676
0.30339417132004887 0.5087325690824791
0.14872444802936524 0.0972657798273896
0.31296284132412533 0.5857298153750594
0.9817034429627614 0.029433334879661155
0.6743872524584925 0.8259249283084451
0.17399717146969773 0.07765543416346488
0.32742636960816296 0.8041681875841891
0.10365490748936812 0.7186871598927337
0.711734537355536 0.5693555542551171
0.8381961530342151 0.7349529772398828
0.8080175026252492 0.10165820148042903
0.20997590715412418 0.6586172804923446
0.2466879560643338 0.9809522687966378
0.18877437001442343 0.8656212876158741
0.7309776786377441 0.3573228118437419
0.6991291384135296 0.45377643889681774
0.10145611381434982 0.6736736356401885
0.9839958940598614 0.09377168373423739
0.13247450044550435 0.8206305723186913
0.724180786634006 0.49718000318351563
0.943535199574572 0.031182743988857453
0.21638634700633474 0.04936171613348561
0.8234397950410871 0.5505409519596068
0.033949297843524406 0.37035584071902194
0.2606234927073465 0.5283048010453754
0.17750260403938878 0.786683117134225
0.06215869151527886 0.11217317003199234
0.6740509329634544 0.32867389595193597
0.8528178832872132 0.9817895557757865
0.1374037237453477 0.9020298145706817
0.12470995498540072 0.6708484632481703
0.09640768979697811 0.24295804356085005
0.07193140387200536 0.4087453145921933
0.32267924746209853 0.6878810691985068
0.02585028457850591 0.4986298017465226
0.16802841818820202 0.932593745286764
0.15527364649010555 0.4579819393328277
0.892737607428758 0.9657439095816951
0.3327477117474561 0.30713032216687386
0.8247526864681805 0.1488100525672139
0.7924736116391377 0.534212368767545
0.061200733445815336 0.7410688946534026
0.7683305395365169 0.6676258064514953
0.8815393175665891 0.7409707303911532
0.11372006370352761 0.5128449574591868
0.6670008211572237 0.9969825300305326
0.6809754785001259 0.9298348851095528
0.04018486593414172 0.020213497015461046
0.7343210300607725 0.3776879647659447
0.16965957827066214 0.7592127876569343
0.999980434833575 0.08922008155961947
0.31476000023580886 0.6513306681263464
0.8309733862511813 0.15662204297905236
0.722876958118848 0.13556507587555144
0.11034418660303646 0.6707965025141263
0.9793739696064472 0.03235952894166971
0.7711813470059058 0.03747226840475226
0.27691213164781814 0.9168119037662551
0.9444539851082433 0.34682820504801803
0.9011434833457492 0.8936391105376419
0.9524286997506348 0.5001605201124959
0.28318270364570886 0.3556439258281243
0.7370688982788166 0.8869768950707939
0.22125302498665478 0.5210530854145655
0.8152718243272103 0.31370198627285184
0.15623700943259544 0.48311901767647536
0.2950564228412472 0.2749597243607955
0.2653968447482885 0.9768696199244467
0.9123254327421487 0.014955029543825549
0.8263145100424047 0.6077041442129282
0.3076749946680001 0.09169119699629491
0.04101841894530611 0.49339032136616967
0.990876295564212 0.4237131923942993
0.7856881496162876 0.7964098885814381
0.2826687694097584 0.5996180351632734
0.9165778670830531 0.7660609839206438
0.25998466771926043 0.31425143502585073
0.10233543570314463 0.09892406770430462
0.764058476311114 0.2430602982242167
0.037092898802986496 0.3129145039396646
0.9050912881059808 0.6415320401558096
0.19627127457203675 0.35959844661027873
0.7574551994641503 0.008598029225381554
0.24668085137678564 0.15056447636050896
0.9647053808737003 0.6278752951432823
0.18505879873583642 0.021209659378902956
0.16837642907296235 0.6528152383294002
0.9171223981280343 0.9305567817856107
0.15909794029668056 0.6111159719356385
0.9686495146495541 0.7620477087943377
0.18888263193623855 0.6277915998149517
0.15566310229801583 0.06528730891016299
0.24014738509164713 0.7323735847797145
0.20703527082302464 0.0864323034498703
0.9227624162122072 0.8271458637226705
0.680053916193841 0.4695775638711073
0.8848866476780718 0.7070089365746578
0.11348392732899482 0.45642690059208724
0.8617734078052081 0.6557283578373245
0.046700242347976095 0.42047964175931585
0.09411204603024947 0.41878613550460997
0.873542890520341 0.5405352997088702
0.14124472278058975 0.42894478859087726
0.6907887275165282 0.2767364684094893
0.8712187610612061 0.2441167493862645
0.046555054795730855 0.5393508343549391
0.20013014492849912 0.6900209260433654
0.7332398028253064 0.6616564844220952
0.22527884754046856 0.1134155391465631
0.2213241296866728 0.2695184231766493
0.6766094617368089 0.21035912308723403
0.8347797964862114 0.9465406009878948
0.908344453825131 0.3853257006827463
0.24551787472941655 0.5881703824719129
0.31671503502054776 0.2284655980695186
0.8193450014881702 0.40264517793351284
0.17066589146168643 0.3939271009357531
0.036555912261484136 0.5596409310070665
0.892131395386731 0.5008003774978664
0.9789392744242538 0.30278465077912164
0.988056878357091 0.799896015051244
0.08034254391057527 0.8109901309742362
0.8319376827289333 0.5058308747664281
0.26255717097379894 0.14788745131988879
0.962833644142752 0.010455098732103707
0.6869731933459532 0.7164837693867666
0.17174777098171534 0.6749795708368743
0.18700698983633957 0.013297807106888548
0.041379797553016795 0.6512082927820839
0.20922831780733808 0.5889529609281464
0.8938973233253633 0.69324684726993
0.8935828168497133 0.9763076117696533
0.6915269967077268 0.7033952593603763
0.9875847365031616 0.6540092155724903
0.7615915041784435 0.7253253597280334
0.7227018237139464 0.9198096043893621
0.7728007807792919 0.779072102678587
0.9846018417252673 0.1863968788321717
0.7452982910907299 0.5100101434905685
0.8545664194077047 0.012304597682334273
0.3282367333848176 0.13657216464374988
0.8262662789863653 0.259120112347185
0.7114635323649895 0.8493698825944418
0.145386421234053 0.2657999681947143
0.1516786733419323 0.44834278457307775
0.06713606697052654 0.5727305591140109
0.9314806512511508 0.8238268399905149
0.854881091910692 0.9956845363258074
0.027208485605577093 0.061983472529642536
0.28751228186201994 0.7659122273765185
0.7614514663531937 0.08031608468749252
0.3253657396523696 0.6061040843312971
0.18608571937812157 0.3507119924639338
0.32714137715577296 0.8673006252932616
0.00365785261719509 0.12996658782001347
0.7835010003314853 0.30715099312055416
0.15492780440469667 0.5690022245783818
0.9388163614180964 0.2510457329891316
0.9929721010730154 0.4328859171776335
0.8943039906006207 0.16654051118288682
0.860260321813155 0.7960827491699162
0.9781776532963424 0.8110811098407875
0.04448800498238614 0.7756603021381272
0.2981873039673585 0.9218986462002117
0.26846860112149273 0.0973624899310741
0.6803125765099802 0.6005584971896517
0.7142836211547405 0.1166980660473318
0.059376294324535506 0.8038921982793855
0.17402900845240954 0.3659361639755585
0.9205696541613474 0.8253876476957395
0.8606319704251704 0.8497460987634243
0.04579666758573131 0.6803181742805375
0.7723523502495511 0.31918042030339155
0.06207667555889651 0.0937462706901605
0.14874818853819827 0.2998643754470457
0.7764612327663285 0.017334678607389686
0.7016806024243798 0.16670599665241415
0.13239150170872938 0.18878368208081275
0.7727665929754863 0.6642180820104524
0.2567255274195477 0.9597593814447002
0.8965998976232052 0.6057721813690111
0.8274865649927872 0.8083893265775167
0.8617467944637118 0.721946604452047
0.9444925600777376 0.09682918885668801
0.6909677591673529 0.35001008867392347
0.9514193647711932 0.7162148105334255
0.2808211032093848 0.03601074284183725
0.7195155887193071 0.02170095646761161
0.8892335078793825 0.8966589050310104
2.487190051813082E-4 0.7585803101436714
0.8658716553089936 0.8900724170779867
0.044259198122099 0.11766562926580082
0.8986121492627225 0.7712246373733546
0.282212102453691 0.4509727969458248
0.9727416357110105 0.6440304678017433
0.6850622940075676 0.166590029954523
0.7216472913795298 0.9572480449430635
0.1756735441695263 0.6803204501649953
0.16654225319680926 0.9767099115194516
0.24234211762508362 0.03758574554568461
0.011784207309940009 0.19666012921697928
0.1625689820995232 0.05746315223275256
0.7581732737991104 0.5485328196268074
0.24237718887211723 0.8358635577964504
0.7413595197496688 0.5916490645563162
0.8175922784860915 0.8740451625977266
0.19489844789708632 0.3723968645691391
0.03614161894436263 0.9837602166027007
0.8670199414758917 0.19240655289101583
0.31484182415005124 0.5240460674701448
0.24807933024794948 0.15506069062299688
0.14834920768529614 0.3060500538467239
0.6783915368677795 0.28513123514362904
0.9032080358902047 0.9976570965820074
0.2774132382569461 0.3485856033449459
0.3125899598026044 0.5901253223905267
0.8560084832405105 0.0461757112812895
0.8144758820079518 0.31972333211531034
0.7590698218689264 0.09473128622451321
0.08313349853660779 0.25076704256142923
0.9884125990492194 0.7779889144504857
0.26690298713235616 0.718380050375232
0.7618241799690545 0.22605131866201134
0.14953785071931225 0.49862829443496026
0.14526345367392968 0.4444914315861458
0.7618047238179725 0.03148800509112759
0.7246786241472254 0.8663515163238673
0.17376427201898992 0.8505721594108887
0.7423240797913915 0.8815821902119587
0.8844914140853939 0.865961634906497
0.828764070614226 0.6770837165712347
0.0883124148820772 0.22591755390749935
0.2142225597828178 0.5125863913046504
0.2952415597793644 0.09627710882711538
0.681228751283475 0.7289110242751292
0.9124390992286914 0.10318668439364309
0.7067092078584045 0.5943614289498023
0.1966252069386002 0.5739028228063116
0.20605303826419274 0.17920719174313737
0.7132681592598727 0.891933663564819
0.9999033643987595 0.3935343272352062
0.33116287865033356 0.45725665866860277
0.9292055708012334 0.14801132089561497
0.3046711508330173 0.8777211440076329
0.9918387162674382 0.10006444120582703
0.8784864385382015 0.6581994237753128
0.8910019298817163 0.6995776037811915
0.7415969418321279 0.9997124774099148
0.14691794466751584 0.7615143306932783
0.8900734462531539 0.613208659026342
0.14346261317373932 0.47594033734594177
0.11642765884555162 0.8196591997060134
0.7796598446120162 0.13352495679222254
0.2390526981930785 0.07395438704839896
0.11635521211155031 0.08142856807109267
0.25834177713251993 0.13380415591366046
0.8246453549711238 0.3265701887891266
0.06771329787494451 0.5360345334807743
0.825564387947034 0.23621264496424843
0.9413641567293524 0.2790116897557756
0.08915577327309454 0.1468450162351841
0.12634561970424096 0.10589470011724356
0.045078987662153236 0.10279259748559733
0.23935850482198795 0.857276566045571
0.703106543667309 0.8229493956908185
0.19771535143766572 0.31238282867541534
0.232953985024677 0.13832112800218443
0.7400674414212222 0.592055895333971
0.23711537346660427 0.9506492400342843
0.13801634941335794 0.25154348321278963
0.8543064507153663 0.32309886110246067
0.9554355198515639 0.44234432079654806
0.09993262571445305 0.2382954129749688
0.185881989995617 0.5863939325904758
0.27808916453857524 0.8233024508415027
0.7791875479066193 0.02596939095201245
0.16072752581793937 0.28962070049788124
0.23519067712648267 0.8642867517257881
0.1590644844512603 0.6834031006832574
0.24876068211990843 0.2980717962340683
0.99364089741949 0.99838257902729
0.29008585849886526 0.6679394204151059
0.22630026657021352 0.24916429056822198
0.22815297753916686 0.2179007077753895
0.10700626578713779 0.865120071965938
0.7926781673442644 0.749742989822198
0.06905903680879788 0.41140856844975593
0.8589524715265517 0.10258612673895784
0.024592730190369005 0.8790896553943731
0.009741897131013033 0.49462032244883025
0.012207170469176187 0.8058679112849838
0.8774305133805103 0.7767020555394462
0.7444447898667672 0.8643642644652805
0.8196465816009084 0.5000146714663417
0.2844623631685299 0.7731943206118037
0.0376925090514858 0.006297431331296677
0.8203414937795486 0.2405521394148934
0.6836218802946066 0.9598727812999724
0.09092296693016144 0.6792027949270925
0.10289373648792766 0.1190659644754648
0.6898327043847201 0.020831768748408308
0.8315531265970815 0.9060456371957779
0.7361518542829536 0.26438866422396345
0.8721588056212872 0.026967765276624367
0.009062964889768543 0.05159828284363843
0.18535778160352445 0.9120381990658594
0.2793407384806198 0.2870020276547943
0.32193540906229 0.3367300303545352
0.6707137998367242 0.9986746239221962
0.2240706438931851 0.6349560797541485
0.8028399312162837 0.4959106616818444
0.9071093574968021 0.14451766320745152
0.12626153890734004 0.23644456681538695
0.20208684640103425 0.5457153724474003
0.918297138728091 0.7713493911966217
0.6960699967198077 0.8669581825222191
0.3009120635376612 0.7271214826775598
0.72450443435057 0.9505001708540604
0.17761303507171988 0.6939886245366174
0.24245486096111402 0.24300641245858223
0.2025960839565848 0.4975245774418042
0.7512770361694812 0.96841703886559
0.3068379566963637 0.5275323465800559
0.8279694106941883 0.7417303467869826
0.7741536024278075 0.32746583655763783
0.7803929742933835 0.9999058646630062
0.26139871012396176 0.8729358670990733
0.8033278941484637 0.33482590435507087
0.23351864481661888 0.22226643054953976
0.9032210917365057 0.09747453005090534
0.046014024990906344 0.1685692927530672
0.7657362630503217 0.05906664462472322
0.8793074793200695 0.441651558068893
0.02795011148474169 0.7070889130007907
0.976222829082497 0.20269442930219983
0.3268043813842054 0.5178453612101785
0.3068219574411134 0.46899082813839377
0.9519352477097157 0.6168387159760066
0.6856853026700118 0.4805318443304415
0.27717272773111457 0.585978773926795
0.0896383570790239 0.6953177280624627
0.1469589506713036 0.30886093660616376
0.671332813342272 0.5245561873552179
0.9061955529814671 0.814476200895596
0.8973094030448179 0.7036918661194339
0.30869023359725245 0.003396217966485926
0.842927862535902 0.09318601696225726
0.6960793104022184 0.6466950698373654
0.721741039466443 0.4204680025032903
0.1282202277287161 0.13656310228512125
0.7713727625396626 0.4999443218630375
0.9871600618636954 0.14302637971008436
0.8970772228304527 0.14242991879112177
0.30643307649508167 0.5421299054690781
0.07351223762713832 0.5939210372135849
0.1541349519962404 0.6636514536190311
0.9509695046354673 0.3413993690130247
0.015505096798257179 0.5016196418778659
0.9427234583346371 0.11194234038684348
0.9718042316572595 0.2534781800184197
0.9193964632637323 0.03628468033538168
0.94215754690477 0.7544809876379805
0.7847269761090826 0.4802983662904423
0.9880540668707958 0.21070875211991336
0.7539452181374513 0.9453214553432175
0.11123140803249598 0.3432690548542673
0.8198488727271073 0.34111866767247323
0.030952719435768716 0.9863138020409873
0.8828130784987496 0.7359928446198636
0.05990540002296152 0.9605679641788525
0.25876085218734013 0.2980647687961714
0.23265582057375478 0.3064066425682622
0.23888247450013012 0.5441369416080415
0.9526788352385276 0.7666860489959013
0.7341570557118712 0.4812504286713729
0.6971679272772416 0.008807123567485808
0.7539399692520605 0.5615119503946775
0.04450492708565246 0.6011068188085559
0.23248991090159665 0.4326060093592782
0.8823191306572173 0.45141794379107436
0.009482708249008431 0.31287038443271165
0.15982960002110147 0.24265232174643425
0.25490890969017044 0.45748096535309046
0.24285878256435833 0.5572596260540705
0.19975518550952076 0.8312101322439085
0.9379010207983693 0.9129589702172899
0.9061577652134688 0.947294710039718
0.08038566864713448 0.6709719715865717
0.9333941068492644 0.020266831028055043
0.9599997921522475 0.6603796621548841
0.18332060401547878 0.7879318366951596
0.8388292672334758 0.7201594356595673
0.14811899614801316 0.7570680869739216
0.21012311798765504 0.3495585041860224
0.9274344055849424 0.47626681544978433
0.8014847053268785 0.9491128126599119
0.02010563895891293 0.6300103651519797
0.30717666226876505 0.9837320094659259
0.7636494075241566 0.8220581226786532
0.1624022088764948 0.7033814283889687
0.2709900040109834 0.34214622432360486
0.7026872781315454 0.14649879195632043
0.12514268535688733 0.3614503017520194
0.3023512831204902 0.5352378899811032
0.9834351348048833 0.10572671140458967
0.7814724902838693 0.13950498628021224
0.2983412381647038 0.9930710280061598
0.23300928028317158 0.9290344026449107
0.9200657481218485 0.8283332785603168
0.16703911742992772 0.9178719317211278
0.784177657346788 0.06886176673235245
0.9460152457058021 0.1254603900658171
0.9488976069425241 0.0097522477736256
0.9590180969977758 0.8017351385003034
0.8982217317472792 0.9119187639237807
0.16071129888650293 0.08235766879615025
0.9790823915594045 0.7809025774951156
0.212616983472106 0.49034908249982656
0.028973362969949457 0.32210255382767505
0.8899252524007715 0.5713277794984415
0.8735867128709895 0.17464681969479678
0.8762798640832564 0.9096928238864156
0.16256770576926927 0.282382674707105
0.7358420998099718 0.44522662899388843
0.968130917714287 0.11887371119591295
0.23225898992863636 0.8912210044545827
0.12821066297306238 0.9037750925759436
0.2472715734119757 0.24044871868879025
0.872668613011205 0.19490094053766893
0.26680219981804254 0.4425279517943843
0.10979556828074633 0.9341830396210853
0.017888053978122098 0.25497407003212946
0.18329531350220551 0.09505749171806721
0.8940151373982556 0.1731084594578155
0.9902933503123718 0.6494899216162602
0.9575566590593004 0.3950779024698805
0.004899561802933161 0.8482280508644886
0.9984465076203533 0.7466392466419253
0.005762168220737274 0.15529388875075556
0.13712199249544355 0.49846353449588265
0.187365645108039 0.06286400127327463
0.28823622729676235 0.17644960376271746
0.7655879722184064 0.3217055740635445
0.8222139974459525 0.7746296206811826
0.9162956999109308 0.17299908619652127
0.7448478425412988 0.12167287642674762
0.9824039231824008 0.12252395065409949
0.9173323077247038 0.4358602600008238
0.8046366831883996 0.41742993528628103
0.7487500758862997 0.7314442572911528
0.8335811089777967 0.6129512138176636
0.20879508676691216 0.7563881549781748
0.11952226567271096 0.2044016659743506
0.97174884343136 6.523842103699495E-4
0.04854765103770731 0.6896163166780371
0.11014959146451142 0.054725116280673114
0.7522734088405516 0.6732151462461298
0.9834010238925347 0.7150183318317217
0.8371754109594363 0.5877634529755809
0.7045855557663409 0.610354349258806
0.061600264472102984 0.6759662176670206
0.7777184061936103 0.06717284563684345
0.9446940916948148 0.00893802630708207
0.2737092249172489 0.17330238302419188
0.2771906919434094 0.41262950809991517
0.18813188640588274 0.16336273955364455
0.8108021918680748 0.3141693016607753
0.9270407671039864 0.5007130363395765
0.20876015531336134 0.15597433966173901
0.7459702084470272 0.32599084189239236
0.30642156473702886 0.824067128958025
0.9773294522243211 0.06076788018017598
0.1388378377807692 0.657659188048701
0.942204374475581 0.614142993533147
0.3122201603630125 0.5851750303742492
0.7053696379724848 0.12946932797641608
0.2959870491721911 0.2731393560969616
0.164690818236937 0.5633075688834819
0.910144285701522 0.4184783582580651
0.7162919768009762 0.7037120107469126
0.18706264359057778 0.8655612416765759
0.9876119097987824 0.6443123468080254
0.1465472553207927 0.4254387699922808
