2 1000
0.5031514174005263 0.8158607444124115
0.504484894133907 0.5118929291871467
0.46676890227179146 0.49061296108953345
0.45318614960128234 0.3942438114713235
0.46706772151299836 0.5475142254983879
0.5270846763812357 0.43478686998000493
0.5248825687763725 0.05905880020349352
0.48253415130943866 0.8242407062211541
0.5470556699255775 0.9996241225340189
0.514873233824187 0.29304514774054413
0.48480889186609666 0.9437983463160263
0.4948128253218115 0.22997154809894882
0.5353610006231204 0.6188216058856894
0.5074945695218244 0.8937702059506825
0.4821276454440122 0.06106057766121853
0.5144066615449854 0.11552426556947182
0.4691652167931645 0.1819731048994505
0.47229074588831 0.23299948611661359
0.5445873049504467 0.6520845442850729
0.5026588580141943 0.14066494522720885
0.5420722067560991 0.26529105634690187
0.4939951572347634 0.6324755051783224
0.5155660228323236 0.5043040337922544
0.48682275271943487 0.5767068158612311
0.5113399166706166 0.84460740947032
0.5234476207623208 0.9410493449981209
0.45897728561180506 0.10707355913691108
0.5110593710303687 0.3709716119854911
0.4960829019743833 0.5747900045776834
0.4658547007639755 0.5729164478972795
0.49461528982538305 0.9241866228824819
0.5144025519881701 0.41127535102878676
0.4500567359519859 0.6087562098185014
0.5138831856089707 0.6486998757734813
0.5114927628059126 0.5613546280039425
0.4881194638779841 0.2288483757642169
0.49421877186051266 0.7001518183145243
0.4597855105194808 0.17862052625485614
0.535165293788409 0.7333213072663846
0.4669718760853586 0.9624871370603679
0.5106109000901659 0.6681071153521085
0.52202769202407 0.3485123239379079
0.4947475411350567 0.17627682925808463
0.5207196403433776 0.1379304836553581
0.4809969249470327 0.9240853505449226
0.4643178816192032 0.3815892638806515
0.5396274834967927 0.18018949532309803
0.47187125271528796 0.8743691993658763
0.5346010998344828 0.296827110310658
0.45885052022790285 0.98169530585805
0.495234668398829 0.9174600424345055
0.5219932268149892 0.7840527727801229
0.5134609708742685 0.49549467473274933
0.5167118931905341 0.85461274535205
0.5157788982769509 0.13696998251056314
0.4730567138838616 0.36891260205414544
0.4994576793863459 0.9568685924977515
0.5353337538031174 0.601274082041496
0.4752889653675135 0.829793425959018
0.5054051725222826 0.017277616087734704
0.5320429421217502 0.1268937960436307
0.5136177561869089 0.523088976212198
0.45917283648609064 0.3946470998933391
0.542339359841397 0.03765817165863572
0.491152057825758 0.43562223763772845
0.5423438675491592 0.35864017270614634
0.534773363799304 0.9178397499630717
0.5174523323666428 0.6628612588179748
0.5131129466701078 0.4465090765602887
0.4863451301892965 0.7892458106061409
0.5023455723162341 0.004597526512443051
0.5143663018092864 0.09033522548649309
0.4749121279028119 0.08398289505488588
0.5451676797318308 0.6042783235757264
0.538359265978033 0.22387769815314007
0.5248550232541007 0.5357506485968482
0.4833915473116567 0.5682511284990981
0.518354791954553 0.28449369063099994
0.49485551143135753 0.08482525254630646
0.47450384445265104 0.9200534657019279
0.48458587795538877 0.39581101723784673
0.502396789670459 0.13387241569148933
0.49131846040471483 0.16406374291867287
0.5441013436117031 0.8616347933448723
0.4510827808738306 0.4224586913379792
0.4715891486186087 0.5567815080930711
0.49964828405344686 0.44643495253771714
0.47918595586153256 0.02034835799449597
0.5153550749842096 0.057234967354366506
0.4877660423148711 0.24457697476015983
0.4559104577730989 0.477245493023038
0.5267914546084224 0.1511632781393195
0.46697986061408936 0.73994221481058
0.529402540509831 0.5441900766294832
0.4806976078130599 0.0740701092310383
0.454371750412879 0.8175995674881632
0.5003087633830308 0.07824807764711594
0.48548349699249826 0.23481826631734715
0.5053392979094335 0.36563310693490425
0.48187219015619176 0.3048465065520676
0.5295703640651764 0.032898544146002795
0.5481799269879778 0.5621537140700396
0.47124400590432425 0.09755517593178598
0.504882735877066 0.23204920663269557
0.5063791446537449 0.18395589842137483
0.49676825941894476 0.6628953628659149
0.4565203840446077 0.47307653325546306
0.4648061795087296 0.6731757237065958
0.5455603797905445 0.6706270017626924
0.46648439375842277 0.08061317773010868
0.5329852199772005 0.1250980356362691
0.4661934023026363 7.642274265348137E-4
0.5346571585418276 0.8567174713159253
0.5288563813336926 0.017060246630820397
0.5208041139837152 0.14233862487809124
0.519239189835535 0.7274085166004546
0.5161947711670153 0.0883175658738059
0.5338895567836881 0.6056954569356324
0.5419005230417956 0.292126223036134
0.4598171202307537 0.5292032885596387
0.4642471440915341 0.7258429648566241
0.48290458474017706 0.6882735278584777
0.5037251225469349 0.7806492265907289
0.5443554400466476 0.20338509765009816
0.5262634163481207 0.6809701902415739
0.5327127553089841 0.04755477413534537
0.4571970139278779 0.7421271302243138
0.45890397143762396 0.6419676404856512
0.451365320245371 0.6168120433519987
0.4734390564337523 0.4177866261699401
0.5324532734910845 0.9251607137328548
0.5461078642627823 0.3865125213539944
0.46962180033990575 0.6996347261161671
0.4659386138207926 0.24316139969566408
0.46954155790181384 0.20637271527977152
0.523116233449901 0.08714700657771013
0.5495270652775791 0.5919730704125393
0.49768037200177306 0.37270887194647484
0.45303892605235996 0.3814191729722707
0.46456347402863973 0.9009962064498411
0.4678318910917443 0.5484002819269597
0.5241792540167971 0.07509136805898708
0.5314358500087804 0.9265927705563681
0.4764386699390549 0.3906754640280302
0.4788140214032337 0.8753917943353741
0.5442590722648676 0.8445374616672183
0.4676378388401815 0.37173620796390694
0.47871076062892326 0.4375215571825356
0.5110114231272579 0.7333768794317573
0.5042320144797884 0.19349882958421394
0.5126724579905733 0.3760291726817119
0.5352228423092046 0.43927366969066806
0.5206887084401297 0.5762939933626179
0.5368808877310519 0.7997851752754498
0.5360732368471907 0.20099795546296118
0.5341101358414176 0.9391691159915568
0.5263156384456839 0.06146020349027159
0.48395767431709535 0.32589982487617264
0.49148392861819135 0.6847238434256007
0.47404750770012527 0.3796531312401682
0.46843240297131594 0.5376785412246473
0.487576009607939 0.8001212573750556
0.48160040076027544 0.11419975086807399
0.4582549318375677 0.4913096177831431
0.5101669261833247 0.7965615434083927
0.46264931277837906 0.21158550715443636
0.5216131195713851 0.4434755575085717
0.5246584734350279 0.9077198271899523
0.5345570951081265 0.8816788005112127
0.4799218183180196 0.2662476748986006
0.5044159247877268 0.08832130392431548
0.49107590417131897 0.26645398444827206
0.475279782642934 0.9766138828968572
0.5407378954207813 0.9190149643827935
0.46387723108935497 0.6410446155495921
0.507411575409959 0.7945064334910303
0.48798704253078773 0.7404245380712818
0.46958349056252935 0.7259635772931358
0.5478894524595868 0.30422152297852556
0.4705220284809324 0.8280318730600821
0.5256980038876714 0.7345333084961078
0.5198312291865421 0.8032173799357615
0.48413255226328966 0.14425231256898952
0.5142429442620735 0.17591493454577245
0.4762190437554924 0.7276254260275921
0.46546967175524423 0.5125219036782315
0.47560246484465774 0.9826972924142209
0.46268185174905574 0.868647387838071
0.48212580601956956 0.95095256857167
0.471973477239059 0.3196809306985948
0.49618178980714256 0.7571294140643995
0.4907360817516391 0.7182030946942859
0.5081897328443717 0.478793721561783
0.5448288612420187 0.7125488717791506
0.45688798956985643 0.025971973035416318
0.49231076614009184 0.07111455164965108
0.5335731067129325 0.9020145682280917
0.5292438176722996 0.9485965807425163
0.537524683904043 0.2653949264951453
0.5241848292510429 0.6718418846835396
0.5480644963583258 0.5008391055675393
0.5434723020979674 0.2850293176739651
0.4588997807674632 0.7010294131924386
0.4858470004200638 0.2019400000003262
0.46150597967776896 0.6293831963851023
0.5159789367468001 0.33319030805224426
0.5277039261343452 0.5463761979856441
0.4845096119827116 0.11629665117221266
0.48601061239152654 0.6660965860768797
0.4541640224113257 0.9283174664010503
0.48298966709580604 0.8541321549341552
0.46119500381292 0.10872558342850125
0.49476097319508205 0.46022331706285224
0.5238296494242877 0.2842954619347108
0.4974043719232516 0.33456907709039807
0.4616563153917491 0.7567369498149026
0.5316065598034341 0.8479552062476099
0.451847803673757 0.9976053768117884
0.5244181011532992 0.03319386817368397
0.46199264432898124 0.8295797815304037
0.45452613660038266 0.3573985036016525
0.4563915592695348 0.9603193555453388
0.46574544145751995 0.41956981527389237
0.4614299327554331 0.5602934881079611
0.5324128543908393 0.5717196320860778
0.47647214762010714 0.39502628030073317
0.46131329267092325 0.9830994292834052
0.4712872522270082 0.5814265990396644
0.48291549727443883 0.5164279900560022
0.5063544590362332 0.49390560881044254
0.4508743831094151 0.13993531340315757
0.5091981119321695 0.852471458074024
0.4634542996469714 0.9281543625500638
0.48092857949027135 0.02671837428533952
0.5482256016246599 0.8739200020063415
0.5266272068024658 0.332807686210702
0.46291568774132574 0.24261363896084187
0.5221690051787982 0.11223328591455572
0.46170014666507087 0.4705461819851411
0.4777696996002788 0.5954203228512979
0.49175850619096484 0.1024030233912292
0.461035805549147 0.7441409864316293
0.4751423232413321 0.15413697297545392
0.5470945764013877 0.4528248930935401
0.5072149655604148 0.15388404744486706
0.5470245555763718 0.7889637516604523
0.4624167474301133 0.9758340045718046
0.5074396251558614 0.5744251754889047
0.5089333778738677 0.18880875064971148
0.45295522256471743 0.7526021750944528
0.46033880295663665 0.08257094123628528
0.5244215234605427 0.6634060057810242
0.5230621582494234 0.32526191235255664
0.49978116564373654 0.2960575181405476
0.46179239892053603 0.17769705257061796
0.466258848082315 0.17563487012023826
0.46278037806493344 0.6789294402663553
0.46758438936992164 0.9581467379965715
0.4908805494402688 0.6757379240623402
0.531700485478802 0.11555852750221696
0.4597954675530854 0.29334667097205025
0.5061855238740387 0.9851310879174855
0.461042102952656 0.4573195462627865
0.5403309861973997 0.7020431757211288
0.5315546534875573 0.01588482812899983
0.48701656356500933 0.5390068416483018
0.514165485491337 0.8957947499968671
0.5121044271499121 0.09302542430382554
0.46531837831356604 0.7968380827043413
0.5480031204289888 0.18316307689168232
0.49859514046711517 0.13219051503058976
0.45304550519014675 0.33889102561899764
0.47476051716625056 0.7796263343147896
0.5490610963597269 0.8028949793042901
0.4676544989971656 0.562724883962045
0.45273684595261654 0.7872728915458244
0.4664387148483906 0.4702999268045147
0.49981079625510805 0.9166663208688521
0.5313723672784327 0.20372358145556368
0.514806375883597 0.9285598077797934
0.5228666352270294 0.40364079702718625
0.5112310549709044 0.48038243222967036
0.513086240614592 0.6025857493184301
0.4818633313602624 0.25939407024038585
0.5099743012922406 0.4556864619782761
0.5141435359682137 0.5019694040361966
0.5239087871427833 0.37695159946229795
0.496978194076216 0.8036898569714718
0.5421954354945161 0.1898196880832168
0.4896923336955037 0.36293164659617705
0.5267025172290112 0.32726281284375236
0.5463109775522428 0.8181492965777951
0.5432701944376666 0.7197115709250264
0.5406202969263167 0.6225248978683998
0.4966205899453655 0.026341506271331583
0.5269866720674048 0.778902053016617
0.48322608839997383 0.34367245949531444
0.5457596567444215 0.6552232519213635
0.4837818588423639 0.17245925948842133
0.5007819626371055 0.8594716956214994
0.4890831268375917 0.523851517187366
0.4853903367105764 0.08819030269267869
0.4861261943727775 0.7047357695845399
0.5136534113857738 0.6637400689637349
0.5082178358096938 0.41810705568224615
0.45977407752340416 0.7170783813763901
0.47502070373418404 0.2872405954993583
0.45750467158773167 0.09943384920002818
0.5329348492194539 0.9859309641688417
0.48191927845181237 0.062238114430124614
0.4841194007679105 0.28819648818401566
0.4763400051295761 0.9862328058244785
0.46129241788675 0.40923428539893125
0.4913869109460094 0.4020689674692868
0.5064403443379082 0.6904895406584824
0.48125174238437773 0.9492606985972138
0.4803334511685323 0.2683219626528077
0.5062122584530546 0.6214435337757397
0.4742105345558886 0.3350904863201597
0.5241579198014956 0.6460822488995397
0.501217971110129 0.825449582202753
0.5011306264360185 0.6274006580257987
0.4997637596570309 0.34269121554480686
0.538494809564887 0.7143132881834606
0.4744117447863291 0.10119881580835532
0.5044318048034194 0.2105704381412321
0.451332892389366 0.0388553831708518
0.5090483238525173 0.24412213789444825
0.46821421132753416 0.43812403091245566
0.5417207531548914 0.8506394874649236
0.5246084152305385 0.8843261021035621
0.4825052690239936 0.4406169706223535
0.4882123188218992 0.5629153093630056
0.540290413949071 0.3854043263191703
0.5387034140292198 0.3965761638214953
0.4848046588296846 0.18846409393026164
0.4580076219279956 0.5857712958084548
0.4652016572376163 0.8419897465557357
0.5194331558837169 0.7971114209835869
0.4932029301533326 0.10975328495425751
0.45286876764795203 0.41245766096595904
0.46508539633335877 0.45570669996865976
0.5298212928652037 0.7373710338311326
0.5457379083809655 0.5000360828457849
0.4857458898492324 0.7274468756886797
0.4726769584589241 0.20001992408780012
0.4796156656621552 0.382372024059078
0.48039229912143966 0.5007453428923496
0.50982671299894 0.17137218444537516
0.5462007523540174 0.40733138803245905
0.5217002118369083 0.5568755191172666
0.5406885241131856 0.2731302496393705
0.4978975050326505 0.42504879674338936
0.5064842798074012 0.3406036417458995
0.4901204623756067 0.42773621945358364
0.5157790285065774 0.8699983293471064
0.5318412888513226 0.740807393738312
0.457757668774851 0.6515396394406726
0.5347372199239898 0.9793839668114193
0.5456414843498179 0.13588482196340235
0.5265586142604902 0.4261445797172474
0.467913467699553 0.07578146606036451
0.4599137365392645 0.8590792241736799
0.5272214788384155 0.18470613567420346
0.5117174073820897 0.8580546394068952
0.4687118715124018 0.21362888408828118
0.45056777831020933 0.6538158716680812
0.48342172039665465 0.12721580913051356
0.5430646520248917 0.47558545558197485
0.5476315388810149 0.5502123954014608
0.4537987881103779 0.8491031168726748
0.511383036483222 0.04609733446749775
0.5337844823781123 0.9612980842758342
0.5137632737035212 0.20619072471948707
0.5454485842649536 0.5476536843932737
0.5483303431180195 0.13234470686260036
0.5374403435327798 0.33071974060065923
0.5438079445979591 0.47556214938706654
0.548295750310424 0.4140385390717233
0.46898519714335807 0.4204777260146665
0.5197003629861354 0.08659886323739818
0.5433281447949321 0.16750828265377715
0.4732956536945214 0.31043007314911886
0.5252206204320653 0.6825683267815833
0.4836011643924696 0.9170865857896068
0.5212759358913301 0.9794184149034536
0.52291592393554 0.052554321024210426
0.549338111994781 0.532378565601737
0.5135992001057955 0.9555383102669699
0.5077518745771051 0.035315338879988944
0.52988435795826 0.6081192616189189
0.5086755573670686 0.05507363089796424
0.5305525730856968 0.8040585342298565
0.5465848933668814 0.9721986802976562
0.5199854796694602 0.9192958703644717
0.5199700841140493 0.4594429210452943
0.4557816855227781 0.3893363756102153
0.4728684737482738 0.8017070517761185
0.5476345661688842 0.15469206806797908
0.5205450523334467 0.33141010558185313
0.4870957333934197 0.4069135145877101
0.47304982121473327 0.9427946237272411
0.5214032404609589 0.43869628653598636
0.4998010321216414 0.5971122849131479
0.5341946606730672 0.9732932155938039
0.5076242929940672 0.9538555212549882
0.47504718059064244 0.6518245253075078
0.4928719500727323 0.13201933347296335
0.5472048392700875 0.7382093831923817
0.4980139197649096 0.20510677050085968
0.5387456274273378 0.406662041170615
0.5423493729031312 0.20011630236783895
0.5082067146306855 0.07136136457763154
0.4611632977012332 0.476102036863135
0.5480928760516675 0.4292914115744274
0.5476941079388292 0.4795365757304235
0.46371778063393376 0.09898536210194564
0.48272766495360253 0.7416162042927912
0.5097312837335816 0.21764371583703057
0.5136402766838889 0.8319131056481631
0.533421378545775 0.3181577495354452
0.4909378374726264 0.5177074857794953
0.5376142228939969 0.07930726784458608
0.499948926755437 0.09269018902769166
0.4591316072454573 0.5632088184063075
0.47838694971955575 0.6597240619166385
0.46721105147351316 0.8599818730084374
0.48039934091269243 0.04531673751094689
0.4952392460563886 0.05521369557441791
0.4836664699577192 0.1550619224924542
0.4811913733369998 0.27396065470453634
0.4916635576342143 0.09847078301761902
0.49420478002079304 0.1376131369066269
0.5066427582877379 0.03944574670836132
0.5158727747963051 0.6542137665601551
0.5289903612475164 0.6899926674432223
0.5470201465112755 0.29011728715259455
0.4982184752059985 0.5262536805862755
0.47348140675945705 0.32834810998700914
0.5450592512843008 0.6297378383390353
0.4860051820124972 0.5080233064942594
0.4501019824805481 0.5547014280576861
0.47575798933647895 0.9033635782393798
0.5361939829784529 0.27099512411124704
0.5215489051020904 0.34891843512075815
0.488535884034495 0.22127558997515795
0.5291391909446006 0.7618244300470932
0.49343180607625703 0.7965499498513822
0.5168185226739976 0.38646088086699115
0.4564287181083879 0.3654105333638692
0.49244619371242226 0.32447838940788076
0.469206304717284 0.6690104429947952
0.5252100512635235 0.8797912694610017
0.5064937556886528 0.12274633859021422
0.5402259769193735 0.7959474625812663
0.5261642693887983 0.9698283449430195
0.4593903535171554 0.12933773190911202
0.5029362171368347 0.1925521801238973
0.5373126542900244 0.4735846793046985
0.4734368017766245 0.17746022940935902
0.5487284108966552 0.02188426138195354
0.48137759676212144 0.5102422385306319
0.5153421030160387 0.191315523127625
0.47015145448862194 0.38646250277391536
0.5456355057123565 0.2672606666014965
0.45689675301750243 0.8184666480815141
0.529538807354107 0.6636020973571778
0.5447908931789814 0.8209706187588152
0.4679412685317461 0.8226335981280799
0.4920619186111951 0.11552696288274111
0.4963260664783592 0.7206945431443177
0.49788710285252846 0.2450405291330875
0.48911841778266174 0.09865568223778298
0.47769512377938217 0.44949112573536354
0.47996703221539927 0.8095889331442839
0.5434851290592366 0.1754682478361208
0.48338306853256274 0.0191432623365535
0.5437533342866849 0.3780131582891868
0.5145291341225365 0.9747331877618485
0.4904375932921473 0.0930929222727791
0.5395152751888979 0.8388650279349189
0.493204663666979 0.22768475125400467
0.4890612903813534 0.29073458610358316
0.49385268170380725 0.02884762400066787
0.4782642505892023 0.1792704937259264
0.504520618074282 0.9804336330618545
0.5226598095074619 0.5992994845943524
0.5028571988775761 0.5024910990917631
0.452273151637259 0.9811986132904783
0.4530169748136832 0.03639169286774979
0.4694343923078359 0.25052846723025735
0.5024888762415451 0.4619115779361258
0.5479921248025159 0.5442235239998302
0.5202221775894011 0.4536838164955278
0.47435187377002863 0.8677794871553006
0.4536851508472989 0.011785998209654203
0.5413519361815393 0.8353839210101404
0.5337837477305148 0.8742437254146844
0.4669444878877056 0.13219962136489471
0.5451119223790746 0.2116335062916206
0.4595759135009202 0.7474936521250966
0.5139656704353048 0.9427957070328196
0.5289946061151813 0.1431982661581639
0.48771865079199106 0.943424392977413
0.4844414970547809 0.9578840465850739
0.4644764976471729 0.7729055709944007
0.46809613079895307 0.5934945483726622
0.47329027656753164 0.005111851818737079
0.5060478173428091 0.3956762398476955
0.49708550778349736 0.1277447912662828
0.534790228122981 0.4417678631417331
0.5400712557943997 0.2047396835175619
0.5480037866682609 0.6178280293856899
0.5450404195743608 0.38127336836563663
0.49107127611628054 0.6243233528281826
0.5107119934699028 0.8571333416690781
0.5447273653817207 0.13769684419484907
0.4981101647150854 0.9863917697677693
0.5099174736547425 0.9546782767583931
0.5322748651827918 0.6398944727603858
0.4531386718574518 0.21507272334827554
0.49080734797329406 0.09229598799406002
0.549629099317179 0.49138430199304217
0.4531277191259835 0.2210398968635101
0.45218903495786544 0.40584105352429245
0.4560208828778639 0.3000105789929799
0.5102698506771287 0.08654391090390934
0.5188359506930108 0.06528993278732809
0.49181844280422815 0.3325015629890279
0.47181662532961666 0.418165099062734
0.46342449160665466 0.03149430605705961
0.4645322789657147 0.1322313642441626
0.47693884784472906 0.9620980302251595
0.490830471989977 0.22036535097142462
0.4624540629952142 0.2903282462317821
0.477640491291745 0.5021916712545292
0.5106037225491377 0.9789260729412224
0.5138398039597948 0.5326682033073407
0.464299169743176 0.7264083862987784
0.46644709215148683 0.8716725852846497
0.5397044104099339 0.6077357312556602
0.5262159580168805 0.4035434418867234
0.5108250163312452 0.7641187965033434
0.4942698669583182 0.3736074479009519
0.5223931912892116 0.2659519831298185
0.48188470033576436 0.8239958400697395
0.47351788078528656 0.6409512787765681
0.5012408262042279 0.5468923243855713
0.5226288504624311 0.592591023737587
0.4643919094744875 0.3235670668402124
0.531766010467489 0.930931831184112
0.509430413857837 0.5222317884205666
0.5186237909014065 0.23067583923854273
0.4792012956368805 0.0010444314635261742
0.5475680421842919 0.6391132205743584
0.5031935341764886 0.9521890858454404
0.5001632163213509 0.706474797227562
0.5472145667793185 0.28148804462316857
0.452200304820657 0.5524916369118205
0.4668900275633684 0.06383270860552293
0.450804052428494 0.24569756521577168
0.5278993854214451 0.1223404954707269
0.517653698912348 0.3783312995687962
0.474480586305271 0.21019495350122985
0.49717459561472066 0.8568998855455586
0.5317282157497271 0.48698905883900034
0.5189623181973368 0.34738199888969856
0.4775790435191142 0.7541604731526429
0.5240256383377424 0.7089987250981417
0.4535278827472714 0.5305711418719631
0.5305537513576484 0.8107334482207513
0.530755140399061 0.6293106687472136
0.4821252523127273 0.4828546354014973
0.4813545588934064 0.7168719062773605
0.46647157413646456 0.4424745632066789
0.5454723823458639 0.21925744802616776
0.5096219315367694 0.42884788071573443
0.48034983512360874 0.6630180869404445
0.49558718654850287 0.4010230338693216
0.4782801809297631 0.513103467464083
0.4634563300170178 0.2810050220324536
0.49539198035929766 0.7799078435546831
0.5371598166333639 0.7192102223658544
0.48014562102660174 0.14561220724264157
0.4638588107779241 0.762579008633373
0.4951992683687958 0.15741981471004574
0.5079568609601983 0.0548036861261183
0.5276042464226343 0.6972938284851727
0.4615360557132301 0.44861331162329665
0.5362468348019204 0.12732046108230577
0.5462625616968102 0.4690461441210859
0.5145625038171634 0.9277758036744286
0.4864057517076189 0.6474020418481251
0.45240709383499333 0.40551894022977186
0.5437783931309128 0.7535392288039334
0.5048645243226283 0.8164661291377724
0.5356986693673048 0.009265706163471554
0.5305857695922321 0.19408824023608184
0.5201899737547745 0.9642611421588161
0.48163200924179317 0.6212143508812382
0.49763845694900977 0.33485531820321224
0.5000517119519388 0.7677636124877487
0.4737219794896903 0.19850771050020377
0.5272891850618296 0.8331582945288094
0.4785775008729741 0.21608320256521363
0.49510488548381837 0.9103669709803968
0.45223426126688526 0.13616604400612597
0.4805188354634854 0.7259695277761787
0.4976478469316362 0.3103430698050581
0.48309946952654115 0.07052617924938531
0.5098818087840409 0.9931427708006131
0.4630501167924336 0.2727988348419742
0.46197913009574765 0.8609999872478492
0.4916334804736072 0.24468344828976363
0.5395567329793785 0.29216433871281733
0.5309060167868396 0.45138074763665614
0.5392306336993125 0.5007697967174973
0.4710217516327422 0.44213108076758767
0.4800860808269658 0.9269665000762786
0.46845536348334205 0.8559253748022694
0.5053782841837118 0.467146431542245
0.4641804673820734 0.9812646553579704
0.5485508591242445 0.6290379121166787
0.5496386336396445 0.28201690126154966
0.46291781132120613 0.4028888412980153
0.5027656539493417 0.5842939951025088
0.5307184276227944 0.043451400849493615
0.5179626938641717 0.6263565973563029
0.5020322522331517 0.31736530711068667
0.4539268716259076 0.03943044298374054
0.4798413697887549 0.2133890051987486
0.5142133524920018 0.9788430360651922
0.5108057975739512 0.5263882890512096
0.5144942821878141 0.5909953972262489
0.48791190695007747 0.35504900845248244
0.4969343371073959 0.5099867899440245
0.5040285978621354 0.3553740273971434
0.48778122865240126 0.059800906821650845
0.5266776817970318 0.5009513484178106
0.5361713974719552 0.6856633778082304
0.47834147362545376 0.4318645034908043
0.46379018646631454 0.6222627906010227
0.5401079348410238 0.8430849093502573
0.5467525524982232 0.7067067986347567
0.49664645347155545 0.3326687369906365
0.5246587906141651 0.7243283239701884
0.5043525803220327 0.8425971368885979
0.4843085318798154 0.614784981527481
0.5452295327150171 0.576309569530067
0.5207658571401464 0.6657031769594525
0.5414414396993095 0.7156284408156944
0.49999205039419337 0.9010009369570744
0.47510564517191345 0.7380805826300542
0.5050621986444602 0.019153785915717703
0.4905612145509768 0.7070264613873463
0.5443747487182782 0.46278325528806374
0.5082240396875185 0.33342303107993354
0.4881163618382106 0.4326268624925871
0.5036678543647397 0.6875901828753219
0.5203011946057344 0.4279515821391243
0.4876702453318602 0.5295599337157152
0.48186672127319663 0.8359524482314417
0.5467958101652148 0.49405267593163904
0.5261337758592108 0.3235037643849681
0.5259331690963296 0.5190396034399559
0.5027360592663684 0.45923413356180487
0.4530090690397265 0.23607093890433406
0.4958809598147703 0.45176687419726624
0.4992213914946737 0.5885581804185688
0.4969078719041896 0.1403792883168845
0.5333830723720276 0.15047081319187883
0.524820697752823 0.24454252647290098
0.45070916597582933 0.025850233168653758
0.5375220183324231 0.24211879948416115
0.4620535893673635 0.03041160312757185
0.527039241884924 0.39112446317610017
0.5408953372295037 0.6055321472045054
0.5450979902311123 0.4951539433934964
0.514014973697676 0.45409060993237627
0.5397858274181684 0.054768998267851976
0.5480542882324823 0.5893541292210128
0.49175511025936325 0.3659192692815003
0.4694141900929337 0.892891194476232
0.48059450269740844 0.6356232018107713
0.5409382947051578 0.8527191813813434
0.539835011120014 0.3528072654381956
0.46272219699787076 0.3468976088327742
0.5466670364563355 0.4938869419944111
0.5494812975354104 0.6904684587039175
0.5178523924290597 0.21321780308164473
0.5465844744393047 0.21772126751605614
0.4970114313953765 0.6585941992183812
0.45755762232804453 0.8887210361746922
0.5307960134873088 0.6746190336088245
0.5218639742045307 0.43014594974206277
0.4745152775793624 0.33307312499075326
0.4676399826263884 0.35657241820520635
0.46328379471400294 0.8789993999067565
0.45809335293802067 0.7072301938201182
0.5274130967648758 0.1657250256654107
0.5322953923325467 0.17725435690256997
0.518248524159071 0.7015449782978953
0.5193813933541368 0.20466874163764037
0.5367671713459019 0.5845133849335208
0.5014271425599934 0.9985060088968124
0.48398353894686796 0.6365466376605062
0.5154778308481056 0.6270186120861934
0.5361535501303286 0.2007965487324409
0.5156189907564961 0.8375170304327064
0.45818514750310824 0.21403919299389773
0.4544715494852881 0.6285105126655522
0.4944240589093294 0.36440467786501485
0.5041345740479468 0.6647741177503028
0.4797464245347417 0.9096379911872194
0.5075397914907145 0.06909184377462652
0.5325087012703842 0.550625201314669
0.45059723130319884 0.498033415421553
0.4548428044836832 0.9719454352469741
0.5490666248048471 0.40480637293023247
0.5216433369807368 0.9752897418556692
0.45415528059771093 0.3242438036806846
0.455921715390351 0.6621968020065013
0.5311781871174795 0.04794475519260599
0.5172509731580706 0.8502216333301834
0.47327605830674935 0.7866474165633816
0.46306402198690866 0.32263783936067414
0.5443918755748798 0.8728039482942256
0.4909177439756961 0.7357029748343189
0.47861026328607126 0.2911295202654687
0.4890402064596707 0.21619485064591548
0.5071382644584242 0.3148825982591802
0.5263339878622836 0.6816524826191
0.5389848288669614 0.14662742613917212
0.45002491479701845 0.9333651241714916
0.5086817704852282 0.3123522436471212
0.4551747326785086 0.5561519502817497
0.46940316514384095 0.023011419387857668
0.5471907772023774 0.4403881306752274
0.5435851844411842 0.44982056806529636
0.5108100963941296 0.024873487559885388
0.5235302006605072 0.07667238563527656
0.46239701279199286 0.38405370173492603
0.49623537310797683 0.11808736311059076
0.5270354862894516 0.33032706495215247
0.5179864521060377 0.19277899000533982
0.528428150901778 0.9323491193944279
0.4550738951794725 0.24872666003029886
0.5194862589448533 0.2244765729630399
0.5462726387068946 0.6763276290469825
0.5214322587252503 0.19179708573479792
0.48951652968046133 0.5263285199462173
0.5122099215487281 0.832967960430089
0.45634261864585435 0.6977267254269925
0.47508792092288465 0.3017855135228166
0.5155626209559944 0.8708161032343015
0.5211597701463139 0.8556964124508654
0.4879211564333693 0.9892680835943908
0.487308977625867 0.5270862184546927
0.4771182821101366 0.8303336044646732
0.5136808640654007 0.44018417101997376
0.5207637515538901 0.9465215659162373
0.46912876472212517 0.7540895466911861
0.4873809375127268 0.16255729356727788
0.4582829373418573 0.6779060920057823
0.5278759297045793 0.7486861347358604
0.4767037697829324 0.7996398815771985
0.5143023443934491 0.5601156278413526
0.4699396198401339 0.9489328511060371
0.53691580640719 0.9145383456596315
0.4843866631458562 0.9509113247110516
0.5259199531909264 0.2704688329568612
0.4921682013331934 0.8990530233747517
0.48887225519585975 0.5218160053033771
0.5015080669730113 0.6741521496599385
0.4505069620399691 0.7853497644985356
0.5095806454359657 0.2644325579035671
0.537370671804375 0.6809538002202611
0.4688116342778651 0.2600031177564458
0.4817707255664152 0.9354612913766331
0.4642872865339456 0.8177646043016512
0.45605200898230913 0.6904985116272693
0.499379701216103 0.996953595844956
0.5062024978822975 0.6131105771989857
0.4822700421786804 0.9129487928856219
0.46958879656954 0.7101285642633811
0.49422618425305853 0.2659976195029491
0.4894485819755602 0.5173511690183539
0.454795910974066 0.4448543111972678
0.4607995866865431 0.8754663425965152
0.5183781600588694 0.4887527151444476
0.5495172324381518 0.3722084444578737
0.4705156172973076 0.020872030822469134
0.48453292371490764 0.39581688934005443
0.5058013893394497 0.5565541302563842
0.5344308167292161 0.0476884557787739
0.5312125014150341 0.3174956301523655
0.5147180940316868 0.14741757425334445
0.5030957856907232 0.20783849540342614
0.4682952082054588 0.7111888847260577
0.5192791396644095 0.476302450548326
0.4667032404094097 0.6907952341049071
0.54087845058001 0.4471502122542379
0.47262368338735183 0.787472215689376
0.4945287081262758 0.9489795334401825
0.5061174453310855 0.6428498025988434
0.5004367984269058 0.7285757000834173
0.49982304878256734 0.23711886753170486
0.4720796719999182 0.7800448020610714
0.5156815672698101 0.13892486767058865
0.5039280561926189 0.9680439624245104
0.4551364615608161 0.25129397939213105
0.4837335937495242 0.2702983480711899
0.4646829425834471 0.6086332630785267
0.5109883032539702 0.705032950547146
0.5410985769713548 0.595296039741753
0.5227153683272231 0.47967596184178163
0.5439633167918868 0.3935542090920804
0.5407404635033484 0.1649448104120238
0.5409277780648334 0.9134376102902111
0.5204665256417991 0.2183930933137127
0.5154768802805526 0.6797975423195555
0.4869244709117311 0.725596905539635
0.5351675711844439 0.820420017126136
0.4596376067339888 0.21625327455114296
0.5269343216786131 0.9032021683188869
0.5199243619195223 0.1772264520303104
0.45839250175229307 0.26728097935762674
0.5435630247562572 0.5485601298467492
0.4797987123965609 0.3176886155535097
0.5214334795290966 0.5148123844463404
0.5354323895731258 0.23692375924396003
0.5333690093376506 0.6756883890123845
0.45601904914776936 0.9313013535198672
0.45509111518579515 0.17674390581972876
0.4505032161111303 0.7860967484036853
0.5008908243770499 0.4739788018333998
0.4672485414169957 0.4832156453203237
0.531595961284252 0.7896085056465763
0.5221432935430547 0.3843791460979975
0.5144331005148504 0.8614669507012443
0.49904071652911064 0.207905833501691
0.46589244110099226 0.7992898960415346
0.46048803290261375 0.5642954387061967
0.5074365460803957 0.4684138286431989
0.4789382768218946 0.5628140595744948
0.5126625022176194 0.9261893151040355
0.5031883823679737 0.6531168160013902
0.5455724369674639 0.34356493443425296
0.5371671924440159 0.33028163039591407
0.4877428157822501 0.8328957842204916
0.5046635964130315 0.884238772533317
0.5094423339241964 0.7455710638153403
0.5134768740158844 0.16159245819517254
0.5149851508546753 0.024786718937901964
0.5011734406820529 0.2795487816550697
0.45132267290636574 0.5104797495693205
0.49879388587766005 0.9391106128306426
0.48769877651159 0.9969135548606972
0.4714829106278152 0.96349311160936
0.4737450931767955 0.39869996827466403
0.5351814629918168 0.34653332672415216
0.513153213216203 0.08649970830732578
0.5130126217971438 0.08362894935933873
0.515375659172466 4.25528674194986E-5
0.5456530659552478 0.9489158105695672
0.45861982052413497 0.38343561006903504
0.4548295012103075 0.49751925076808423
0.48823000449965437 0.6114003353315357
0.5045402060640316 0.3487505497246962
0.508841220213212 0.8133231020046731
0.4706280596904484 0.08784083410994925
0.5199882635993455 0.2272697531049589
0.48687389734208164 0.460310981186276
0.515253805439972 0.7463252285953696
0.47420586372229967 0.005073687689231443
0.5342325774678298 0.4813059829162525
0.4809907086317041 0.814179906837603
0.45019393679312925 0.6216805278909573
0.499523269920221 0.3079048172634411
0.4736490592511928 0.9236690860416912
0.5022553644428117 0.7774270811130208
0.5262890711952828 0.11670017986618064
0.5286262446821594 0.9504453705027476
0.4508168693892327 0.5762521051847613
0.45211898797046135 0.9983752127056987
0.4930617386462849 0.5265630113882357
0.526200679258593 0.5324965307769481
0.5328865793927523 0.09991540318743652
0.526703755028315 0.002483420307587636
0.5392960650266412 0.2612655792645412
0.517161855422435 0.7688388260500219
0.4892063170289681 0.5527433328347142
0.5369021083284039 0.06840144021118388
0.5460821124476697 0.4200163006843499
0.5259539626994229 0.19909904939678313
0.5036525924732368 0.4942503393223109
0.5041221510022933 0.09764692500683059
0.5143669590494051 0.39315182095942025
0.4878537890659249 0.20962825686517617
0.5237874308520112 0.6516524128479338
0.49014433195713814 0.8850788551449345
0.5449660991048858 0.7848432449151407
0.5494917820309237 0.282175975749828
0.45378462104049944 0.7017610731533874
0.5413117559279079 0.8441885903384283
0.5483330626664844 0.22256678304279243
0.48154871299580415 0.9748496115660974
0.4996797830351467 0.7298728432678212
0.5162945120714366 0.5278756924432737
0.4782843189046109 0.010621970991858909
0.5385092578931074 0.9288697435691766
0.465791137760348 0.05200170305872187
0.48448463936577635 0.7810960123550473
0.527868345951966 0.47160755617129213
0.5328201657370171 0.33467623782964895
0.48605345842331193 0.853004302507495
0.5276466462142828 0.5935898113365177
0.47760387970618323 0.6415759562053827
0.5383029429133172 0.34290539220780547
0.5209119257799174 0.8105642752992168
0.5374523681625943 0.8345049912349998
0.5209024048480293 0.18504256634022798
0.5302756594515121 0.7717838679482766
0.5201004151102151 0.42674025895176637
0.5496313260752977 0.7570153294410031
0.5191476137830714 0.8140467691234313
0.5378601312447171 0.4672215200737888
0.5261419392783542 0.08310995513783104
0.488938091131742 0.9032734779571997
0.4784956806882029 0.6190248540299044
0.524830571397301 0.007298181476310339
0.5036065996934523 0.7210337307581155
0.4697690004116507 0.7257915331018914
0.5333511478613264 0.22794489269509077
0.4683441992426288 0.36597591566045773
0.5303434473414436 0.9088869474533009
0.4537599825130373 0.18253665084802373
0.48711082321012633 0.3589337834719728
0.5098648295274083 0.43970995233058774
0.5178205331080562 0.5465351136369344
0.49067024405466797 0.919457514169449
0.4875060259212701 0.7793366441567579
0.5195774271979836 0.27236149774290375
0.5047508821784289 0.25462372077207507
0.5476536867270674 0.3859130921872278
0.5019326685560199 0.6302210064421048
0.46631740835507796 0.8637939017170128
0.5372524628564089 0.35744055935364416
0.5038610837670318 0.5344246335480242
0.47551996255590767 0.39443422499273695
0.49218728733222594 0.8029484288590073
0.5069668997416378 0.4709836592643538
0.5334149300666193 0.9832988232153342
0.5242408786636726 0.10718527503275088
0.4800348533436056 0.3415600274889323
0.48160316732343567 0.6693846575239931
0.5221378764743989 0.5552064418418856
0.4931227418473497 0.5640020484873699
0.5142489563991589 0.8583507690762252
0.5199019121798061 0.3709325033470794
0.5055895458199803 0.7384420008561843
0.5319143206107483 0.03229718992598962
0.5060893527821284 0.28078022546005477
0.4851921477187532 0.30138938508330504
0.5087582683495318 0.6775357805439107
0.45629404165057197 0.5473738095600134
0.468978357123764 0.001902342838674076
0.5434662742876746 0.6718078609509228
0.4554090886225398 0.09625262194479578
0.5349354385195082 0.2041497629147444
0.5256932419962387 0.23840592421770623
0.4959951025193142 0.9711770027483608
0.5356209930234086 0.1321878902396303
0.4520665020891853 0.9974614678965573
0.4540719863338516 0.993752626097231
0.5068193727096291 0.4946616797955161
0.4846170918149576 0.9467910525261752
0.49329706051813504 0.7480756059476915
0.5249727692793719 0.14012010344961923
0.47083598568339613 0.2724351218108829
0.46765452662472773 0.10192632465961293
0.5273657958375643 0.9113242546708095
0.5102777359047553 0.48765194182837235
0.5470487697687914 0.8692856211714582
0.4676240539536277 0.20440590540949855
0.5336777081320294 0.34402985271933895
0.545475086217364 0.5974797227202744
0.47683647108744354 0.3917826151507221
0.45097365873800244 0.48930465420775004
0.5262866186732408 0.5304689224906842
0.5151543731280254 0.7511202637812803
0.4889416028843705 0.6579992994273153
0.4735032321617162 0.7401071546989245
0.4545044157177276 0.6780620025853483
0.5383884703791584 0.12363505404156172
0.5255307770813821 0.33475359443364505
0.4565734125500349 0.21373636804846996
0.5292428968290243 0.8931016467457209
0.49536907717202294 0.009202120038329653
0.4522487080774048 0.3172898956145713
