2 1000
0.6437339803444713 0.5916485224523395
0.5692600165187353 0.10075107408996609
0.5962118551355594 0.14584230318547753
0.40059722555310395 0.5689443374024978
0.33813840999533207 0.2997227418703825
0.5626511840290715 0.27483754188946485
0.3548763426452479 0.07625380114243474
0.5350341313138033 0.05765015872936918
0.5255975830173449 0.05687939139473652
0.38444481176432554 0.7183622892403396
0.5610054985575144 0.21285334749687002
0.37054100429995185 0.17193357805001486
0.6114775366548717 0.21787345709362338
0.4267206125307679 0.3746648132838476
0.5453692326402263 0.9102265880907181
0.6266171114027832 0.7046379448818636
0.5119787635864976 0.22061824822682474
0.3849504119528715 0.8002567236932002
0.607102155699637 0.6614249440750055
0.34616508744333885 0.14821047425423461
0.3913188584768682 0.2027217341373685
0.3580765387188274 0.05064531773148173
0.5054675108563911 0.057957673866634085
0.6179700926338059 0.3913114092855915
0.5658957124148181 0.0733021289360215
0.5695982867811266 0.32730364064953565
0.41925048366928763 0.7638854711474984
0.5047742875435278 0.9044834383147556
0.40833077616341606 0.8313424173443645
0.6289143487903729 0.1015828080710044
0.37927442760495544 0.7262476034060061
0.5434251936612519 0.010016149150577691
0.5421559085270623 0.7926037859678011
0.3577919915563076 0.4523057377046745
0.4557801995085664 0.2812051369815729
0.5316794032145064 0.40816569081460585
0.42100414184616086 0.1659195932969253
0.5103311521787969 0.2811471398805502
0.5004134470685427 0.4096025371995772
0.588287647413891 0.5397777892360972
0.42546271517682355 0.1860445742775937
0.6544385354204527 0.8648608884596094
0.43691662625656447 0.4663953212531122
0.5590682774794495 0.7949554321815354
0.6647249587705136 0.4914855058916028
0.6056988916982706 0.8279649041495386
0.497548136590962 0.7983563275969228
0.49954367448208636 0.5792353125782224
0.391597532842617 0.10495371049983526
0.4828379759478091 0.4769844239073322
0.4981946775192797 0.12979755181635522
0.44391349819246295 0.12588697706057683
0.3894365760661401 0.25284803025721947
0.6213448780024713 0.7313743337235424
0.6395771353906825 0.9486526045970609
0.47883005991581196 0.3838887483473882
0.6069697828163024 0.3996848024528259
0.34066867442881177 0.5575686199714264
0.6027481241993436 0.614522822762291
0.40421004372820646 0.6113357897438337
0.4346827915044492 0.33682083296975496
0.6241657187182824 0.8517823412113992
0.4301680692524723 0.8942410866517188
0.33359623472894473 0.9599499528070733
0.6633163564658516 0.6890905446258014
0.6172733498047341 0.17448865035358985
0.3389606113622313 0.7773914176487723
0.633549597221256 0.8254776502964577
0.3519803105288897 0.9563423648107329
0.6530366592937815 0.6086699551274949
0.38899657179179514 0.23934020446607807
0.5981791257460405 0.20935840182670407
0.6330022101145233 0.3827623617214849
0.5890571389217629 0.5197354978350334
0.3357727640673105 0.9526975713864311
0.49464257181525406 0.3199048792332798
0.3860806308454914 0.7496769758263512
0.41435710020785455 0.04195257930412
0.6238564720657357 0.631209330815456
0.3351945028903044 0.6778087198088473
0.6243567135093637 0.6834600966097523
0.45628005460299836 0.09574259243102201
0.6194479622798426 0.42279498696961193
0.5472020697704538 0.6980002888190717
0.3809057915330628 0.01982402140751327
0.4866245917406844 0.7415592379222612
0.507977992543464 0.8580020866530845
0.6021090548062242 0.6533395639566969
0.5118299942503999 0.37494271009662516
0.47943578872827686 0.6334019631836597
0.49885327975933746 0.7844954956388579
0.45514136069248856 0.551852051056137
0.4968035578001503 0.06547621905002632
0.5667962395059184 0.6847103198670792
0.582010051082798 0.34083500119857646
0.42875175019942235 0.33330598355516927
0.4275683102223915 0.44626665179216096
0.4844617053258333 0.5518191701053349
0.496090152949898 0.2740921725176735
0.37644331888545435 0.24360532754176445
0.41636237392054354 0.4063288426331556
0.3883564589740012 0.6091646459713792
0.5339203564089149 0.4298417784577435
0.6352318343300729 0.09458803299984953
0.5027437740888391 0.09277268692647389
0.4523864426039853 0.155217635812668
0.6105900308960281 0.945974190500336
0.4451759027021257 0.04875697557341996
0.40780195813666575 0.790842464065275
0.43143645852596235 0.20490917672537423
0.4368069634203833 0.3405256793504505
0.48823430920365785 0.5015896105603423
0.5935924176914316 0.8052688791033876
0.5307487732016378 0.6421408014736503
0.5806138996540994 0.8197484667517009
0.515219813995181 0.6960753288613701
0.5471119816468781 0.9603706633680993
0.40421818567022516 0.10019781530057392
0.5182180034156311 0.39055295291837466
0.43160584900504995 0.28866954665581734
0.4855146374641107 0.5964029146064768
0.3673388829255243 0.41228477125327434
0.6196915987336894 0.7632628480051447
0.3471969007396897 0.06894255050593157
0.3625285484402785 0.565456724239516
0.5798889500185473 0.8783116023998937
0.5593808397660812 0.21588088969083052
0.6541926650229742 0.3603964273711949
0.4411375119355385 0.8085273813010435
0.49004533712658405 0.7374421809314936
0.564582499533652 0.9713081039979269
0.391560202365524 0.010594103865836257
0.6398634217718 0.9839886221365182
0.44617160185055393 0.6593848284091574
0.3672382262683248 0.14872715261615577
0.47878356528815647 0.9314098286087629
0.44573323970629863 0.6767047211861903
0.640211568273119 0.22716225333854323
0.4831701683208618 0.6385275696549497
0.4292864915773539 0.6783551429936376
0.6566646556633847 0.49867389755927327
0.6047688887578397 0.5895275320866161
0.5602699484143846 0.3969363545421012
0.44067861085871596 0.6046327805420258
0.6633251010533877 0.9494379371699218
0.37540441317698425 0.7911545728887952
0.5370197547143446 0.8004589740460927
0.6580080462465634 0.6034941114718687
0.46856458796352574 0.9981647722924506
0.3662022943600379 0.29377324107830693
0.4427528683489934 0.9538605839448718
0.5015912170491322 0.37270587555677714
0.6139468412194798 0.5501184201703391
0.5647865274398117 0.6371161402910801
0.5829397601601034 0.7352373271735149
0.3843119578045716 0.7341229457212958
0.5852938918167226 0.7716912540662243
0.53185039483298 0.765966429780814
0.42965908515562357 0.8415547725774756
0.401909030344736 0.6411274183156218
0.4991817121794673 0.09382600609170433
0.5480445121092519 0.8401344148130953
0.6161718324390882 0.9754359368531487
0.5496697041007965 0.8494229843171255
0.5883883567351603 0.36129847682105676
0.4036417479330754 0.9371890201905183
0.666263078957343 0.35895166226604036
0.6576990594517159 0.15851278804416324
0.34199506625192444 0.4772389204701868
0.3497088893500878 0.7772195079504314
0.40991080831892324 0.6859890131836908
0.46689241023413497 0.7754815103312035
0.624949625787163 0.4387430823259887
0.5654782736170324 0.23758998230564465
0.3612467996172166 0.16405532375077714
0.3380726967246779 0.2305684754188646
0.6459188484227908 0.16464651698134447
0.6475378512442059 0.18300244830903922
0.497948354248856 0.7622394949786409
0.5780117731260345 0.09117383649810562
0.4210423200797153 0.8897834400472125
0.5303940257402485 0.6745352164219899
0.3440712122957976 0.005746996040170149
0.5840570464336192 0.6278275242113601
0.39719846126309466 0.8266433242646685
0.4856057541896719 0.08339680234116886
0.6310082528716172 0.7873569284853753
0.47108815633433 0.9900896812332115
0.5743597151645861 0.6337061167472732
0.5221086112440967 0.9237397410302999
0.41898214392630784 0.8778575446128254
0.6025744920676167 0.8709245149313966
0.5030469260921732 0.8369619289323785
0.4122626350183072 0.19126788759102875
0.41216329784474126 0.4404593111258651
0.6555955354461164 0.0522131400647442
0.5608531382490839 0.42964431444624984
0.3738912058268369 0.6590129957768417
0.5830726420952745 0.7221591424549922
0.42008430048904877 0.8860730429526414
0.6430949297177759 0.7061348304975544
0.5491905682221164 0.3217203612060858
0.5034268188713571 0.13870072217492302
0.5831632257299078 0.09622013696291731
0.45299887221868385 0.453282866151828
0.5027317249152533 0.046979680176153504
0.45864906036569764 0.8932444938295931
0.4835318780880452 0.08526681982939888
0.534664704844136 0.7150415155886025
0.5293696601681057 0.1848963063980965
0.5539994920664796 0.9750176122409213
0.4026760995761345 0.8133504111146729
0.5591199317194623 0.8566534375838406
0.4859118370759954 0.7918834743603558
0.4973471182530672 0.5908415493507592
0.5989983475487372 0.9923945916623637
0.34292938149226215 0.30738659813822367
0.39657781886478893 0.08803091566234789
0.41351972911472235 0.18737317591779856
0.4010362664740814 0.5727621796927499
0.6582870576986808 0.32926949746238143
0.5969735526889683 0.4122528542132119
0.45852288717636114 0.8188848658477172
0.4835409725700093 0.941490969236594
0.4649184221617372 0.5406842836188491
0.44172214101022944 0.6325179828332406
0.481842485538561 0.588390593943988
0.5027890678286484 0.8836225063905884
0.4138086526813862 0.4069247138156675
0.46079097592480756 0.8982017510724235
0.6303570659979966 0.7275629244447392
0.5878778139348882 0.15868450691563896
0.3724677625225863 0.9332559115987827
0.6235947056539004 0.17918736259168178
0.6544178524892503 0.09254620093797084
0.6357321124390801 0.3741639893905717
0.4892267592871393 0.6360624024880698
0.5199706593296257 0.9653992022213898
0.5218443685174934 0.453685120453566
0.503814129270002 0.3878192865363548
0.41991354247580825 0.6637853952710197
0.4034939118687072 0.08231741804282511
0.40392352666197284 0.09651123059011357
0.39324510291639037 0.5630712414841289
0.5256548087077051 0.2112817861003391
0.569005264261835 0.05632704557004553
0.4103353435555188 0.7345085096067188
0.3602027944780706 0.8419065059333718
0.5132279261180062 0.6270383705461524
0.5292736478308642 0.19464014005410624
0.44024495839706235 0.7808628452092815
0.3934412273614012 0.6278573840848393
0.47289174966865877 0.6573030060106544
0.6218519832681376 0.5162298686993135
0.3376594201178692 0.6985649336164117
0.5180863615746147 0.880945946935449
0.39182076229458884 0.19579286558564657
0.3926320409409215 0.2827162649398588
0.3672420788297309 0.1337107394543251
0.6080433126943741 0.23152827455759328
0.5819032323845335 0.8176774072996151
0.5072994712620934 0.8049219041872249
0.5059265903038277 0.3891925843231615
0.4749432441862954 0.11550257314030754
0.3731285469419111 0.4311270280964977
0.6587137271307945 0.04087355858567099
0.5059304664137155 0.5509551590619393
0.34219312004496394 0.702980124558263
0.588787352817597 0.9272747880662618
0.37357168669830365 0.5837854036336116
0.5981600539738073 0.2632186805330027
0.6073782633901627 0.6596840637956989
0.5611437593820515 0.011559002635033955
0.5419771424554438 0.2168998792222968
0.5949679080001926 0.2929160541761766
0.4839428026502445 0.9420592246179782
0.5415724910327154 0.3195246098715646
0.6118816532374698 0.6139879665028919
0.4916184719829322 0.10094897633334687
0.5299053681169709 0.12223257021942502
0.5622805337883656 0.6173676490326926
0.35747818600049197 0.9249847654705501
0.38354990395024613 0.22735532719411367
0.33554157904671 0.9476776846775498
0.39889738790622964 0.9157551598702719
0.6581748844085396 0.7342581325398347
0.4551180229240197 0.7194331810645126
0.5731056773334838 0.28224201410578886
0.39362600499565303 0.5275688042218535
0.40358229443021953 0.3603516117847033
0.419591485504453 0.968583760490476
0.5007557094081659 0.6048206245512177
0.6337400199716989 0.9385972746343686
0.36357329358065626 0.63750889463936
0.3885097076862969 0.3920519966552475
0.596354115631914 0.5783294953010163
0.5371180836923314 0.6584502880368044
0.3382410435636839 0.7241016858453714
0.6235006508006796 0.3327334254615103
0.6132978847182974 0.5393904008614784
0.5889164391251037 0.5204974748590895
0.3862473902806346 0.4119475331890522
0.6326181481328037 0.31200489335593984
0.447431942487863 0.5050066943873525
0.4213630605159505 0.6412997971627649
0.4019839009170403 0.1274654575974702
0.5872496404327935 0.646638040139342
0.5874443316804447 0.024090175313120077
0.3697833769779919 0.8344394178514043
0.4827862460791148 0.30286694666666814
0.5823620689925351 0.25307784632730057
0.5618117697198629 0.5481340255961366
0.34389784451482786 0.6268612742205268
0.6363009156970904 0.38772446774266
0.39939014964702135 0.6415244899684317
0.5686400204492801 0.3911962369821146
0.5112379817409789 0.766679891147352
0.6641037743016066 0.47244016730605976
0.6153213837347519 0.8681746189187979
0.6433807545987552 0.9564478492870957
0.6428349904645835 0.22905344769972835
0.6316760796537451 0.8862095068402057
0.4812831309479423 0.004494875105442553
0.6570084371894138 0.510609891851556
0.42689413659245135 0.8757855291546925
0.520109221872044 0.33525287568192674
0.5127828056503467 0.586941990974014
0.5315167851677894 0.25571111856322215
0.3976350578967305 0.9887097753285045
0.3831486639738213 0.6343238361819239
0.5686807927207318 0.7495089676637157
0.6254005437255107 0.3458101330511122
0.37291696116975026 0.9947118215773663
0.4445485674613271 0.6861262602572674
0.43084090249024587 0.7870783025943363
0.5765221999233523 0.0037195710924186054
0.4953611412980019 0.3517855900180191
0.49531187494792195 0.4658321160668093
0.36349284354064815 0.933841978459504
0.5664549211865969 0.07296307899923216
0.590612045938672 0.10047289182639929
0.583843412749136 0.5264101277266576
0.40973518206495907 0.797755007982207
0.5348435706214902 0.6540601790205561
0.4930062753470654 0.08844329102712278
0.602024711383883 0.3794700291794023
0.5637179908549201 0.62047034886802
0.6461970164673241 0.5298970484263114
0.6139818277960598 0.3156816985558536
0.3560580846471928 0.24977555633897452
0.6283653385258763 0.9612653767121456
0.4154461222067124 0.4380073485405992
0.3400122938723127 0.8736892863508537
0.656753720573669 0.7839433744749764
0.6240148142100135 0.12765409921448212
0.5091033994933902 0.7981412677221383
0.5236028417524623 0.7522644357123393
0.34299263359525156 0.9802434402612541
0.4070124412755164 0.5530639615569081
0.47576971160896586 0.18359895179316554
0.35926373858658 0.2616966725888531
0.4290835544585614 0.33936865395869464
0.6438894887898029 0.8933072197706984
0.5059793043113163 0.1894669505140475
0.3855330637202721 0.48290559542567
0.402539497081705 0.5432940861603112
0.4223084492540895 0.27284455482028025
0.611267734954586 0.5754715280277239
0.35031610243260913 0.13185497218985254
0.622716780127108 0.3455077725415099
0.6083260765345831 0.24380981147994063
0.42634648419356735 0.8650725341225535
0.4475731251885118 0.6010964330917813
0.3677335229207057 0.20783887596137973
0.5866763332290091 0.11373649825670962
0.3824437819894769 0.7119411927965243
0.4411661071927683 0.7320472573855713
0.5261357610234458 0.4751514282164493
0.5440182623229445 0.8779821452338472
0.6445950247709443 0.26053443385134734
0.5405193259710799 0.8171296826234329
0.34286029257417316 0.8837722907524795
0.378121784022024 0.14048699940760123
0.5887440521449872 0.3851051363207093
0.35452616746584875 0.3027889014274946
0.569592132797202 0.5300369011105052
0.6411297787977119 0.6972058909737274
0.35973404371941897 0.8458948358478228
0.4355960289851055 0.9040665014423219
0.5881233374486197 0.1673820637999348
0.47889252171701746 0.3493326957266012
0.4637820607117249 0.7861746128572198
0.41714966017892285 0.7863259542808676
0.3747551795845965 0.19264518831239352
0.5502457243554465 0.9419145302895461
0.3599733590315414 0.2795497307089072
0.3646751116587442 0.9422422595466037
0.4235855978986002 0.3300005060591906
0.6478005815115159 0.9395577332263193
0.44957006095066554 0.6361081316884404
0.6557502522975709 0.7181880870876318
0.5035958752852747 0.6038799015813793
0.4462148072332991 0.11722439732074619
0.6021661788854292 0.09381618349740728
0.42787577982922187 0.4208954824007116
0.34432553158111445 0.13066657402972115
0.4730032072515844 0.919897650145071
0.64918431615745 0.049047832197678165
0.5040194874326612 0.5456715841297239
0.4333402995424749 0.0990607226834288
0.3644862505740657 0.9135782725381271
0.35172993969987 0.521673892844594
0.6286924642520605 0.21755672170055973
0.3882060704500252 0.3992177087709853
0.543367932832303 0.8749814628506051
0.6389362968497663 0.7721805209496713
0.4947226412223339 0.04042922055333764
0.5206610302053218 0.9483833538404943
0.41300713156446023 0.6821346901489062
0.4232832140196159 0.42678685662320714
0.4294454816142884 0.7968304776710944
0.3632529967277781 0.7218321346071577
0.33927825228157826 0.13208658668613082
0.5190974840276045 0.4287377024786082
0.3698516691491277 0.655322353808211
0.6262217268884489 0.48194785513300653
0.43411805029748796 0.38232162930637414
0.4911562352429787 0.8684000391914954
0.48107371774858076 0.6497954749710461
0.4805448813988381 0.2414001908515353
0.45475001726963427 0.09048140525431458
0.5988838144795894 0.49253370669761276
0.4708478981697335 0.00936467450875933
0.6486685709349242 0.49649534557665087
0.41721882572896374 0.24912393230684737
0.3916513894192437 0.26209878669322095
0.503613101231443 0.22837031727861234
0.34205599865323943 0.14231965107147937
0.602749035605493 0.616205650866493
0.5018287120197986 0.5852001581646867
0.5014506902325762 0.3671228972836572
0.48229403432410034 0.9842302546299512
0.34345843303789925 0.2547813382496734
0.6600794315184643 0.6093931533978454
0.5501592245783287 0.3191311948787814
0.6329365075699421 0.4888818894599506
0.5318216769179863 0.4008543790592657
0.4175261620585814 0.0955070134623266
0.5680789096790964 0.9507704224139786
0.41560136402273895 0.19521438149793324
0.5117968796649291 0.6879187922572677
0.5380954732682954 0.5352639074180578
0.5208400023258757 0.35653026846175495
0.478448082529356 0.09271997129641485
0.36378650338559204 0.5472400211487742
0.4127474162344812 0.4222888626808091
0.6393558738899127 0.3933032654569326
0.6172410615927584 0.009692628718121044
0.5825653331366389 0.04284754512555922
0.4764296403163075 0.7698699284842668
0.439893071492919 0.37547977959926915
0.6073113198278873 0.7070027183948216
0.5854892030129932 0.8184792718455053
0.6085726757702484 0.3204341294509636
0.5511833570416772 0.601624236225247
0.49350482267301876 0.6140167311757209
0.5079278311347774 0.4380662171667363
0.4059911866812991 0.7607162407792013
0.4718854913836865 0.645525823836091
0.6614302930420097 0.0826065171260214
0.4274459901630798 0.36004040924585445
0.5276210095407939 0.7826266727817296
0.6528576321093138 0.2592490667658479
0.5734991698688366 0.8003827146535315
0.4231536758309996 0.026760466580992737
0.6070599490114628 0.4502688494746958
0.356051805595069 0.5716190626794794
0.6390303563882828 0.1616787802611226
0.4098551805920716 0.1891753604087869
0.6437389451521883 0.8207064803375919
0.390457662524785 0.4749131880550065
0.5421860501340935 0.7728977083421728
0.5488379611136267 0.21963075449363478
0.4244646005760867 0.8445616781953476
0.38454722070971514 0.6125002110241895
0.41397529395044896 0.7277618979188663
0.5837932861751483 0.4687340203469861
0.45654511322063573 0.25289350208639827
0.40934377561315427 0.24659786841163356
0.4190690031886942 0.35039237830825787
0.6099307137106523 0.18137754187329547
0.33358004142702624 0.8708650326920335
0.5320741585058201 0.4130711395232294
0.3633471992708861 0.5054287504855722
0.3741600323481131 0.4119884929639329
0.5423580937034082 0.5022832795826738
0.4392384853694007 0.14968924800065575
0.4237230189029719 0.9164492205119775
0.5557743561011855 0.004636032282120173
0.4029849698247485 0.5591302578393424
0.37878495704518045 0.978352076901199
0.6528728861130046 0.2492506413283605
0.5470461275519377 0.2165408930411281
0.37604339068595116 0.4158548996930008
0.5177143074074644 0.011287777925391373
0.6356348732284388 0.3813015493304246
0.517066653592026 0.22813128765686785
0.41342906941669155 0.6369107184820829
0.5810906012752425 0.18223645181681192
0.4647039392683613 0.9142930647463863
0.4291659093118537 0.6618463308074466
0.5501302151906655 0.9806427388301792
0.636160835926148 0.6492322221036612
0.39485369898622713 0.6830603965131727
0.36767679596046376 0.6233663618476931
0.35239780973150725 0.0013798998009725283
0.6281396056467377 0.18317561933793192
0.563045427331534 0.9963394496187455
0.5577237107621136 0.9546962618479945
0.6156726624676213 0.6184699428739762
0.3861589052742037 0.18967094842740684
0.5205689694589788 0.8951614656881242
0.6268440022534434 0.43900359358622987
0.5163238441880587 0.1630476401004416
0.5999274985996541 0.4149145341532199
0.506486869166413 0.17658067313742687
0.37080056562863994 0.9819839616319279
0.3707560735452935 0.939604999520624
0.339144106734106 0.4216724363293918
0.4842194559699339 0.41369814659371296
0.5721377737141494 0.9652318592250011
0.5478059928910882 0.47321784602043715
0.5437150993463177 0.45034415471604483
0.40088543431479684 0.555477475389887
0.5310388557325554 0.6994047954809154
0.5719209980890301 0.4224748159636783
0.5408105318266055 0.5128420195618743
0.604296335823887 0.13688996931369946
0.4729158815030585 0.3347411367223916
0.5217290343045224 0.9806701372981348
0.40597169026577185 0.49350730918964836
0.602571923943348 0.602169903753215
0.6464497223442859 0.7874116182411373
0.5764480074778365 0.7284925750126066
0.3567208422844055 0.5537289727800117
0.4068655801015948 0.35066737752840393
0.48924540680650286 0.748314118196053
0.4563162277092194 0.2153486608560644
0.3773522622028067 0.36401213547384204
0.39299706343579766 0.47187102032513784
0.4398091614800578 0.67300239252918
0.4325669176843957 0.7442793584419863
0.45924285958355904 0.09565861442246659
0.3860242421652045 0.5464360638680485
0.40088583264766153 0.47223875142441474
0.3992744439414274 0.981574207140866
0.6666580331246286 0.38498796994234574
0.42905954695867066 0.0581513320826168
0.40601674365531026 0.3266336180535885
0.6316285266383903 0.09793845062623807
0.5455121316832696 0.24288877505662698
0.5007412601030213 0.7728045591163888
0.4339658636535423 0.06254445571291734
0.6415325160916414 0.7275138547911787
0.612904989175248 0.6916193525930253
0.47808167852451655 0.6183508855892197
0.6406149173388943 0.23848829730043075
0.5475777919669322 0.24496366040518103
0.5196688482499419 0.0857552096248897
0.5304738304047966 0.24059146114158092
0.440368445354666 0.864619359624277
0.4758365167720664 0.2537374816697958
0.41849959022175487 0.6580313702768429
0.37066655195545173 0.7242827176129099
0.6659856439638904 0.1487249175495241
0.5213647335352972 0.44377479964318134
0.4350598365915572 0.9876453691056408
0.650743996481096 0.5093394901725747
0.6078835538675706 0.22738961782698863
0.5461057122428528 0.1212879776026885
0.6462116848268491 0.3503521092678681
0.4328841550442396 0.7676249753512918
0.5893461308831244 0.7961111460956516
0.600053114990132 0.5656852377541117
0.4100457409981708 0.1587392212180203
0.4100674238225761 0.9977882133147801
0.5718802286754637 0.04877298571777544
0.6253941646606319 0.1817489070383339
0.5255423119555395 0.061987711787236166
0.48056670969139137 0.4315232054310122
0.5002938431094814 0.4933313135760119
0.4527343130722561 0.008045063418149145
0.4022056673765739 0.6913074780595228
0.5800380358943361 0.08417928224832905
0.6283909341570136 0.7122037135826566
0.5110748693873313 0.8997515198378677
0.35701040914904725 0.30701111333309117
0.3464273964511544 0.3101967068504242
0.43902920770161447 0.4485772290222282
0.5459831011456147 0.02296780384177166
0.3568137830947399 0.5245382050916682
0.44778014109784703 0.37511105744300166
0.6294368146030229 0.8262044096658235
0.44674348037620804 0.2118377437536687
0.6624087317308841 0.7286452152819708
0.6553835312249615 0.24091790600604512
0.6026743021750907 0.9944159864001152
0.5027379682816074 0.3447981455220889
0.5663890833973814 0.15798216261027576
0.48931286309446775 0.5948189201688678
0.5605340662234897 0.9060022611414483
0.4573762474654237 0.5189070213007605
0.38485903673079824 0.23639944275928904
0.5060243793350588 0.08361266496412745
0.3900846953022803 0.690815868595637
0.5261480812106744 0.04332816066249934
0.4487792296898019 0.868773974700428
0.6452240522896705 0.3309337621250745
0.6492635028049886 0.4276481963546963
0.4720157981743527 0.8896287683730151
0.5154742182603729 0.28205601463085705
0.392233782276453 0.9405778026884091
0.47457052191142546 0.21498531744920713
0.5713661808282307 0.09938264042629308
0.5674859502176058 0.16004715463847008
0.3481090044413644 0.038517972127559696
0.3508374488749685 0.01126068031785632
0.6178056615323357 0.19723035860210936
0.4082329450359561 0.11234067831330297
0.6042953753572817 0.007607255019032921
0.585497267459831 0.42705670072843427
0.636723410265168 0.4844707136337172
0.46505083495125843 0.603821715782946
0.42793177430777674 0.8897305771128566
0.35511318684985527 0.22569656779398728
0.3726868069401862 0.8535132946042029
0.42404235729618256 0.38525678478815184
0.48149453927807906 0.3303017337697606
0.3670650270918512 0.8049776590053538
0.6566068464749222 0.10415065114511812
0.599855350820891 0.8920259592440476
0.5029035477720697 0.17239150369704015
0.4400569864641194 0.839032128345252
0.3908430861848794 0.018438332368165833
0.6226017512678282 0.8411789271433868
0.4447006222605441 0.2746721308396688
0.5245573984395997 0.11533686594270709
0.41803403393586425 0.36125037982369435
0.5651610598341408 0.6471678539694237
0.36849590598362136 0.21099435323076732
0.6587470550506388 0.9101141482953041
0.4980975710937091 0.06826919814092636
0.519534465872075 0.7948719872332841
0.4208090674750954 0.388910880338613
0.40851846907526945 0.5025248740385142
0.475642874205345 0.11080235074786349
0.5724774771351094 0.9690786542249786
0.43798192142038606 0.9923314402141237
0.34229954064409995 0.27031323021761167
0.5679332242462471 0.3454627476343415
0.47904402577296357 0.8449435679240298
0.6531774329682812 0.9327710034920703
0.6374311113557974 0.6264805454575235
0.3392562901130801 0.5173114716520746
0.5886684586239987 0.6995687156323068
0.3472402797859264 0.5625449799307837
0.6576271580391815 0.3373577260313495
0.49900426313162105 0.03368380745982269
0.5326093928401892 0.997229073264012
0.4564224475582206 0.35307584506125267
0.37148450980650094 0.7024138615282126
0.6055549240601464 0.5062644686340458
0.36206169611289263 0.04891467067810973
0.5402693950938341 0.8469964787087624
0.6135057846512408 0.994116198988021
0.33580757688156593 0.580223011629918
0.5206584921674269 0.5317769386960031
0.5887691300696613 0.860349143604349
0.38280597202763356 0.04791368284720432
0.6541618245735319 0.8268800097184943
0.5733379515137336 0.06951773386768612
0.5038823758486523 0.005692641802869325
0.5644878779745357 0.8197846655733144
0.3825303433202356 0.9773259607281879
0.6338190404904962 0.016039490720050176
0.5179663480885162 0.20876911775082652
0.5395028094491873 0.46370703529195967
0.6469580117567759 0.11790248567124018
0.42593841344611316 0.2916091802197932
0.46591566548301133 0.7032549498953329
0.42850150429629186 0.698696966445249
0.5600926025842304 0.41028300215270463
0.45039429695421884 0.528069963745592
0.6123457376453596 0.9339348189478863
0.5428887627244329 0.907655396465772
0.48128009301749675 0.6270007410025296
0.40067855075923187 0.9307448633155166
0.4715380625712471 0.051535418055530635
0.5368040229931491 0.6102973969711246
0.59050829595029 0.5314011562985587
0.5995978657081013 0.1763022912271921
0.6076251836700666 0.8856965725517262
0.5893966405489526 0.9983114047423736
0.5883715768137713 0.870931496051129
0.5372100850854586 0.1595471552519715
0.582358739846039 0.05274303076406861
0.48378243418463307 0.4544010292200492
0.6212907423804769 0.6845447109465927
0.38674480640701747 0.8011215122696942
0.46414496493679647 0.6644174888363695
0.6602576184638848 0.45188162975243085
0.4087687769802044 0.07485919888730663
0.49192191663764684 0.645439808632502
0.3616762595498889 0.2952528445256487
0.4891474743649439 0.6589866380903894
0.47028458641198956 0.9275562371718057
0.40466642492383564 0.9740736968364799
0.6310119296952509 0.6610785447690003
0.5648765034593086 0.050436801123957875
0.52585725364444 0.7694507030953361
0.5804678180288816 0.10103483622332943
0.3951003794500476 0.9893118435483045
0.34853180024770547 0.018195302098835908
0.5663578034935273 0.8107449293214137
0.6433146646954528 0.1355674997294397
0.45136675955356065 0.5493909397131014
0.5136617648000794 0.7184505257811815
0.6373330186059092 0.08441144894577368
0.6517137473689725 0.07524538321140617
0.5657278819438534 0.8033362812559262
0.3862322734271666 0.42034327538276817
0.33744945373295243 0.5166255713156958
0.4430428121174663 0.984096328655412
0.5881997948970855 0.6576543919033064
0.3525871449654032 0.8065717634556584
0.6644571990687397 0.27867369763897454
0.5716119170606511 0.7620924164124883
0.34842814113655607 0.4178879750647463
0.5526789053074903 0.05475861418827066
0.5857675828943438 0.281926169849794
0.46625977708108735 0.2548789063409511
0.5038623356002917 0.9999122762800218
0.5770470391854472 0.33228329336157814
0.4055644505755762 0.9993767422705647
0.656634743402825 0.9164256179453907
0.4422021093893197 0.3546016029502336
0.3842457418792007 0.08511956883508842
0.46530583817080895 0.9318550862328445
0.3741183232878089 0.30142501035862523
0.4781421043867935 0.0708084493470823
0.3522130182525979 0.5242541063836418
0.36417153783265266 0.043194072038904796
0.45001590161935 0.9825907410071024
0.5400087111380842 0.17564551199381262
0.6080398232907297 0.15159693077564718
0.49726266117745843 0.1770118557131407
0.5646493570995833 0.8396676514312522
0.49028858464617453 0.025954336972427994
0.34933312345681544 0.6848627912578062
0.3766378348873938 0.8717768209757492
0.5104207249579497 0.6871973599502521
0.36092558064127045 0.8170207753218471
0.3503205650466832 0.28405893479813915
0.4936337102646655 0.8780789040042932
0.5747605336920697 0.9290907956727135
0.5478295784635598 0.5635092934377864
0.5912407123698804 0.8822464780146692
0.40569691696511334 0.16766038220274826
0.496502181592532 0.9258158601012876
0.38195297625761104 0.8283089515710005
0.47226132072896676 0.0648900212127802
0.3696813457477435 0.5490125622167636
0.5024681694856807 0.7589890427262593
0.4048155986632195 0.41697692430446087
0.5454473838246521 0.5189329845905241
0.4986323898948509 0.7994860613141922
0.3516272160531754 0.04594070822838425
0.3687947595083907 0.6063073682101954
0.390522003119096 0.5479587047130479
0.6004901854022096 0.21616154267781074
0.4304315815206464 0.24798967321913934
0.3614974410737932 0.638303374085257
0.525526325782932 0.20731591908907776
0.6457313097062831 0.7338641232613643
0.6336962872639913 0.9743477361274855
0.3394564782650402 0.345214874666698
0.40295535274417793 0.8726608033159121
0.6289694847348823 0.2148900457843026
0.38469685320770164 0.7184887658237841
0.6640346513573243 0.3188276772730161
0.6126892571366049 0.9927417489640451
0.6298423251537475 0.02341768664645849
0.3732056758024973 0.6300269885521551
0.4385097176643752 0.5843024441929354
0.3805849627457235 0.5002460972040033
0.5241011273280399 0.051762299652524435
0.3854089154005902 0.2811093698743231
0.5686770710858013 0.8274827436766004
0.5848209451174515 0.015342671183037893
0.5195035578245026 0.7241445674149521
0.522173777449706 0.4621033957341685
0.5360368216126363 0.33812142532847267
0.5507015422779066 0.2877112376883101
0.598788618845721 0.26489661746985493
0.37206207166246585 0.5986780297726106
0.5707030738022499 0.33282782815831113
0.6172965455789834 0.970524894058272
0.3388697384960283 0.11843162685064135
0.6472981225768979 0.7935455991437267
0.4027100170578414 0.201004104094472
0.5979109582308538 0.3770186443262976
0.6323663032740023 0.839854009225564
0.3974819783670266 0.47548703104041723
0.412443900707256 0.59946521759204
0.3393967911437753 0.19578496912277454
0.468615666139804 0.7715695009303873
0.36630825749614904 0.5784438324108553
0.4109230615733309 0.102021541252175
0.36647137656557516 0.526551245067211
0.5894800794337685 0.6238936139361797
0.3702843039539996 0.61029632120597
0.6186927027648013 0.8546652416015184
0.5357664454706549 0.3556060026729081
0.5543928778392133 0.7060839311877202
0.4486001018169472 0.5965892857905702
0.5458081324683395 0.6437384713077913
0.4393647531994259 0.8400261072132698
0.5387192485193883 0.059651773546429365
0.5460297376850735 0.9370236030678553
0.4988211661254358 0.9423067270968464
0.3758651000134935 0.6095516387579045
0.4950110436305235 0.8638252559894539
0.5702853889455167 0.5092968233144195
0.567560323910484 0.9723144759249254
0.5398647592020295 0.30490603771934555
0.5702747442586736 0.9369639418652278
0.5866637678592782 0.7899010534839455
0.6196502042918414 0.5145075526051763
0.43084538513887416 0.3181411580703627
0.5622228696558818 0.7651053754294742
0.6338147684487496 0.983210464946997
0.5393371936477157 0.9071748213019747
0.5297449632111891 0.36458409786924295
0.36734802418029366 0.9464301470031673
0.44278830359696664 0.9054890245713226
0.3718858457000004 0.4241512907626326
0.4833875935027674 0.2115810702638209
0.6034812740132119 0.33962862380112946
0.5470048330169155 0.09334715565874163
0.3886731371173393 0.7874996519114563
0.3864591202209495 0.6175900444475029
0.5971255463672843 0.16154998781958962
0.5548624563221891 0.6341185615905961
0.45801741924269335 0.8165132248303558
0.5414645669038002 0.884987409651082
0.44026168406493416 0.1420039134837554
0.62103989268557 0.4451705197212228
0.5377266283591318 0.41758198621309384
0.5246762880345526 0.8928631571122021
0.33706567153343503 0.700060070719749
0.5273108603317578 0.9535360487166326
0.49971313975204 0.7104048996995457
0.33373550094445237 0.3625756318022555
0.5453512772375946 0.31245415766791684
0.5830522945606239 0.4760271250857683
0.39706191021346127 0.6677670124231347
0.4231536176690235 0.4481388165316249
0.45290070343422195 0.6199496348145465
0.40343435550021267 0.09743472107943063
0.35170802447635596 0.062144964877710374
0.38198396645361976 0.5332260034586255
0.6194190941646237 0.4892516721589947
0.5663516140653965 0.29651851811084773
0.5743198436847413 0.9773414376806573
0.6590336518216363 0.38721101420822757
0.6339280773213444 0.2956317160142705
0.42561701416144904 0.24092428391142684
0.3786995808386351 0.4831983309812924
0.4684270668827014 0.7277675493817769
0.5729545256873219 0.3788586537269142
0.4735179944638688 0.8315235426057197
0.39953447834481715 0.026790390703539058
0.5713376947892453 0.12312397223714666
0.6536109332428941 0.19569145853817416
0.5324685210680968 0.9984210863302305
0.5124868529943666 0.4217355556177763
0.6544432444875368 0.8033107480852607
0.6104983863482207 0.2827447279944467
0.49164456173646975 0.45293989047749816
0.6491505662529127 0.7880748068321114
0.4846785918984582 0.4965643900027211
0.4437047006378546 0.45498065985376257
0.6495395882388124 0.5023862000986782
0.6381875721014889 0.49250353167188676
0.5733968698006535 0.3622056695166711
0.3989539677584646 0.47612803573916274
0.5467789095473728 0.9367384653220574
0.5356905087990209 0.8774095217736253
0.48927994696040356 0.8921532198656391
0.4900232407792673 0.7667284757277983
0.33628464406842484 0.4653156450832857
0.4926291579706129 0.5292710868514187
0.4047747348414894 0.9611042288568064
0.6227518367126297 0.3679604337211726
0.6528628733977755 0.24769925070610188
0.49035757225693755 0.4595603767083849
0.5506103800328788 0.8490945048680311
0.5251789839671297 0.05231720448284427
0.5680421933522821 0.12262522937056153
0.37356506914551424 0.9953876256579475
0.4471653215367586 0.30438822008353317
0.458099516744648 0.4300702427560914
0.5133291042881334 0.9390099041288991
0.42141636210691846 0.6875903264601375
0.5568267763101208 0.9646352249428479
0.47095372466580454 0.4355973109810506
0.6375822863743108 0.24305915999454164
0.5294993462092217 0.049285410963241794
0.4823383210983212 0.8118261623954314
0.43334460786307616 0.7746042325513395
0.5071345499269133 0.3981814643669259
0.5692642329440569 0.6794960467233568
0.4891353499986063 0.7027993082971529
0.42952179652296374 0.4259717140168675
0.39312350515608396 0.9655163786820163
0.4107946455205228 0.30773477715081343
0.43370421199136433 0.28618268263302926
0.3982697077046089 0.03865830470386955
0.5622846529481303 0.6337674334611191
0.6040142788057883 0.7305282778013991
0.5014889240344833 0.5356678726866838
0.33540794563912835 0.6939398982497643
0.46459664472796003 0.7103299213717782
0.42986829914158664 0.09776831866534152
0.4772016958053833 0.2884325262638743
0.6565946666172537 0.02461600593358504
0.39466179509287425 0.6516574999451664
0.4117376222027913 0.7407044334948356
0.5141503307787362 0.6154474946691552
0.3962807130966378 0.7910832941428567
0.5791316875275153 0.05673675637733755
0.637456010419648 0.8382095969159156
0.5960020841157101 0.27804204736866
0.4055813224532897 0.017213249727799806
0.3679360791109211 0.17119961929366667
0.5039569670255121 0.589502849950845
0.609788342485769 0.8011317892475245
0.5694796842013572 0.6211288879147014
0.45690986745980855 0.5123921626514841
0.48891544131411835 0.7560257906525195
0.38965076876735516 0.3504780108183223
0.49917268834345485 0.25602543504970676
0.5692043454273175 0.014442527108011527
0.6047351791527789 0.21108398098386605
0.4281095816263647 0.31581190202522846
0.5002971151579484 0.4678658697973137
0.633512362805992 0.5193324517465311
0.494965068166242 0.38930201506855555
0.658185841075261 0.3995646661744269
0.40880525346907803 0.2914971363703217
0.6439980316084714 0.09879136381034359
0.46282278435062674 0.14446921271072954
0.46751875162567114 0.2049793335061718
0.48960539736833664 0.5251195901504069
0.46480959401980004 0.0027197024034316675
0.5833182746315229 0.09915926637784245
0.38443270753873926 0.6575560031266402
0.45819372817901116 0.2163677643907722
0.6311520174621199 0.804547212329983
0.6512432132206383 0.27581879983457946
0.585596922689649 0.7765521508189295
0.43039662933429257 0.8714671564843104
0.43863749317996437 0.5127031636702442
0.6118046722575805 0.414562006911104
0.4850981859172465 0.794596437456196
0.3611102255248012 0.9156551692421457
0.4542812584774293 0.7607791979168456
0.6212954819688866 0.01709089396728314
0.6600470434701697 0.6054641130650333
0.3388943857100306 0.62354360576063
0.3642734752208724 0.10891292856774071
0.38396568589849345 0.9975148157439958
0.6203797902564432 0.6893315871404591
0.5996077754358562 0.6159951419003062
0.41418673686308016 0.5397459635051923
0.47010265939028384 0.9637763767357501
0.5426189186487683 0.11038687341681241
0.47804652090682964 0.6227057860643764
0.640006406253215 0.7834102821817858
0.6453404207633571 0.08878173697721892
0.6591228160419474 0.9543437075718212
0.5888892571447997 0.33496772246254547
0.3860813334063945 0.11248051076166987
0.3508497398241751 0.5186853768526082
0.6644513912235249 0.4137861306140551
0.3516587490155162 0.8987280496088154
0.4830872100765775 0.8063409412088265
0.6260623201463832 0.4530492995897514
0.465698933629913 0.057989947165104194
0.3706422226961248 0.9105417890408664
