2 1000
0.9974801105949 0.14098386007920816
0.9195348670034323 0.9420577442219665
0.8507725748157515 0.04529789105234683
0.7889756644903173 0.9431717034960223
0.19447063057831737 0.8432647797757548
0.9747526526611802 0.6843662151118733
0.23642801773138566 0.7871811589225309
0.7696264840135981 0.11871927878302047
0.035336132159678235 0.6964949509294205
0.14454275199385336 0.7179636566280918
0.9072601409891086 0.3635540880232456
0.8319412081387686 0.800998069703326
0.853108215763564 0.5604661456212389
0.17388599637731839 0.4774047799489315
0.24131362039202375 0.9036603380396728
0.9060137410763568 0.7333298331114758
0.006433739506070735 0.8257203500302764
0.7534175857723867 0.39526796471793635
0.9653103008728235 0.5485281969892206
0.9400706759058001 0.10445256619538335
0.8026103130642326 0.6320837346042915
0.8211177248217304 0.8392357501946767
0.7663633732086489 0.44458445688656345
0.9998279146295226 0.6853531259634847
0.8750329322520372 0.8688220092647618
0.845852010689928 0.9618022756726115
0.09860351780907217 0.5162044691538944
0.19973706176853256 0.7801080407713207
0.17025485311325916 0.8019874241110346
0.165608491083716 0.14543438707501022
0.041770105967883 0.2663457276508173
0.9720406030899575 0.2641113319529923
0.9074924694529756 0.12466203862377945
0.9158412233414311 0.37254918021834693
0.04899940535961833 0.8046292851646657
0.9213327462444114 0.5948037836307851
0.8327225058875748 0.7194562090821299
0.13163050037360524 0.7113384949147131
0.9844253361945464 0.7171371577540512
0.7681466412733357 0.08241456585780271
0.057489291936854814 0.7091304629359145
0.08415803885442563 0.20405332182162172
0.10392903675334009 0.6610723842261258
0.07865762090854611 0.9047354497978429
0.7992244015550481 0.06329093175818967
0.029243897880498526 0.016369424582568626
0.942838268273815 0.45540977673775584
0.07328515872334274 0.4987341884588804
0.16648318371364734 0.5519010658324144
0.8921865923085819 0.9183865532138292
0.14035886626524507 0.6735033111686444
0.8920063131204357 0.010277233475582404
0.011093059548056283 0.9375213266683136
0.9149119736373592 0.8473125836245875
0.10406392350405569 0.9072743222099291
0.8866464962385969 0.41838149733404895
0.17904566694369106 0.059875865283309904
0.22398514503561662 0.008343889333622845
0.8965984787093839 0.7646424663776458
0.1368130994671678 0.39995060882412925
0.12863009485611687 0.7554863695355145
0.8012054412182721 0.5589157361130406
0.09386877474284538 0.5513308641632173
0.2054850247529033 0.4413115333525819
0.9357732384781347 0.2730045334033624
0.12783707185276927 0.08684865820438659
0.02891179836297264 0.3772612821321343
0.16390153976365218 0.901518505296749
0.08426659360967392 0.3041137812547211
0.09274335513143672 0.8999021948226537
0.05169279842235919 0.7839375944591429
0.24217545646737693 0.09492776118420887
0.2370864454861984 0.31261165492727105
0.8100881093682324 0.9995717896508808
0.11365626888618974 0.7337997987555273
0.8930197825793075 0.28991766899553517
0.7812121833505451 0.4165600576473282
0.1459505813181189 0.5506058881443409
0.8690344029186741 0.7720931187137426
0.9221578586488713 0.8021797764871353
0.9214729313082288 0.8722849105894837
0.9645297990274552 0.12310226830572202
0.9559816029811203 0.46836872347582204
0.23680414550324436 0.9479864843637981
0.832429417753677 0.9415278749358451
0.8000797261879051 0.5401894229704317
0.8071768828748207 0.21093628779695972
0.22249717490157017 0.6439749095038801
0.8300540538502721 0.7091214784859999
0.8919363175658462 0.40145065590361617
0.16993888804928836 0.7266941553508386
0.23075790062177348 0.1866197051846472
0.19233505857110067 0.11693535834107827
0.04525480894336509 0.6448381769707736
0.23568400049935934 0.666220017437696
0.2009913855308617 0.13825030048213582
0.009473536679800776 0.18605766715735295
0.195484097632334 0.866357204207436
0.11991072626986032 0.8237745945614455
0.8933939515270786 0.8987400479054946
0.8479410747605722 0.6226155519466471
0.20821925985452727 0.3831026848525332
0.13894176666190872 0.8660960923598545
0.9426991428421109 0.015561284242810558
0.08464427477957026 0.07991161076208753
0.9845247112901488 0.10097686658742333
0.9491116615464738 0.9446991747570175
0.06771208416707264 0.1651523509259616
0.24106470900474264 0.8215799647698794
0.9564122584761183 0.9795855445412096
0.15726244289991265 0.15181334585022377
0.083874354060269 0.4508464945348658
0.14836198039922122 0.6028840831156975
0.2305206385176053 0.7545778786277324
0.10883230786397902 0.534195069498113
0.8472338056011338 0.7137767426370503
0.9283983123654094 0.0318310281843186
0.19536699078920483 0.7513697165881793
0.825652257746791 0.501919991791081
0.20681743604362468 0.6277621818114485
0.0489867409394682 0.05126915891905304
0.18901757857939872 0.08856014355281783
0.8983403350267858 0.801390463105658
0.7575658307473215 0.6339580334294956
0.7699580811901426 0.03234321742322488
0.19035619041436114 0.4335739177576129
0.06942421246838759 0.3097794923684867
0.2025413628664613 0.3881223871318381
0.7759633962822796 0.2906004050343779
0.04186013132283162 0.8352797069238422
0.10871193567031678 0.10679077985598906
0.7506630836872662 0.6840340491201704
0.7702779944471363 0.8100319742562219
0.8027175716915572 0.05686354443558728
0.2203071208811208 0.6496036409437129
0.043118237731316844 0.9428481241852886
0.24542783510241584 0.12719473657819336
0.8222922622021409 0.14925816104557
0.7585216140027458 0.4324542583156692
0.009041514240398785 0.032748683044081184
0.8536458227155206 0.07365703608448593
0.19718134059963566 0.9955229377589044
0.055428264395248505 0.4453311292215989
0.15961577127931992 0.407563608698884
0.09811606845080267 0.7628319924620127
0.042121531893069 0.11427464698355017
0.8148400393887595 0.1641164303075322
0.9154189891491499 0.2935800794441682
0.1658624651214461 0.24191177585273294
0.11372508894229727 0.833739331811805
0.15203462929731149 0.7210196393852188
0.9315261664288981 0.6666632317498891
0.023694336184776565 0.2913257750957101
0.9023160545487136 0.715510861055135
0.1171804958443522 0.8128818010043865
0.9286786888183811 0.48622834556748407
0.8235514129190598 0.4155086434118873
0.22558336949947433 0.995852965016281
0.11505729262814779 0.49710779525968196
0.16156022419395288 0.22550223880391207
0.9454857010508085 0.7156061360347373
0.2029629719524636 0.9295689315322958
0.8237556613466173 0.20736313270768247
0.2125900637721403 0.8615652933356404
0.0651065406958935 0.31464993220500714
0.12303550644409389 0.38488620901792714
0.16580830858986895 0.3459467098306772
0.8767236430307893 0.72732535817154
0.1341544275529598 0.7238480101356674
0.8523107824147558 0.996693917342792
0.81496241905111 0.3132689332065507
0.04980004128656168 0.2822582708347725
0.7575923083523454 0.21397393098475315
0.23316416568210652 0.7747512310912062
0.9419937322247817 0.6056107574305103
0.8535477485660206 0.9143116021652937
0.8466927593390249 0.4041366158186097
0.7983642299019693 0.7947420150477518
0.11286522180981273 0.6075656884566956
0.11336853195476737 0.7860292193918401
0.21813294635400804 0.43887849985919336
0.04067386678352747 0.8032700575353616
0.1590638145076444 0.9714592830632733
0.8806481352063847 0.8615410056195337
0.1800936323759621 0.7800134286819143
0.11818676779582205 0.27523029401277765
0.9200588629331417 0.4379240137848224
0.0781602945566503 0.3376687133115064
0.7848372279506467 0.9309494709738731
0.9896361277146046 0.7200487426581474
0.10117035569747712 0.4578720675942747
0.1885975454696982 0.6424336499632561
0.07887303807995416 0.35038996767274333
0.17952006733240067 0.7928929748854224
0.17923217673410097 0.5844913289185185
0.8443902821773246 0.8375826122287181
0.12500971482686873 0.2746769040148218
0.8280919438419428 0.5181465386922983
0.15316768667503433 0.24683381035310292
0.9883665533380959 0.2728025226624232
0.8070585754930086 0.9274535241020396
0.9626514820553822 0.44065260263247286
0.9823711393057326 0.029193477926278466
0.8952644823700199 0.8649217979217739
0.195177322076181 0.7345349546433348
0.23095393523986163 0.22913080173264921
0.20440228115619408 0.03243601585412759
0.9759411656396262 0.3523772428068649
0.005929478130643817 0.41206176582881804
0.21413023237822226 0.9219237083937776
0.16594022930313634 0.5618161538429459
0.19287002371868867 0.9761348309209175
0.969704845257551 0.5122019074755468
0.9199108229490667 0.9912344986443629
0.11803242483120624 0.7670051952641703
0.7705576601082319 0.18711801040430698
0.028889304972470886 0.9825920526845089
0.19422315439562954 0.11138214292831972
0.9342432632736739 0.6211059659156245
0.08701130969540749 0.1343590863677092
0.061433610505417735 0.18223083931104578
0.9370621293167091 0.4046046492190447
0.1856658896301212 0.48971560024165106
0.918457940482363 0.3636725524851473
0.8469640620708774 0.1354941812667959
0.23511743827939058 0.7126660508029914
0.08066682807501635 0.6893919502861783
0.22347265114570747 0.8860153443812113
0.8793380351506992 0.9646839050406856
0.09130522146723485 0.15444964442344955
0.9946917401744765 0.6424585851529303
0.15196076812725723 0.08459838705071587
0.9971070345570373 0.19210447103699824
0.8119056546298811 0.9383257094946513
0.870001148820005 0.6034169684384699
0.8174471056836854 0.2878435260455541
0.1766786363345908 0.1497764360241387
0.03285223452971653 0.25649864268968825
0.870699863712019 0.36549224644014466
0.10923662688071845 0.5614147283220415
0.836782939831398 0.9291100541979739
0.9382397471798813 0.32481961590023634
0.04231257698039781 0.28821034409550916
0.9584896523085582 0.18046842216771308
0.8952444004306089 0.26359389763144525
0.20910277862348026 0.9082849358719431
0.09747107029093582 0.38919960430563505
0.8995729087613562 0.33151030672249016
0.12717223678137013 0.7856585029040178
0.15530710832265737 0.9256258009348979
0.2064423711998361 0.13262822515575723
0.8408642731386486 0.2230065308081285
0.07788141337273957 0.7473250042339927
0.9876253976122797 0.20134912645816871
0.16486196302088563 0.21791081105172538
0.9216941108402928 0.9332361298468395
0.9704880363427927 0.23911132741623997
0.2070230938769304 0.8917283711492734
0.2384366113744818 0.5587820988851162
0.07602476863003982 0.3197799040747662
0.12206238397206881 0.011615992271462372
0.8009620590954835 0.8069700131033679
0.11562598133046065 0.3420320994390196
0.11219109162007601 0.25621346574318304
0.0021105780050915124 0.6125193747782292
0.8938466296469743 0.43334976732688746
0.7867512442837474 0.606923542947508
0.08078571995646922 0.38392145680661605
0.7568412187534823 0.5526418342227182
0.8755282297790953 0.088159243709934
0.837014017894937 0.3383326558531713
0.1422454844563802 0.5190462442831534
0.7636112621854729 0.01210168837368819
0.1116041999338997 0.8911262016143452
0.7655910546326317 0.046509273911659266
0.04760065280779335 0.004012324254726529
0.9451023681414015 0.5150053252591902
0.794700417033063 0.5340222864292216
0.1217241420536106 0.4994927080413346
0.07629533037957592 0.11685003592102183
0.8655074653760393 0.8600764786174403
0.7601042524179374 0.7658039020633965
0.903583695037368 0.18701846495865582
0.03689331385937322 0.4962310150634208
0.14202061422098033 0.7484249600579443
0.9834501993985164 0.6974505189911703
0.9039417944682874 0.19992898798954384
0.0450346729693617 0.5012226807904311
0.017153148697849008 0.509418249363993
0.933348993307478 0.9882199920493526
0.962609726901129 0.8768249316695795
0.9516724978379536 0.8930254470038116
0.7572500256160812 0.49024160786236615
0.9730639135997516 0.8326175778127893
0.10137197494457661 0.7079112662630599
0.23001683314759047 0.3012184405720272
0.017455795902956428 0.5902414950658156
0.2381190946188496 0.8146826301799635
0.8859233255619355 0.7517777832024255
0.7738782915339044 0.45961899772813075
0.10152322231618693 0.7604821090616467
0.9241532936107488 0.6956960272653374
0.7709497357401379 0.1609186915496177
0.9869977084226004 0.8825357464130817
0.8692057413323625 0.16377654594950242
0.001862403770728771 0.8106906015592434
0.12658275100383343 0.7691599911984628
0.23413737318428118 0.15434320206896102
0.8321366069476057 0.7117441819738342
0.17309492244764701 0.2921171046305646
0.9747355458757441 0.2868034979231163
0.8632292128933552 0.19754163835656535
0.7954010776815506 0.23406766942039892
0.11378918581973352 0.4241504812526238
0.22661261100301255 0.2598467893931561
0.1456896041322947 0.3186702494767003
0.8222520940971051 0.8783318654858324
0.9316404152132308 0.5028148602677694
0.11512627800198116 0.6199274440923331
0.03111805686312419 0.20469287059872532
0.8972268112480415 0.43393714779942383
0.9356620807711079 0.7646367818626328
0.9754774639377967 0.48536742642728914
0.24723008076223119 0.6361698960969068
0.1744573347423536 0.06069953904356307
0.7814445737861753 0.8463003208707425
0.8749388881362535 0.9709234109995845
0.19047079422668767 0.11705957436555425
0.21605903842445917 0.6381445929910534
0.05981659124348793 0.23738411113664026
0.23255452882408545 0.3638471915778504
0.033737468233785095 0.20863487635463285
0.8050864700581893 0.9549556138665197
0.8003411863811776 0.14531233527633525
0.0799302387605999 0.6289534103765688
0.15700915386131453 0.7660186562414083
0.03834436184376733 0.09869741349433248
0.8807820480720414 0.8370470473926159
0.18998616315318917 0.21368838909070254
0.990366047733806 0.3979425159005646
0.07791391538427528 0.3264814885638141
0.7527602057876378 0.10974468721216235
0.06371890628363464 0.08892830666458151
0.9159190808585447 0.18899296283603773
0.9644280068706564 0.42677610680866107
0.11008928190805511 0.17076608727832354
0.24522434665136728 0.10536618277012555
0.8035551092673296 0.5389970537062387
0.2342327542150081 0.5302035347125934
0.765787966530236 0.5374143136581088
0.764306215438803 0.7052097248041249
0.2367299446461667 0.6283516131680342
0.8600737937351772 0.29642833315862993
0.9887039516538155 0.792838290289709
0.9458653563473041 0.5940140798744161
0.901959506329238 0.8384931121021844
0.9705754494833795 0.10199838971818265
0.09193852899904653 0.614517659658494
0.7740769584602181 0.01595600206930281
0.09581680351885169 0.39258899135434333
0.24336172601138772 0.3826477834804918
0.12839754389528835 0.6710520125289255
0.24838405865746138 0.1309424658327476
0.8112852358418472 0.2203540573569197
0.9947233581091899 0.05858699931063449
0.0742930307306463 0.8831307117722694
0.018420495489275268 0.34636386451931267
0.03880408824379211 0.5728933360883269
0.7909154431935449 0.6730532370674172
0.8935312979464803 0.13048130134427782
0.7575503895702308 0.762402664123982
0.17264847220400414 0.5922818584320595
0.20121045071827626 0.5430130086912539
0.9083443587897873 0.01002099483342156
0.8114885582901656 0.03738318537536078
0.06803601688696659 0.41775398561016874
0.8087846951272574 0.15505637790940507
0.9500591612023234 0.7807486423509326
0.10893237576422488 0.4813058951881092
0.8103599358673297 0.785850864793609
0.8332885501737292 0.40660725490390714
0.913299539506603 0.3064852023747505
0.04971373577575722 0.7671954630261538
0.08043671013831644 0.2397372499215784
0.8981486107141535 0.5418328268006702
0.9602988186060702 0.46785046195278923
0.11213805966781243 0.33016121046826497
0.8648547969610771 0.3279530020124536
0.813041410296049 0.5715654573078924
0.2211772152113427 0.305019583689369
0.23064952182785858 0.9451608775578769
0.8075168814464614 0.6047839836569678
0.07054570889207012 0.46230140525850105
0.9771811192383142 0.38303064862352043
0.791225839116868 0.683169820487202
0.16053391216867285 0.3972419022107817
0.038630647035346355 0.7731554053024547
0.030734425992433367 0.22702556966161358
0.8422513763751969 0.47659382612184964
0.8946743297672317 0.22021686651449712
0.9975863637824849 0.5052219032771281
0.07492896598525389 0.7979040882904104
0.7578073997525115 0.3795169030866541
0.9156321882671721 0.3346619658873897
0.7966756625832306 0.017324590166611253
0.9595514325579838 0.23249122633605646
0.14853638531376212 0.2655572878445821
0.15462270036798276 0.798686751793507
0.7702923947982269 0.9737524408612047
0.20606679287100904 0.19417825221750074
0.11012160300845897 0.2387277898318655
0.0551211856948296 0.9298331033484236
0.9792200570472345 0.7490483296146017
0.08645390222408655 0.6594195503615529
0.05820034969095933 0.6239724953096709
0.11247372978384451 0.7896365448632823
0.0069124059316585384 0.9728340326927286
0.7627836278765696 0.8480336424665442
0.8790153718544688 0.024710596267263574
0.13047023948845748 0.0779062643020697
0.15234072971169443 0.4311045746726958
0.8910648072847437 0.2921584489961957
0.06069376671274418 0.4762250853270812
0.13418398636347562 0.946153958977863
0.8892297882817594 0.9767731484437263
0.8143217751985411 0.3028273056885429
0.003490746666851341 0.8268889440520968
0.12864685512592144 0.29423142244919887
0.04886417074350524 0.422705431575487
0.22821312974339159 0.9508322541348814
0.8080303568906027 0.608317853098938
0.8192544850152039 0.3703538570947872
0.7752094944000297 0.33781851950722974
0.19716445446725928 0.10030771097546398
0.7552117958718607 0.5115071079168624
0.8776959493841126 0.5018651867766657
0.8768015321139823 0.49602205752535145
0.019303620977029756 0.32226079275524067
0.19282365398514756 0.3718132824776056
0.013704506478700473 0.615077292281902
0.14481794697244021 0.41245273380698055
0.9174149789200756 0.8516100192443564
0.7868280027358744 0.9452854948963854
0.0020938041975895327 0.6514656532361534
0.8066097082972772 0.544438947312909
0.8682293228190628 0.4252136202402903
0.017458843357547105 0.5109970511154085
0.8772181298553005 0.17082005417379287
0.1171765497292806 0.5674150003549964
0.8880945740862037 0.38159553579344907
0.9405206320742026 0.3317111190512353
0.9718319298593656 0.46293221161202647
0.058679987291883284 0.5067845121727858
0.09334934170091713 0.28363184785713025
0.05822626055183422 0.6201788089850367
0.08858764945179964 0.9539902554667026
0.2174081247434443 0.5624100442204277
0.8928679578743645 0.8002923381956286
0.07401530555370495 0.5880426652590854
0.10232653648418677 0.028882605365458502
0.9482457581217573 0.839144752489182
0.7764109966442836 0.4189347969539302
0.977756786601094 0.4300118308547074
0.8808952002385387 0.7543318305448454
0.18877483428406838 0.03246486240863955
0.9373853456161573 0.7834876582744329
0.7882463870464015 0.4019490483983531
0.7709497717700373 0.2937073745276054
0.017391767300430905 0.5796050797223778
0.09688996278315509 0.4592099041271117
0.03656094220855943 0.9669429348203699
0.14068118193443058 0.8019852954471343
0.8105931400360684 0.13068936531800257
0.994409206343448 0.20053126277536426
0.8235730876953362 0.4164668551635786
0.9075143159317232 0.39831959768541125
0.19594317286121843 0.4509897989858671
0.21413937192204102 0.41951051925442295
0.7591127972306558 0.0369447338490726
0.7704626552436359 0.04177018078350392
0.8793601009921982 0.5789154771114796
0.7527976687063289 0.8762267447573446
0.872572603122136 0.6238290446337151
0.976596753391354 0.6631520205637408
0.10970186880420596 0.6913523250548207
0.827689823350646 0.8046634358649164
0.7591743832187667 0.48478917599748783
0.9504618660189578 0.4811136600631287
0.04010981664818747 0.9301882835843828
0.021814630231643983 0.5872085343569584
0.8551598357201758 0.1876735045588641
0.7743158107362901 0.13445094576405547
0.7533327047616998 0.47449229780942515
0.8938346413475429 0.2095626189444728
0.9301226312462939 0.7346336176436147
0.04981571341510571 0.6660658966493035
0.8425203697493933 0.39489232053592627
0.16017566210695733 0.5512505578573209
0.17087122710523517 0.3223363594515577
0.841049093795589 0.6523374214027811
0.8660723296682635 0.6651424806370716
0.7905946299317879 0.26594726322960827
0.9899254329902716 0.955373913619211
0.03521808333815557 0.5958789100319233
0.03355923769806002 0.07181290685439512
0.9692730136658233 0.8163323168234483
0.024296794545132006 0.07438687644621911
0.1076396980937081 0.9143066601007848
0.8199689000933712 0.13743831140307783
0.10002248177059903 0.5503353813433257
0.1275450168950173 0.6277042011948956
0.20492750164623286 0.3483140273549563
0.8208838480525423 0.9250512474937502
0.2491478051612117 0.26720328547621497
0.11553820578186214 0.7113257079632411
0.005243035012987063 0.605492498170715
0.11485586292604355 0.893133690272596
0.04199570875347369 0.28110314732675434
0.19987467182080554 0.9099573654577977
0.9849285862275555 0.6521840566814361
0.8891211820783237 0.6699905507026486
0.15531031847377186 0.6664396062710057
0.007266120893498651 0.6619125439634094
0.928023944500147 0.06241819538361948
0.8755524254625184 0.27673839281711254
0.8829857715107889 0.033644135094030525
0.8687976393653852 0.8826553200093135
0.24160950712261475 0.4893665172368562
0.8898119616482428 0.014369419876693268
0.24163168294992698 0.49379497039092446
0.9021347501696713 0.3647935902598153
0.8140304800725268 0.25963754113396764
0.7755866367260735 0.5936796451026151
0.023160077989823447 0.9383511165119433
0.8845040887245387 0.5804948404464866
0.7927075839188988 0.7427949079155003
0.1547810389326041 0.3169665918033172
0.9913943851382471 0.7319821257129355
0.8259011533340826 0.15850289405134432
0.7746903608040673 0.039431370934690735
0.8593169210887837 0.2927493444442678
0.9230499075799022 0.4045383895085889
0.9868916766840522 0.5063286169605392
0.9278155838082445 0.756408159634865
0.2370497875133738 0.06072489680397808
0.14583374935125404 0.39600741193301214
0.11682184925927286 0.6571627318373865
0.838983857889392 0.7455964342710613
0.7802393941250528 0.01590461892744499
0.8664914902112367 0.8019868473490094
0.7938282862162529 0.910127865070304
0.7982290642554518 0.42170218565104944
0.10712079063931068 0.5695940625325887
0.07110394272590514 0.06642210516168934
0.9208030799047314 0.8608764701603774
0.9385476962689937 0.136256678395553
0.7528167028236636 0.3716941898535161
0.07324158486659826 0.8805665623721187
0.9814043728995208 0.04092372355754181
0.12550608102994087 0.8366652188669526
0.02298664117671534 0.523096481086322
0.1045786645165 0.03230190011815304
0.9236874121240427 0.14786772352198385
0.12879068223028345 0.5553883261931936
0.9718369465262758 0.11817071611397323
0.7882934797532033 0.12389724836989413
0.06797025871884554 0.1901876946699027
0.19615568044923248 0.064157443750396
0.9395652989878928 0.7921027140683922
0.09972592610348463 0.4930023012942034
0.9781699171204546 0.03090808923992283
0.8332468235623006 0.42148141763375757
0.03633669387731564 0.6565227674786985
0.8860229226529809 0.8790885215585735
0.7797473678700652 0.70623069601039
0.05827451404133599 0.9518061522320314
0.8264788066200759 0.3870832849346738
0.15249660562903655 0.49065032865839375
0.09548850289989197 0.0010040982211462213
0.234499899374626 0.5196688095619294
0.1864489785367417 0.3511666045634346
0.8008473288460974 0.09248957908827016
0.7911989213237195 0.545347106281083
0.8225368660501444 0.948060290341518
0.17526838208034523 0.6071719129674571
0.04382141518888072 0.6892385650586177
0.1538982407127517 0.27202577525856864
0.8726932481931114 0.4555985104882365
0.017410768546922473 0.3185851954817842
0.2290315800337024 0.32939214095848035
0.11046765148770377 0.11095429366172627
0.9105257949063116 0.052238070365641986
0.914467946281363 0.6064409510430632
0.1780133401797065 0.4780827273556657
0.19048606510968957 0.6124046440564277
0.8548044725359902 0.35497173820830485
0.8545368351381077 0.7626856671138365
0.09465621510741928 0.2436138070970174
0.9638016554793112 0.0710004588128913
0.10350192870569142 0.014706816547246704
0.19380135183789338 0.1995193855738706
0.7864720752689663 0.9740556757076957
0.1996081357510352 0.41069178956765917
0.8960987195267862 0.07640391451946671
0.8964364403177872 0.8025999246855626
0.9443170290798143 0.6642593525055497
0.13731959790458925 0.13437244003905202
0.8544333098191331 0.46373786364687697
0.06589153937300407 0.061644343656094835
0.9129973325925302 0.29879612931928856
0.9216603571299105 0.7577444826637478
0.11189759445077263 0.1852920353307771
0.2494182109244505 0.574944927180628
0.017193250065369203 0.9518996781848746
0.9839231861013719 0.9740542355057935
0.22027405681169843 0.5600504108361679
0.24765467462981927 0.6928035475650318
0.17169393900992969 0.06887202448987018
0.8556841597009545 0.3487718679908163
0.1405388524231993 0.6020568031236425
0.9493090598655816 0.5579335696479506
0.15131288095954942 0.31065598170429964
0.9425453116119052 0.9896739476859904
0.8138084435422518 0.7842775923483005
0.7989635790730246 0.0937598524700568
0.09025846747755484 0.10020269479369537
0.8209118945519237 0.6375587195967324
0.04098305392026502 0.9580025427404254
0.07858911736634733 0.9923126268375986
0.9262196941029253 0.7590465947495854
0.8067893154463185 0.582802213239277
0.1737576650589976 0.8483063353727545
0.2008962444455633 0.2255093494702315
0.1756016874850731 0.1100398885402658
0.9318055584668969 0.8640310550490741
0.07497402862092994 0.1850585498154682
0.8397531016439332 0.23379823591474602
0.23045282479261076 0.6887622765187161
0.12047185398408022 0.7843822107472241
0.8092756961680485 0.06316306988863585
0.9904350888774863 0.44037115225281187
0.9699992374240779 0.43306302076841563
0.10245679668523 0.7248529680127825
0.952648066913964 0.06954885237359787
0.0068417504334954415 0.345394877554576
0.9647310401527406 0.9844948567473684
0.790728963202412 0.19006341234791368
0.11179182616115746 0.5546722060573659
0.9266726096715551 0.4886443690749185
0.203117654169514 0.4107900292603178
0.006494203494759487 0.7476798764449375
0.7805944476514494 0.05429473886397529
0.1904165332477753 0.28218088599837565
0.9333996881641872 0.811011433483793
0.19180114940082382 0.6000352604671225
0.7970448784248503 0.052317775297730296
0.09662025279650299 0.9154685234223429
0.003511864202491166 0.9713335303637299
0.9761946932491208 0.43879768576869815
0.9824175165060655 0.7547166855665652
0.8721496539999644 0.17264492803581843
0.9931532102411738 0.5225753356364109
0.06980018314579184 0.8865644699336163
0.9440650319992085 0.977554093419321
0.22771784955888685 0.2785367831883261
0.03327061427767286 0.34423707992204355
0.1873668732392585 0.5255311145589613
0.7924371428061776 0.33713236110620104
0.0027489629158656825 0.7566108857830164
0.7814636213589433 0.12139382837986024
0.9902261216388989 0.9115926651688012
0.053141405982940926 0.9375130800695338
0.8148893346186634 0.734028664468199
0.09943027201902499 0.9769648719457208
0.9836314265017781 0.34829841319640675
0.9322493002097935 0.96762556503906
0.8109085522177094 0.012051178494397075
2.811958709970641E-4 0.5953206690678212
0.9662426885097192 0.6347258839614227
0.8345596578405166 0.9093227007619926
0.9478047647838456 0.3048592747992106
0.7576850339462381 0.3026320798501495
0.8851714106531199 0.20835813830937666
0.9140951731773852 0.3688606145129104
0.9299399125480388 0.5338938189520355
0.2317279956792252 0.04971624029469446
0.7675959994214219 0.5653221056509419
0.023859992144352193 0.3556543864198177
0.08875254009522426 0.9397105218256911
0.7783880287108002 0.9097338074194449
0.817297909612103 0.09419982685595085
0.8025077669740358 0.32546668969798553
0.1561163168638553 0.5081725952328505
0.1568143612611339 0.22901878744708537
0.14047372462063623 0.9604370932589638
0.03141464599597232 0.9878623964001016
0.8578025861510268 0.7017789588054243
0.9782373025390517 0.5519477437620282
0.8774711015977715 0.07865678686621413
0.8078466629489246 0.7591833008909621
0.14384704321732456 0.21430911051449797
0.868235709318446 0.7056335246668404
0.7622710462523894 0.6995816395390105
0.1412406624189514 0.02759242998323641
0.007639712318539993 0.28732016915581304
0.77395824766687 0.7187216501874729
0.8131110539439507 0.6727934130035429
0.9427270485143386 0.1405005449118536
0.14221368940953127 0.8558481301460414
0.04036335314776551 0.154188002242733
0.9360904560102109 0.8704854480456937
0.9282563723887937 0.4497846064741138
0.7687809209856985 0.78736164394157
0.1579067673591501 0.1770308102757181
0.1666462275330991 0.4724959137615574
0.8040102453007454 0.7158628039099036
0.2125212835786625 0.6765081011863923
0.7866349118308137 0.12006142828253852
0.8172720754438945 0.19827241647488114
0.1576623018239538 0.6997069319830596
0.20620299409115017 0.2796525327929875
0.9572323683717247 0.0290722883438983
0.14021968360891401 0.5154496688930861
0.8825448882843522 0.6028339575481437
0.1084282485840452 0.4727346299899773
0.772157770117492 0.032367969697844834
0.7534436129597564 0.656888826711883
0.18463623405878016 0.6299936201121258
0.06906738061669826 0.7220729952078193
0.9134300324181339 0.6903778760251128
0.8828834113930702 0.46091678300336836
0.8240685925000198 0.25195366623298787
0.14899486730915834 0.2773514579787697
0.22715191792043532 0.8390849239625576
0.223336915200407 0.46306086552786097
0.09856932829563936 0.7700656468479378
0.9342517652863711 0.45177753217642114
0.08936216529548735 0.04351692037032684
0.10627747581353342 0.15801873269415756
0.9815328194755892 0.6089855863446
0.7505923928359067 0.37735210308873823
0.920235122550104 0.04279644859000997
0.09234891623143882 0.9789974017511606
0.06436821946500249 0.242607729166878
0.040290128676824355 0.969620727166849
0.13636860901228565 0.08189644941486696
0.849093960139613 0.43764616485777497
0.7550505766656884 0.6895346267829746
0.8547228473697245 0.262603183800438
0.884726800230054 0.35323878145339416
0.10457720576987728 0.32683366938675995
0.8424747565553529 0.916633861261905
0.7572432148525686 0.6969994835539395
0.13403170654499508 0.785015060348705
0.9261762483154113 0.01790161749345842
0.10465965568508151 0.971265625063197
0.9120311099729668 0.9735687823689512
0.8670233092365912 0.9250693865799657
0.8767527898471702 0.5280265281077775
0.03417022244528933 0.7393501979355949
3.8570027803042084E-4 0.3672216119540652
0.2438736421508978 0.6829567246949714
0.913662285536784 0.7951683379605217
0.9280641746062959 0.3887052629517197
0.8004693054032765 0.7156608254977479
0.22480913329805596 0.8070857825882454
0.8291162948986912 0.25072231495573694
0.23821469411998808 0.6351953031067827
0.9595007950522809 0.22887746941232656
0.023228977320017385 0.3226243997719934
0.8059959922936846 0.779910682454472
0.866007753149098 0.5310168070135579
0.13106223055971167 0.6332088226443879
0.0033877038259487735 0.9665042251587506
0.9329075362232438 0.15606244732761165
0.1339399877268621 0.5032689871046486
0.9347785138751291 0.05619611519193646
0.12164816142357748 0.030488761644883566
0.8214373473370317 0.4663892085586979
0.8071715273655591 0.4716839702085285
0.07254283421766028 0.16122348190360103
0.7756061601561537 0.8986754070030708
0.9891860984231912 0.956648232572172
0.11737954531935268 0.37037213401305324
0.8242404596852171 0.6065498777868682
0.03957969741469036 0.18529422796706874
0.7699298983767646 0.7519667242439732
0.21186872614576235 0.9383537860866572
0.03776123753306326 0.8949702484431311
0.9320243288923978 0.9532410601603808
0.20647597458015643 0.083864673595341
0.24865188795432458 0.4087678234910136
0.1464026795087876 0.2001118282229597
0.013466287434452884 0.7034728462240633
0.8666892068492409 0.40582527215381015
0.15664631356229752 0.5310173888576284
0.7639995819586836 0.0209376430550261
0.1924898200018872 0.1881252693671155
0.054633174374331905 0.13725835296449918
0.14695276964332238 0.8360140829424734
0.8595976843733605 0.3158935473770821
0.9372684134616132 0.9336478774678835
0.05289860630486887 0.37761147801118145
0.75326387232964 0.09872088565851389
0.23547045137900158 0.08934717570342221
0.8018371412312235 0.6407442224439307
0.8550189473812773 0.09725196093307997
0.24328790458469718 0.512767381706633
0.8120551377862557 0.34566107071094243
0.19161243738083233 0.4271865420605342
0.11696371081479673 0.6148949169181941
0.8380524684453898 0.9022786855273769
0.9684600176459015 0.751994153692995
0.19646293713088758 0.050113606714315084
0.9835507068897746 0.6836568212334182
0.19352994985083094 0.75174776760884
0.8164079235554756 0.5526917654941512
0.9570638154041223 0.06303971911746264
0.20580254344538207 0.4237855592262254
0.7658467967461419 0.7251923357781489
0.2336853740482222 0.252528414273102
0.17359802136721203 0.12311291663101642
0.9948906569847645 0.766089406081776
0.22899715218907735 0.436403228147872
0.15319092828026437 0.6914665894770734
0.8641328608933807 0.5128030951796676
0.8822872362094871 0.6466753674184152
0.19739009677518393 0.11272901796341683
0.02949524792505953 0.11183413787628338
0.7903227651412 0.03682204522607124
0.7964792464282348 0.2824927435774065
0.08357278360084996 0.49446907075449886
0.19894122908221967 0.9126373197741374
0.8376957427696223 0.5204110466952966
0.07674814050640866 0.5892010141824742
0.7573945354822108 0.6873717177932226
0.9843948288798878 0.8892640702127745
0.06207714170036527 0.5767050900441841
0.12166453161876123 0.3257028543423939
0.24424570421394876 0.6577484478697675
0.06364681312980058 0.1441763963570485
0.975368668498451 0.026436254660383574
0.8152348901773755 0.7427599114928125
0.8699424797859223 0.03377593825150915
0.8591071098689045 0.9380412580745439
0.7667516909458983 0.1159706886435844
0.8698410419409571 0.5171923823203816
0.9110892510672047 0.12911683220794523
0.9352027636938077 0.4232724595672198
0.19067991653019956 0.7734419422177515
0.014792846477190369 0.22838602622486226
0.14513856027160665 0.15561491859563636
0.023543162758587366 0.9696694886302765
0.08489626434858344 0.8696150587674268
0.911479605503417 0.7885212977796497
0.13669903689764562 0.43244936063798467
0.8552453939195669 0.37688691496736704
0.8564351306217179 0.6785255915336139
0.7951424271233288 0.3153522058319471
0.013791987244004544 0.9753294314465255
0.19764203061619423 0.1270046072166644
0.8437863980342563 0.7038173466923562
0.14318978828531115 0.36392462325871
0.2325470270122767 0.026505671913065076
0.89112774551327 0.5472085394406094
0.9413264114001385 0.9300015380055066
0.10054890015521145 0.45590008947288774
0.824295797902505 0.27788171394809036
0.20183361329661986 0.4787920027111354
0.9511322394211829 0.5755407680500972
0.7876298558931727 0.4195898513844457
0.9957840502551244 0.005742855328313645
0.1022419003666688 0.7362888626704271
0.1764253802725675 0.4298550874509286
0.11580639799176451 0.9753655060170333
0.0792891224756258 0.05809224252499512
0.7535332492763483 0.17188456100408944
0.7550955493568139 0.9133300646469623
0.19283889367416185 0.11647220285468662
0.9673398224517668 0.2665639673693828
0.7845705792183226 0.6396094778118363
0.8634372986045984 0.48770067811322493
0.8392702928536687 0.755239772863686
0.13218913119856734 0.3546274454126571
0.05763237685196898 0.41454642094211036
0.9444350169231714 0.659613325508007
0.17247238803341103 0.35395549316677766
0.8868537661148986 0.1543913947916734
0.8182026934275497 0.008396604334667712
0.14216487038368353 0.8086526180579007
0.8129264603974811 0.6180232270285024
0.9394177620462971 0.8343039653566146
0.7838998994035348 0.2372794938373194
0.17927063024270673 0.7707248539815241
0.8494841418631722 0.033796704369734254
0.9206792118712159 0.9987764810148612
0.19152170874924923 0.7269264546502001
0.8965691762989721 0.37683394653354907
0.14502515207793787 0.7089743993409408
0.1750172238403488 0.6883664505420451
0.8887001283632951 0.3238495292868786
0.9638941006991456 0.1567543864566523
0.041269594497822304 0.5739405632808519
0.8503226391388736 0.7815114475210906
0.8273486154892663 0.8222602391830824
0.14844612542078217 0.13967801897219234
0.07183059203855968 0.722710465636188
0.06156417738382092 0.3491323950360191
0.7873598942379578 0.5543793825480193
0.14339662303945433 0.3740289724315704
0.08966895405400344 0.3969489823129476
0.19091332882102707 0.7529641718922534
0.8393497620117882 0.08639485717261075
0.20756557998571146 0.7804091033895562
0.056951824863199385 0.27436589955317103
0.9762084479426388 0.6303215619693066
0.7562215814086217 0.8111013916774793
0.051393112771929705 0.7280374489091538
0.789931112029462 0.5818936996666187
0.04951131545408649 0.811436967922372
0.7845802919416391 0.9586907712795029
0.9370001442097805 0.22776054575097882
0.7988716834226791 0.9203515923018007
0.07457635252869865 0.8578453362709686
0.8364091132059092 0.7009572910645026
0.7698588310060476 0.7572363215862161
0.9358980129622114 0.3288079567455283
0.15545854378135027 0.07553561966730493
0.9930779417065544 0.13236561668650626
0.18181276526504386 0.28784932534007746
0.1840389177073376 0.6054773119964315
0.9418989300874109 0.5082340111144924
0.16826947400009507 0.23292423777904514
0.8067129417970226 0.37950277654523956
0.9962222829546108 0.8645583853236669
0.781911093902197 0.37674578537169634
0.834484626479113 0.43040893778736056
0.9570710896027322 0.945805441767624
0.15279273761743706 0.09207349890279193
0.7972535718234204 0.11573725264284396
0.1816486623843211 0.40107560867658276
0.20234778213671623 0.6711845572475721
0.8052108633447941 0.11857731357050261
0.09427992691528897 0.5500217713977299
0.8171794498278069 0.6205654481698999
0.8582187736485266 0.1679081979686078
0.9475252341250405 0.6844044897492501
0.9735928834490847 0.12176812216304012
0.9074572133776564 0.6624767595017167
0.8507965542109233 0.9803667296614222
0.8258806435822482 0.42161287530962066
0.16788802650772283 0.006782997236477795
0.1923983290248088 0.5208085002817143
0.7703885726631232 0.5007796013311983
0.19552498587513412 0.028490784035553385
0.10601543606457231 0.38248446342141984
0.04863975650197283 0.0827073593551293
0.8174980306673775 0.621642318752386
0.2118824111160248 0.8784524565471495
0.830851739421415 0.6910208348142154
0.08632065947448875 0.7834486944966592
0.003789862100420316 0.9762728138512731
0.05173338777107217 0.5746891957431932
0.8962774516745818 0.4871955547632163
0.23991908846696464 0.018556913782591944
0.16335139731703052 0.275903918082702
0.19109752212290065 0.1292972272435423
0.8694226922655739 0.8134384667580771
0.9777501815954895 0.6129066220612696
0.7918687800312177 0.713284539016627
0.12003681828821122 0.7749663391987268
0.14199027932273722 0.8763346714242178
0.908089004438295 0.3183522141644376
0.8523565782171216 0.7544343573249649
0.228637369845606 0.9857934340727774
0.7693039289939468 0.5206306014775689
0.8717957529627456 0.04511610021599688
0.8903026866297082 0.0010763376846882888
0.8945046437624136 0.9862989797217994
0.09413607153783077 0.8384689187543797
0.08772870969481661 0.8031173795960947
0.12624725825822714 0.5686733812630724
0.8326340526279502 0.8708345690035463
0.05940560967281305 0.4766449778798939
0.053415289673028776 0.9174566186083534
0.8918968979847566 0.5930230834426058
0.9509613696842685 0.4805638689079833
0.9016535130236772 0.5310848352892054
0.020553281898107678 0.20886340282626126
0.048853365972995055 0.9128994336024678
0.04653989089351607 0.2519186547117551
0.2035472089482011 0.7572120754597936
0.9314447435960646 0.29895945666909607
0.19460452762214797 0.6420024987831364
0.22341695800558992 0.8941938104893238
0.16084065250859292 0.514955536785995
0.9275344378190636 0.996190285442286
0.21195036309842508 0.6231927210203172
0.9812662092783051 0.8872371278843175
0.09536168223167696 0.1533844217111917
