2 1000
0.641155467423297 0.2748091784617206
0.6064202588302987 0.17978219706874787
0.34639346642522273 0.028781992013692137
0.4237798790668573 0.6898018254043939
0.40141183167838146 0.20918155862610155
0.5574408066877581 0.028205159228287036
0.36324213200884803 0.015539015653689203
0.680921333074037 0.47900680699658227
0.253185405743504 0.06566012320346581
0.7074406931135667 0.798059946591138
0.6717637431123015 0.8645059929569253
0.35360369852387974 0.5745064585908799
0.3656820217090886 0.3927221158036468
0.726357891064288 0.3175790077918661
0.6536203872758637 0.9657079506930293
0.31994104807319734 0.5254426475031861
0.29714814864689054 0.08515170377021053
0.4770139539141267 0.3132314051398978
0.3038613406024343 0.9012349849662453
0.6083980184391281 0.8818680260541089
0.6553278617768966 0.09055363469900823
0.5789504602223395 0.8426589607509154
0.6721365611418542 0.07688335456116246
0.6980717982264939 0.5419590619700867
0.5794609042865071 0.3743343947564406
0.663725092635974 0.9604242467345872
0.5008379304837374 0.3414289471784887
0.6116549850609874 0.058840296657753366
0.7310021357737618 0.5488584730924406
0.6017772806169545 0.18020029415733618
0.692277237855664 0.016487999574299472
0.7298604854959962 0.8314370184606302
0.4907276577468651 0.5145239599944219
0.7327173300307018 0.5659819547282077
0.6668990665781573 0.3816677318214874
0.4942677741742748 0.8188159311864784
0.6714289821646462 0.6734104417417798
0.3561704714667193 0.5372099064717013
0.6619183202201998 0.4005540894341736
0.7129522275794271 0.6213659811474574
0.7258045603649174 0.014405563894629325
0.37399862386858607 0.1925185225024969
0.4078106642180408 0.6963364192258854
0.6544767220001718 0.7494342847259077
0.3713670878810752 0.1581651999596987
0.2773792916936453 0.7620703633107369
0.6061864286708154 0.549745809302269
0.3426981274511949 0.14943808827069072
0.48584282270575274 0.03643666271781354
0.38057019664960845 0.08137328582977565
0.6344042660979892 0.947323844972686
0.5723731836489779 0.40051816751091085
0.6736454374070433 0.20255114752911774
0.44059847145034303 0.8922079792579186
0.4982870400084277 0.7367342285801475
0.4653830413447818 0.8854374309143822
0.31737902721445843 0.4184199098124747
0.252180190875955 0.67874237170935
0.7336196619494846 0.7260211939548542
0.26855415778513503 0.8182705940204056
0.6678183087409766 0.8445449989093969
0.5636442821628718 0.5797788664483343
0.3610186755878082 0.9070540684536464
0.5880259722513229 0.6095444842635355
0.6757739744956412 0.29947677311109167
0.26595371269247836 0.5489662044424762
0.2501891791183317 0.04023645831655953
0.5560347059053597 0.8613032330059481
0.5993011541984339 0.5588883814720785
0.5320977670276594 0.930471177330366
0.479278221454712 0.524358743172772
0.6901295718762718 0.780091765822139
0.2606543054379793 0.07996595038801058
0.4711061080353576 0.4777406350932186
0.37846368533763697 0.6779619692481722
0.4390896694540286 0.23404764027559566
0.4836278982987454 0.41180595159285205
0.4929171206021091 0.6674750241574824
0.3053497832205677 0.3224009701248568
0.5271040761245964 0.9972585975754672
0.5941771395886667 0.018574473012494597
0.5438651704796305 0.8115137467124078
0.49876151775189514 0.8111085857761349
0.5918590468553486 0.14634780951855697
0.4102015181645976 0.956950948121833
0.3009447092320179 0.5750073794027808
0.35524606081508137 0.358245321271385
0.2577857839892055 0.7416971878682775
0.6234001740893158 0.6464589903949435
0.46816222903592597 0.013617281760488376
0.42954927124820685 0.12254540865904362
0.6179897055879805 0.30612973467535676
0.6665362620809523 0.27951900579866984
0.6134282200791992 0.7313613911893699
0.34278051955032796 0.5314586870633229
0.4206006796801628 0.912830612263858
0.6703660779233543 0.6905881643528724
0.26425564074325103 0.41914908631738124
0.33985844978597557 0.06606566317092089
0.5971084520046192 0.957199102506675
0.34863845838170926 0.18255660455772382
0.5623620420760659 0.9602889156568841
0.2879952172098067 0.8672873874196454
0.3939273796315037 0.5262252395188147
0.723469918594193 0.4172142581330367
0.7137901751350351 0.747385350853599
0.5517772579593551 0.6525544327717236
0.7459736421572953 0.7276971256306701
0.4204573724885907 0.15137402021236768
0.5096286331022313 0.7930021977652653
0.28991559417353097 0.6200672686374832
0.5969916686308914 0.8674207837342153
0.6272423388242544 0.05892066600848378
0.45359842275011086 0.05400911107216155
0.3089446930487555 0.5021515425496046
0.36121305178043406 0.8139676140979205
0.4616460338624647 0.26963038482349055
0.44944916076864283 0.3585335157774636
0.5795787397650563 0.872997384557086
0.4859607527943989 0.19400498046473025
0.6655677312462849 0.8850155724728264
0.42746660687277693 0.234293817006065
0.711157453740515 0.10964650312642499
0.5433073157585031 0.3083488254017963
0.6671193111243742 0.276000963279449
0.600212610728367 0.42079130957340016
0.37430286914465205 0.14750461035900597
0.25701627254145576 0.556114579957749
0.3484225588686074 0.49439776081430875
0.3119293837412217 0.14288961614210394
0.5249337897317505 0.5414414618698544
0.6839347407017489 0.15439687740581143
0.27819918433697277 0.09177915513391355
0.5091228069981304 0.2563342597193603
0.32844264703536574 0.4160032117344109
0.7124917889054013 0.9694347448017765
0.2698257615444877 0.22796317989506376
0.6098446080979888 0.3553951744049668
0.430742916656494 0.7811890754768304
0.5769768695337814 0.14288276226156804
0.3396948550738542 0.5974332425853
0.3800616855611868 0.5685122755757106
0.5214935593889989 0.22704274458626938
0.3341127364189662 0.7553230744152771
0.6914337211373971 0.8824809411611266
0.6699119774518885 0.02377484633294602
0.5081173368856259 0.9195892681018958
0.3978066089499235 0.13119362596118644
0.42114954959145545 0.1792916483366751
0.3403620919773691 0.11637546470190352
0.6344956115824817 0.8286111832733246
0.28741080950263453 0.6006103983638756
0.6569247122567022 0.7758090452855021
0.7496869715963025 0.46520280434599537
0.30332344196484495 0.6801399627640239
0.5829751164265101 0.6827687496522733
0.6495277908926785 0.9131936694019854
0.2855763407982548 0.5918674349024502
0.36487882272027683 0.19115754031817844
0.26192213772113804 0.3466205220175599
0.6854993110554997 0.8224345515779662
0.5611825874166252 0.8910331933953577
0.6437152710402522 0.6515835447773336
0.5150477420404688 0.24240167938667756
0.7320386554114213 0.7123039118787531
0.6111229633998088 0.1895343634739053
0.3409133962669404 0.42576052549370036
0.36727190683586697 0.8326192413771227
0.7308182445144703 0.6154641048773973
0.569361793314045 0.11407646268691951
0.3389935886014991 0.10650144602222755
0.7096507873986818 0.7395084476079765
0.732763098186168 0.9415289973667403
0.4384922884843857 0.9994391276780759
0.6749804081048253 0.0527498583877124
0.5748771542884867 0.21246687642523587
0.6319063900577445 0.7981905577003323
0.599139852312545 0.9316363409478077
0.7048107035029971 0.7875554115537505
0.415206427863575 0.5256541279663378
0.6754656971571302 0.16819348645741983
0.32495834305356597 0.5548231508576793
0.4063929151125547 0.6676875026335407
0.6354438505343628 0.19954407545719977
0.4230863213418574 0.39561605923867105
0.3929143320782583 0.27810308289540175
0.35688280103313785 0.9283662895864655
0.665804474723422 0.4671170584405778
0.5366537582043712 0.987914730752232
0.36332232416675647 0.45699049556833926
0.2760454517848666 0.9306193090890453
0.42646084071069157 0.05788694093440705
0.6182789263186426 0.3954406431765135
0.5454596186730883 0.9345905116313138
0.6167110954914747 0.14259358339326733
0.5812277638298965 0.4228139787686591
0.35538686797455754 0.9675941888185979
0.4292849333938181 0.1019645762232061
0.3359577985835476 0.19740713589540293
0.5822394625791156 0.041463332562157285
0.293652153574118 0.07343050564401388
0.6501475382592592 0.7394862241741241
0.32077119524205855 0.06407984600750427
0.5920829072269196 0.0029412981306815578
0.39470727053701626 0.5641608312704578
0.5169457519572059 0.3694150055737514
0.4674873631383609 0.12265290891334046
0.6144107878822733 0.5968816275157467
0.623912015268331 0.02203003543051818
0.27606704961302375 0.9810302709828523
0.5890317488980545 0.46237793115506265
0.6973873487419705 0.14966315618190973
0.46484646340682656 0.07132997576607802
0.5037966709706306 0.9324904496922692
0.37728535805175056 0.3758452376343049
0.28914499168559094 0.7653505723328838
0.42996101834742073 0.43008290594557863
0.5579186993972347 0.23052108351659806
0.7026383662687606 0.2809241475105715
0.7211470394424657 0.24167317757210582
0.33862728201192693 0.39762234056041823
0.28895316592445586 0.2730669808350724
0.7271163332006285 0.7972882120130725
0.5370188104731675 0.699176018544268
0.6181061290134616 0.4147247092577836
0.46648296696163893 0.9705069235017488
0.381422175388772 0.38738039390397017
0.27479286431098093 0.23135368000585477
0.2865983782662722 0.5750288986810096
0.4643054229805216 0.03169377229408932
0.3584249798860184 0.7579423675774836
0.30079712122586366 0.2579332126419325
0.4785074024028415 0.7815207421854009
0.4820376721691342 0.5590754937756189
0.5998236458571355 0.4890652639855524
0.6504247455721395 0.350809535830358
0.3912248227962011 0.01571898858058174
0.7346666444416895 0.850604032840447
0.35453632150914205 0.7432714521412671
0.6843221282294191 0.6048883580802803
0.47681651873951725 0.6548215016661763
0.4622527051193166 0.8433363451869692
0.318117413882964 0.7016990569093858
0.4877024368427656 0.1965218995635568
0.7329769422760101 0.24198111580570691
0.7461623318254016 0.31570411984102675
0.35554986931941157 0.03207222425070955
0.35022479408129126 0.27751713825875335
0.6402885478341046 0.17933424477872262
0.6690408376497101 0.7885276298039601
0.39506097600644263 0.46198774045258384
0.39647099650292716 0.9097592113786787
0.4860162983104098 0.5126169735764694
0.3454500092537638 0.5209940410849884
0.42278090983531014 0.7423714963213779
0.5204703649806199 0.639322203353863
0.6988231339619657 0.9191490837088014
0.6393286493109043 0.8837347090292887
0.35675926698252813 0.04216488474949098
0.49072494525068844 0.8172139654819279
0.4990715488452909 0.2247998427768867
0.7103237245828928 0.7765756384125108
0.48235024003486937 0.2645388463133511
0.5869264048895632 0.6882687646202887
0.2902198257370624 0.34319270263386803
0.4389343526069779 0.39822816818506956
0.5508733496614643 0.5226756026187239
0.2550009603559573 0.5520608241486173
0.6767570924653771 0.4905090389841714
0.558092588212593 0.4781156285449395
0.35322362058377066 0.44845565652524466
0.7091715029740228 0.1806100037893974
0.5918300867371097 0.48383585484576364
0.409239443409387 0.3747033856008475
0.4354863015270781 0.3730628247586346
0.29960832059506226 0.6221755707028273
0.34003025031722955 0.2645523775330497
0.4771730392519996 0.8737223947249827
0.37041770441820043 0.6376916628568265
0.6074519287287112 0.9767412054665545
0.3805891667358977 0.6713241628216293
0.6668829700172337 0.73455476189799
0.522378551619394 0.07244509116181819
0.3474231752711723 0.863873990348317
0.5050148643901742 0.4042711250457782
0.6747149349360838 0.7815740025909932
0.7425784027938791 0.7297507880559548
0.4761856060322234 0.7442210478369267
0.4531111898077047 0.4146961614431407
0.6601232088396123 0.4582652748350786
0.4087529612657812 0.3448106267182631
0.4029173396519835 0.6220981650164953
0.5015996470586022 0.518504558503967
0.2652753260432398 0.5036584852819074
0.342563339156414 0.003063508936489323
0.40053347753977464 0.3992973054640736
0.4448898594548809 0.874608163638573
0.5487805432475223 0.27974102108886045
0.5717152911147664 0.8953064864478713
0.2545675745404208 0.7021260496752556
0.3530613002609475 0.03329298993814889
0.628986529044838 0.0740198608101903
0.2972440272175798 0.13080467118207284
0.572646875016021 0.5813821995657944
0.6991082591537733 0.7782671793163448
0.7348889919397126 0.8000540308089656
0.6160833022769138 0.03147856698578355
0.737286481621742 0.7751194341777625
0.2841921304839937 0.7943292413024994
0.6890516678043984 0.6776686520525658
0.467298317018939 0.9196922702738485
0.6405360743701314 0.3789452069187125
0.3943343885393903 0.7647916178875817
0.6906814090614896 0.21708265677349892
0.6666157188379073 0.2556211817691245
0.4618390787625739 0.7106105734237921
0.7420032253129228 0.5377295479781616
0.2705417954527094 0.5519937631720532
0.3602793503529633 0.5483003846637056
0.4086198452786447 0.06475645526458795
0.5156303570859913 0.5331553978573477
0.4800358778331484 0.2650740192988058
0.7315648804766997 0.6130215465912747
0.5592320023635758 0.7316711531402819
0.4034220826457988 0.9798258722825776
0.7414105920521383 0.9589842173162739
0.7183718901178883 0.6150974442228736
0.4348109705559049 0.7031818151390358
0.6186374970740226 0.7006570113632995
0.5635645654798316 0.2425838369990716
0.39537968167781035 0.16699452684555527
0.714875942794965 0.7606964350806295
0.5850483138353217 0.3395556252415127
0.5813702724051071 0.019830802039891293
0.525212360528075 0.2635500588416553
0.7317173171879863 0.6321880949002776
0.6274222716387736 0.3978256333136305
0.45649653954707714 0.3356627597524767
0.6668782126074757 0.04076221536774094
0.4226740232835233 0.7261895905669467
0.26288662816859154 0.734639726361017
0.5720554593246552 0.5489249890722542
0.6245593942983195 0.7504990205848734
0.4996237656347682 0.31769945322099846
0.3032962755288112 0.8406311241961665
0.29112173750459125 0.1572268100750409
0.5764506641347152 0.8608308964576026
0.33450077516978904 0.961331089798178
0.579519522124709 0.3887414287500627
0.7388735488548289 0.02649374878635391
0.4884345880954696 0.8637629023553933
0.7445967923846202 0.41191756394296253
0.47370698683961443 0.5459333385314744
0.3510359874597391 0.5731474272647447
0.478305159209957 0.7593255856145046
0.5958019212675728 0.1617410238343191
0.30321603574597844 0.9459103090662436
0.34724353226472926 0.4099142236516349
0.303525477016962 0.6448692185884735
0.6172474364840563 0.7566083109459215
0.574491541672857 0.030686546391166192
0.4554944128072187 0.5475652747057117
0.7293013728153812 0.6310979061448855
0.5801381320719563 0.591608107148998
0.27856936866591686 0.6519504035665457
0.3867956548353634 0.5746808398183201
0.6560796710847262 0.015232360940535594
0.7298351723281135 0.843644804611558
0.2862376316517974 0.593743408546174
0.6728107238564779 0.7848243386364521
0.7425217885890236 0.37660500579758316
0.6292358700684954 0.2952443147479743
0.3055421885604185 0.223021984138716
0.3800092712099462 0.8804333934908181
0.269245405854893 0.20829362937194495
0.6814937991868236 0.9643427492633853
0.2822831668944077 0.9186482469491539
0.48500330097485445 0.05356698982184438
0.7432150908308336 0.3317015274628152
0.41152979266046785 0.24304401542320742
0.39447008055045407 0.5919190966665514
0.3478084374287873 0.26034015369632935
0.2668091931168388 0.004448295278684955
0.3624292251672354 0.7147814680467619
0.4463010294083508 0.5785527337007367
0.6124934965279804 0.2175822529316761
0.6242993187951377 0.3326928522342557
0.5853025802988497 0.7095316403644836
0.5034522875480879 0.07433665264501499
0.6761269585738661 0.05030492424431665
0.5739857300178612 0.1801202013218841
0.6245275908455864 0.2201359039815921
0.3892715279066715 0.2914583292279621
0.4028657051014062 0.3970228708702025
0.2722850417206367 0.9220121513048382
0.42992310298205283 0.7688469528857087
0.4797485303951544 0.28424340097179446
0.3827554945939504 0.2847204990829053
0.28892083808462354 0.7818866836353304
0.45045339634671855 0.7055298373801995
0.5418761687763743 0.17522842717745524
0.7225724736560112 0.38458766016975465
0.6731435368933152 0.9286549949086367
0.4165783617362675 0.9675819962753189
0.39167881738986077 0.7072717858376248
0.5189089330700483 0.5448033598153688
0.5154159308702605 0.6031915205420098
0.49331491732564314 0.5896262949317976
0.29088491222085766 0.3657730601377479
0.7332000576813411 0.9578558059043284
0.5224668955214559 0.4487195371044409
0.2995532878525833 0.6856490378235133
0.26824354812368234 0.52364109317609
0.2967904721149943 0.9702600473202813
0.36924814958180774 0.9082413000181755
0.3174889426548144 0.7974535274617522
0.5874160394978344 0.7068679559006235
0.6887814916992739 0.7456814507064471
0.2659441694080651 0.5399265401684935
0.6033236673542479 0.07378441369844235
0.41998162907939396 0.4123768923810768
0.6277946783701558 0.8230889907544892
0.6816172675130735 0.1388356623986885
0.5189512974082182 0.4355432279544593
0.7359690482348916 0.8156637483205894
0.3158279694579388 0.7486146635677421
0.7477671860495798 0.47133211586648704
0.7442127867125766 0.7679070850329324
0.43617856727668114 0.5778751684840316
0.327250960301929 0.5971298347259514
0.33501190630922073 0.5049949858985826
0.44932072703655546 0.6329812759923097
0.30449846660604607 0.2689863630334608
0.6205562588528598 0.6634681100447717
0.46893032267827905 0.6089409939888816
0.3270030204081702 0.08763316075416638
0.5617865700652348 0.43890994672093986
0.3872254919545529 0.1567848102820104
0.4057694267870462 0.3739636220132446
0.5998126961167087 0.20684584049795807
0.42320795814384704 0.9209690770682034
0.4052333766435614 0.6082242711007316
0.727420565623115 0.8894759937283162
0.3180640797684078 0.5177057824187322
0.7410927768725674 0.1841371358263133
0.44800068052848707 0.5346410283598393
0.346095180744733 0.2316009660091234
0.673037102838123 0.4775823539873878
0.7211454693697673 0.6058119739554533
0.4645816715427906 0.49371387353601104
0.2731723191647043 0.45994048236148966
0.6172931076507744 0.7966212917799685
0.5971337725614746 0.8411765303500769
0.6478548908941906 0.16034240635714647
0.593707905824164 0.16765351426400843
0.5826650861989489 0.43174641742525044
0.3208208680610889 0.9004319147279487
0.36580700208656536 0.9983122360374509
0.4224657704475997 0.16020061153816978
0.300015800201086 0.7310808565630302
0.2532168560995782 0.5825652186680762
0.5463048539148695 0.6228382314331649
0.6536757237870866 0.046924737813146544
0.41317929387444785 0.9137965163528797
0.6412359039893244 0.7677156889353169
0.5340500693408496 0.5065929764423894
0.4704466959498488 0.3066598365553198
0.6568446762297806 0.9508559568995415
0.5076115194806352 0.39633762263847583
0.6186254782137532 0.5391272101281185
0.31716971113179093 0.8752920392526091
0.39056166458661556 0.059950419286892154
0.2514934565942316 0.0910143657007827
0.5444164578417198 0.07665931026667183
0.3568600082137957 0.6687817321360517
0.5033432218220638 0.643178059657517
0.34021084952472425 0.10847644224915942
0.6488718007113902 0.03334378909925806
0.3957213709190075 0.37780385506950154
0.3423071714911302 0.5468660568581519
0.2652975986533683 0.8348229765662885
0.4588496931338212 0.1917288241397418
0.49785524140136195 0.6815625131802148
0.25069558965281435 0.2286913486191774
0.2767133276248226 0.9680577265566546
0.41368662813004176 0.8867249607309747
0.7021638999174241 0.9847817613465473
0.29876151583570065 0.05941550618375502
0.39292240766273123 0.5342458752021082
0.6198751332128744 0.740181253238399
0.41583913446779586 0.25495326723264955
0.29702942703236956 0.1051949973790377
0.6979681500280555 0.4826238747580225
0.7303990420653867 0.6340048810616418
0.6350885027411602 0.4848986708696238
0.7381817969699835 0.3991068664283788
0.350632427826283 0.2511626130764125
0.3038498126839876 0.2071402528816274
0.6777381057500926 0.2584680158280199
0.31333680382490703 0.6234435456865585
0.47722924689871526 0.32134633218749864
0.6883391796407382 0.42683132828291337
0.6487952920866623 0.4356586319856415
0.599003760633889 0.7034380033635543
0.544544187075588 0.9560138468384584
0.5507936178721909 0.29376194688496005
0.6019936874111984 0.6641390317365523
0.4958936312258715 0.6288158654025826
0.3764237860940223 0.6789625689352082
0.2921166902910264 0.725659838595905
0.6976121783729557 0.6621126088920782
0.35004745514153646 0.10910414058361206
0.4956705733575487 0.9370244314233909
0.6823270905921155 0.017365271471194932
0.37822518339732647 0.421607656643625
0.45569840875534795 0.3528539960065604
0.29415636712571225 0.8669554076859682
0.36501139130290794 0.56192328934357
0.30894543848572453 0.8146966520250591
0.6807381115441278 0.1284138074064427
0.5621889168335258 0.4663206016066834
0.3717895944134477 0.3829001800047055
0.7103127524255405 0.9007214273604425
0.6523179207224598 0.06014884645338814
0.30361068989094164 0.015769756727061268
0.33728895469296016 0.5124041059066784
0.5365756766477949 0.9399969848585465
0.4991457649916835 0.7175071934414418
0.5804290101587335 0.6453690044259623
0.4818921131106402 0.21438783414359586
0.41363962378752206 0.6888595516556006
0.7068207290614498 0.45097378637342067
0.5027107876015062 0.32178077901900937
0.6043583974405293 0.8053652077459155
0.2584525287463677 0.08553646425742145
0.4000444350078224 0.8244027610200092
0.303424303742185 0.8166264610830589
0.38738428966255445 0.7913013318168414
0.6734551308935832 0.913943090692246
0.30085151692072154 0.4237691900034697
0.565075918713066 0.4540773040763598
0.2947395766559271 0.30726828048391597
0.25653283947622985 0.2647012846348895
0.5293067128782856 0.164252298507105
0.5328015782008366 0.8766310340751462
0.7475883892839843 0.9252458119765516
0.669295785940626 0.9223586751358168
0.666336978144437 0.9253013029170655
0.35971387528030785 0.8032333269817364
0.2964914956952308 0.9094993801937562
0.5695495558120784 0.39340656302781307
0.7025623931448229 0.28807351410995763
0.3976422215008433 0.535590844731707
0.6640935260301627 0.6213782399729183
0.5125011608141549 0.19796707291560822
0.646383440846764 0.1461524592137381
0.6569732657104395 0.19153207787277082
0.27308734792277434 0.8859933295207687
0.6443326948335062 0.7863187377103046
0.728923860595903 0.9012093711828929
0.5493980312733485 0.8651043991825804
0.4079169711442342 0.4193166339646678
0.7362705066914047 0.03433795082456437
0.31370121127414174 0.5595338722061952
0.7215663692553533 0.6099066958061425
0.2870182908450871 0.9900909815693161
0.48716269368126475 0.963560680656473
0.5791294516722701 0.6740618512738482
0.41874599993518224 0.8513959401904028
0.5808114548362243 0.8024754778616561
0.3217930729367907 0.5036290154400449
0.2712255034109897 0.14933654277463226
0.47734520176015116 0.37922499147441213
0.6572274979006224 0.7096149966145601
0.5296522688945736 0.1671474616665588
0.3871365647474071 0.09540378705753583
0.5339895785826024 0.2597468708502195
0.2840448350500223 0.9256946499701603
0.6452141035029624 0.4187481543298306
0.28610994220315933 0.4925568549365845
0.7458516684252874 0.6516733769852607
0.7286085057330245 0.034074555239108295
0.44960012923175974 0.4678276574377924
0.4638054044893024 0.7122099600255366
0.3822823037730345 0.575296962401005
0.3943860212091719 0.003488981391091883
0.5904486453443882 0.6149346618883664
0.38536738502187284 0.7256767189025527
0.2626660074340488 0.056647067330032996
0.6230098835878412 0.8119335829553055
0.4954105179768761 0.7746819508812705
0.6412268437837356 0.3461379821726708
0.2678736827937268 0.18422014848830304
0.4037179246353739 0.5284275417754731
0.7197408584594361 0.20455687531945055
0.7459775456286761 0.9440473057325919
0.32482025394890623 0.738042593297237
0.3151239981921604 0.8297570449661096
0.5123132195345241 0.8312552655948999
0.5866202967778703 0.7270181217844629
0.30763051493422344 0.3077722205348794
0.3117987752150896 0.1809602718991764
0.6992318265564388 0.30850911906100564
0.3801850256699202 0.30851732465371484
0.42786710076112355 0.5937193524089192
0.7095506862998838 0.44881234074266874
0.45903419716521954 0.3906274224175832
0.5037263218178274 0.022283184307533066
0.38288911045754337 0.4839729341601259
0.28554556579777024 0.10239426820833442
0.3832450666188887 0.15457334408721757
0.39363268057365486 0.7993529624282356
0.705875875461173 0.77906235116604
0.6118812188417688 0.9501520186229253
0.43063708335272455 0.9622635658356722
0.38782969826929947 0.04802128196543587
0.5661878675191021 0.5307255353591802
0.41367666046255724 0.6292720828784915
0.7412013885148468 0.2983619107119748
0.6423018444775794 0.10918226030097988
0.4565886862311722 0.04000936678800837
0.39926636207731236 0.7160304544927149
0.42283230577602915 0.41115366052888425
0.7314788521336058 0.31624954806574124
0.5147014139091685 0.20090763166285408
0.49282291730559946 0.9867494262420388
0.6094517930335096 0.588820723471998
0.6862404657029968 0.05247766977045376
0.568816516990281 0.7600939020247531
0.5750799350214831 0.12927535289322378
0.5362695442664532 0.8990223122000206
0.46698484372343907 0.5184547553989439
0.5973181870323763 0.37731918014133237
0.26445810232427147 0.11360547144281363
0.3519113388136682 0.006139149638770602
0.5910328791812028 0.37686603882770864
0.6141220512076412 0.31732148221089984
0.2860721478394783 0.05837518082803739
0.49520523033550023 0.34964379663502754
0.3219376061686755 0.5441187713612384
0.26203658036680133 0.9934739588017902
0.6830115625614147 0.8844681709898612
0.43857169684183517 0.3671111687321127
0.25792282470154104 0.8610057335711012
0.5794807254085449 0.7218300910130769
0.5890573813561601 0.7889504360086104
0.3766111334222787 0.006231451749276751
0.5146979170123899 0.9363824896342461
0.2827663954047832 0.4581371312161384
0.38507130097694187 0.6082552695525136
0.42813211966294384 0.9830269537038231
0.568465682399073 0.7597469779952019
0.5573764652600234 0.9051855306772609
0.48431493807253223 0.5114418854682312
0.5027649567386021 0.07682327889591012
0.29625553370929536 0.7213687572102778
0.7055633346592953 0.8803654501619548
0.4605852933430632 0.9131902368698418
0.6631173609559519 0.8989713056585372
0.5662869144179296 0.4350772091639754
0.6779120789858384 0.05818467061642052
0.369080134705317 0.30416796626414533
0.6759676867419927 0.02907111215785796
0.44904333037304434 0.5952979491612362
0.46222150320701805 0.16438337009644433
0.6538156676026956 0.20147736228951296
0.43876473460855947 0.9997348275124197
0.5229718185151189 0.16170094879727392
0.6451973883156696 0.5237189883605334
0.46853755964281896 0.20486193880629133
0.30045638083284365 0.7295901020746054
0.4351999422869305 0.04742601849110206
0.7247471548865442 0.7260323523058034
0.2651077514981336 0.765999017585266
0.6310923232523902 0.09252925914859755
0.6091253113227453 0.0581746317592875
0.6180181124265286 0.8453798946309948
0.6259756427407339 0.9536360916027938
0.36835073886661995 0.5202000779965202
0.4989358855631032 0.9460263602645687
0.5396520798750928 0.60135905478125
0.6519041099854017 0.7455658221989496
0.6464672414866978 0.8519957732919993
0.4235765721902872 0.43924009053325563
0.3290583029728875 0.43944918649538767
0.27877727754748804 0.8396767164664863
0.3100836699167907 0.5908232539305946
0.48137818602549254 0.10565271417856503
0.3083744823144595 0.2921024283511321
0.26701786292508145 0.8199369198991677
0.3390275607840192 0.9176295331202985
0.7260375985682452 0.973000023088178
0.6615541077207906 0.7221439533258245
0.6073978737029014 0.7035418788690417
0.38901337196374575 0.8744974146422814
0.4597881901863242 0.45215055039545937
0.615728216801094 0.044130529898968485
0.34971696113433204 0.009660536625605731
0.317635895629506 0.231158810573595
0.25762953809604483 0.7035020508072242
0.7082741361938825 0.7407286776735729
0.6901594866733215 0.09788862580511704
0.37549968269307 0.9830698303399122
0.30013729644517595 0.37926863167356895
0.3116660878701921 0.5264385561403416
0.7435651550113909 0.9519975422648819
0.5342509258601086 0.3934227671324062
0.2715473321083365 0.6732072792385
0.650514566640696 0.901510236455414
0.5204775367527432 0.7849240572866742
0.4900269440453776 0.12023567909710131
0.6657589424241567 0.4109701042866567
0.5791649141478452 0.8708186250710027
0.6609910501137519 0.3769236614704581
0.5476135747368532 0.33251934748639966
0.368692498316717 0.8390037146810561
0.26912198720653635 0.38591864535908527
0.25534993626404257 0.87263342423508
0.6550017189999875 0.11304563974700921
0.6568965330847284 0.9163414813896462
0.630268888128632 0.4820755837695764
0.2504677325792597 0.3678265700739133
0.5817215802677718 0.651096712192869
0.30836075897398907 0.5400527242966517
0.7381932927349927 0.8205616747093882
0.7283338639110718 0.6791658301631942
0.5629626516401282 0.28224713158416914
0.40939514936011534 0.4861123691850934
0.33636043682659467 0.509996067279413
0.6912273262753174 0.441223184055062
0.31854528258414727 0.05741618295162132
0.7299795160714869 0.027018399794337178
0.3359578617748029 0.7042549047653651
0.5715196114329306 0.8260682470861065
0.42488739771298334 0.6119156293549562
0.4119314831873989 0.0174268080935871
0.34593720673694006 0.02637371000733768
0.5184984379394931 0.11577895807565275
0.4573804735316749 0.9675097171746445
0.412638885935653 0.07824036535551893
0.27644962937309836 0.4497046260576054
0.34592875732507844 0.8438158173526934
0.7118116211714841 0.26895739239024485
0.3534612256070906 0.2020582318576144
0.5574851565253892 0.7350462189671368
0.7268241928457791 0.9221109487087163
0.4210693265526395 0.6672216797930026
0.41656369123599923 0.12806792115056398
0.33716424669945055 0.1789620807652723
0.7279036524394127 0.040507393769203204
0.3264837827243787 0.2567784139688438
0.3575911006672914 0.5385980549858566
0.5384387947409781 0.5074126458218151
0.3747779616753649 0.4417062757027236
0.6090614878600339 0.6978890473980067
0.36472908083580513 0.19819144526275956
0.6993996064752664 0.6030838478374472
0.6383434306214535 0.9477333545136392
0.44832103219927066 0.3105472444776036
0.6559046408464582 0.10083392070703023
0.48248421186090384 0.8695235558489628
0.2836242124120375 0.30108802405432555
0.3337831832386615 0.3706754198319232
0.323751459223948 0.3250131091143572
0.6577085557563687 0.30192214391319805
0.38866151232836477 0.8598552863466122
0.556185424480792 0.0678941964990929
0.4986862651409464 0.66116194465193
0.5168741772802637 0.1723898093939843
0.7020784304550272 0.914418646165411
0.7132563772788639 0.9780459517095855
0.498930229280379 0.856810223405283
0.5828872581855015 0.1114022307107102
0.285383738649604 0.4308671591797236
0.48163600987232724 0.8176491771736449
0.6038055958715376 0.7107578876827831
0.3739330693261045 0.9149729513753365
0.3059978686921748 0.8053855005214517
0.5928036601285486 0.40620594017878164
0.42328551672866943 0.8520373299169205
0.4833876153704362 0.831445792762219
0.47394683199116694 0.540998252067163
0.511156228454112 0.6569824481912627
0.32687001610536437 0.763307795255942
0.40475847321889513 0.30501768009078634
0.5587461155253242 0.9876800295210026
0.4973427838240455 0.3578005749572376
0.2552683378133711 0.16495669365022636
0.5479002530714695 0.912648298468609
0.49830237010403255 0.6781158036969104
0.6508628282204368 0.6565368163163626
0.6848232282359241 0.7816002753788437
0.2648276068591663 0.23124062577859283
0.6794203380590051 0.6884659170819721
0.4248994603151738 0.8263312123826934
0.2672156035898554 0.9266722732486623
0.6020043449462247 0.5268565572142484
0.3940814350736811 0.6304872270725087
0.34671474579136263 0.8673448606832225
0.5618695745990172 0.8658667583644656
0.2777487488701351 0.14256508245305233
0.6928177664265815 0.6100818656972505
0.5176834518464665 0.3567444024147485
0.6023794894941163 0.24511133683401176
0.5975522984479608 0.5117032690735911
0.2768793284045167 0.7950668659017718
0.6034830515158055 0.20554718027857033
0.5619597855906998 0.0824272415009758
0.321376489134678 0.29874423366048
0.356919875533262 0.014467264182397521
0.2758341171890203 0.2054724538054854
0.597779730122902 0.46925386806744773
0.46884539491195576 0.31453287436888977
0.35700740620375104 0.7500616079771286
0.6782286974248491 0.3629318518711866
0.5663114385577032 0.8852991700851985
0.29910460975156794 0.5175025743462045
0.6672875576802209 0.04055105794322589
0.49371837054497114 0.7488105028050519
0.5406171309687315 0.5319074191024189
0.6830272019204647 0.2169051133774591
0.4816472991635756 0.7055343782866922
0.6437101330092738 0.5661559738231102
0.7172931142326495 0.14654138651416382
0.6236233134440972 0.6364758045870261
0.4098048459478556 0.4306456348913206
0.2853730391160828 0.1968558130556196
0.46024189678088057 0.04525879373059993
0.38443312681352537 0.511983977998902
0.3401511652748205 0.6070996223636107
0.3938074129728488 0.6599661843932481
0.560105678713403 0.9191506419363309
0.7365086095663983 0.21369299160220256
0.28901838547775904 0.4974967087814206
0.36612586053628915 0.13566861006494935
0.745774784532803 0.7715455691597546
0.5741739332727785 0.822821537080711
0.38589561593931 0.3063629970874018
0.6663448315346971 0.7545815805763946
0.36500299005437 0.5212098669586365
0.4604337826147509 0.7826171807941567
0.25347624071642716 0.37404900445161415
0.2839525760288888 0.8993096549122911
0.43095767664608275 0.6226863162094833
0.7217395898320459 0.519093339959561
0.37920784842362354 0.9117680364092529
0.5422912385531188 0.07847385201766
0.5362290712427691 0.8470551174634114
0.26585920638819893 0.22362119806631797
0.6337785511615825 0.4936015809979156
0.5938893085027243 0.8860161752664089
0.2650145750290942 0.5186539500227179
0.4256378375331571 0.9083446442678946
0.7196514392582679 0.47643573437897835
0.6614792314967134 0.08296157173057206
0.5410324946680991 0.34829840345865315
0.4622846946165805 0.8286073742897114
0.6002898697927559 0.29909362028601594
0.4015371224282256 0.13401774784134124
0.44696152702581593 0.8604178246162927
0.40477476698738657 0.7009860918104135
0.4809994119875053 0.9167925256467803
0.46706234330546414 0.4095255192715377
0.39534048689228707 0.019289217709929196
0.6306734147513303 0.7436270097640834
0.45951095479397364 0.28196701490223486
0.5443830998887368 0.7780627033988349
0.4822149754679067 0.6743003660590283
0.5629670308098996 0.3231844199658842
0.7294045793917108 0.8198561719533157
0.5866895876016799 0.6397443775179401
0.7258619377799879 0.28069785010807546
0.27356060268046745 0.2862930075942852
0.26266687669267075 0.9176055546146676
0.30043054530498015 0.1208738144248479
0.34235980461189297 0.2648153815946762
0.43792376018415025 0.8851599284862608
0.4024200144781801 0.4157265977428408
0.36917892680966546 0.14084658765581382
0.5820781500739564 0.16501036323884588
0.40252942560484484 0.3362384869725522
0.5472719638118213 0.6241168574655352
0.3719211156494754 0.5366899891233273
0.7451942648665406 0.24590389057393158
0.7085538452565558 0.41570627651749714
0.2594094096100277 0.4757723073710751
0.31796098213658397 0.5861307136647916
0.27101733289037955 0.40602900313674506
0.555519356505832 0.766213769343538
0.5445554170776905 0.13231508756389476
0.4637584282891569 0.6134783984289539
0.5498674346791489 0.5720540275786593
0.7190947869950701 0.8578412501079632
0.6945535568999885 0.28747785841785367
0.4214187834541735 0.8096253250094471
0.7382799563461756 0.13394907816490043
0.2691233348048313 0.0833308596982173
0.3282005134117827 0.3967873936315982
0.6470940901003814 0.25033712693385746
0.26799803942539013 0.3174094705473628
0.6525838504270736 0.29961411782117575
0.5888107159189366 0.31272001880909905
0.36930140755277163 0.8903896182669977
0.39623495460698877 0.5598934999465298
0.4801273352620995 0.8911656366612025
0.2621125247824937 0.9349943010925565
0.254401032430676 0.8594550158690633
0.5213123654296544 0.037696167653514245
0.6989342276937571 0.5151184300201594
0.32031956429019814 0.661009452104108
0.7355022354177727 0.5114309961524733
0.5978964269034319 0.3014112631855177
0.27289586205888794 0.5712644605917969
0.6927500045121305 0.37576440511955167
0.5719442183339009 0.9094552592689724
0.35416336460257447 0.23480668540952399
0.6794738262624939 0.5238464616729713
0.54648983680658 0.6165762557416271
0.7046341608160368 0.4183820798083774
0.696088088394402 0.32125739842705336
0.6335457227993374 0.9811816565551811
0.29010428334565375 0.6841054098969515
0.5118207174528482 0.5189347944640318
0.355703438195337 0.9193506544558419
0.3462546459721084 0.7137747762667284
0.5304257233271306 0.03684902689329428
0.5365356298561423 0.27646379900740436
0.7278224976752629 0.7834972915649262
0.7160871812798403 0.9115255989060389
0.7017780081645754 0.38005410088731273
0.5459226115946009 0.9428796735988607
0.6492918229200555 0.4598219053107213
0.3765612535762871 0.560076933982288
0.34627824780976935 0.910357704677449
0.6452546601240179 0.4185141749466459
0.576082917128502 0.2671870512951464
0.6272407662508622 0.3308935673420278
0.25130026004229633 0.5519706388831126
0.7048360008675485 0.019054620163330926
0.2746598040060234 0.16398716442464234
0.6639486651719086 0.1899893692249286
0.37957990327187086 0.5689499986085549
0.5438754970742519 0.8772076983665282
0.4986531634335859 0.23653055122036837
0.5344603497728591 0.5987821107422258
0.47266061170124396 0.4089519867059912
0.28549563807132716 0.009596797727809858
0.4414395853477937 0.8212447474883644
0.42379725328291684 0.36031249338868965
0.5623295353954162 0.6715331439820651
0.7087777879694026 0.6320800480185649
0.2679966506680391 0.337321165716438
0.6572048484199905 0.9798137135149683
0.2893173589821033 0.1004569489055912
0.6911812683769174 0.964929591106278
0.6022572952979974 0.3005269826563731
0.529054779037936 0.8891282377524723
0.47956974027285426 0.27227833336625784
0.4717813505467898 0.9222433027178729
0.480706932516885 0.5073907046017304
0.4534417569285073 0.9592706892232021
0.44220623997191355 0.5195943504239842
0.572167315908114 0.29816730511942946
0.7004888979835668 0.7298906637891928
0.6259369604958742 0.22795490810447794
0.6770370343190061 0.5998856564767127
0.6178960840233042 0.9483139201513618
0.41649299213496527 0.42467904619662067
0.6900533312486822 0.45213971375927886
0.7416085368895391 0.6023723365578038
0.25860409813788043 0.7130781100601692
0.7235483332347882 0.4400198089997037
0.6236839238929766 0.2275231706855031
0.6580176924599217 0.9545920467355584
0.3255810110267474 0.32149418726286005
0.5572340772460473 0.718484829193269
0.41249820394552406 0.35802825569634233
0.7107313349256402 0.45414348033119056
0.43792681686067614 0.010983402477964144
0.2585584943808332 0.37001313271455305
0.39754420487425846 0.197627276518078
0.6899488740088453 0.2072210642705895
0.6070942674007763 0.8420017304858891
0.6147347273080989 0.7676991903535407
0.5724553346764409 0.08178754950596057
0.38794722051413466 0.4420633484134008
0.25870685299863727 0.18368794351841422
0.6953885125329378 0.26295586179889396
0.44960813080055717 0.4871853008451148
0.5144447477698252 0.4345993303330121
0.519215324370033 0.32347365106259673
0.599950175105457 0.13578984998110888
0.7431551941702949 0.6075220131423225
0.6338271380680262 0.8842922251555884
0.7028354413689737 0.3783191375940814
0.45154853277969886 0.8834786893771195
0.27178251784365326 0.3984460893699413
0.5801015931305586 0.9772705118207293
0.7379394427811209 0.5626082012505574
0.2684176283307421 0.9377755453204021
