2 1000
0.7560730405051954 0.800674224571031
0.07565697303846708 0.40302540546150256
0.584067879446501 0.5163534699412209
0.8900411958857755 0.18673514621421106
0.14497112854596883 0.5417466163682574
0.3035242024433006 0.9817078423019907
0.37613070559968953 0.9753885227690109
0.8232406840030354 0.7743654001670348
0.33204567112879857 0.9370590614562533
0.6682326196081517 0.4742867328838445
0.6169672946770233 0.6030850225974008
0.9723988287271301 0.2773838734845402
0.07810015693035555 0.7014746380120236
0.6477379581913127 0.8631942865964883
0.9326605985248247 0.1446381541089583
0.42941963500473834 0.8211543624971155
0.032015653315287884 0.4167086473104399
0.23742293318486063 0.15417264697164057
0.01715310178642282 0.9496152991616869
0.2504795013947537 0.902654950934869
0.639068539930128 0.7724230531896119
0.1499115454497384 0.2868193333949318
0.7595535898951922 0.6756479206071352
0.05657851832532812 0.34871315268227
0.9871742434473109 0.8306839794322876
0.1580563484448595 0.8207794784236616
0.1847219106443626 0.040939142715715526
0.19411405307136143 0.08143597845086226
0.806527670396081 0.6729471540345539
0.32322103135672653 0.467412475736282
0.20565889781961044 0.13754558520322513
0.4046882111166379 0.2484105883227058
0.7811254432388481 0.6799888714817648
0.8077884111083915 0.7088029881880923
0.8996666064047746 0.645524699148794
0.6731406029842248 0.8143745306660422
0.0640273310282381 0.5276620208895557
0.7733829644025813 0.9048479563045002
0.859303021704262 0.7579732724644428
0.9044143809532309 0.1647864417435312
0.05376737562168077 0.06815164191174183
0.2479131747381259 0.6468906055069529
0.7193537107559287 0.960840483171974
0.049176419198057375 0.3242611725251203
0.9867194814937652 0.42326163820281104
0.9602620972404069 0.7114472493297729
0.391470199191556 0.38568966835511453
0.3995502465090931 0.620138732288362
0.16586758593676887 0.6950507270100352
0.6379755101135921 0.5701498276323991
0.13101323224552686 0.7338881751835399
0.6320652176575237 0.4210530063805361
0.9814812064553338 0.6383940843164367
0.8420301246196735 0.061560910867803575
0.4177002784895424 0.22639022330816494
0.21078268117430565 0.9493261487464328
0.43884275136686124 0.07552835467312713
0.647087916614442 0.7061931426143128
0.36208454727104167 0.8478504060190091
0.193506414004866 0.0961748534035114
0.3690028438471582 0.4985471175213214
0.1570033014560408 0.002555017080597466
0.18138844858619196 0.6524589949882212
0.24375540648652072 0.8615790375234295
0.5806480742307508 0.845030017511475
0.5647770367477005 0.5117485339208847
0.44085374746841177 0.8624693139373364
0.6158567358230069 0.2106085882735067
0.40324295930070686 0.1789681650627346
0.8816298006237298 0.7110287090356135
0.2778322856057338 0.016229082490295865
0.2036166612069591 0.37167781627062135
0.18642712394391958 0.7906972413386959
0.9577295459817943 0.3200307590733914
0.18574223952116808 0.9412205472276725
0.8157666081619253 0.7149193377496514
0.29466664811279586 0.144902747952958
0.8786008825526418 0.4972712800376109
0.6134841945442596 0.4134156363077367
0.7216792326264495 0.5802400255593488
0.6519718228108345 0.36248531830955966
0.9032912101594223 0.6996206203743389
0.7980936044772786 0.6427580794630384
0.6105711453413663 0.17210297957294185
0.02600695073614645 0.610154632294049
0.8321706228357966 0.2589622431503976
0.031919719680885916 0.12665136320161285
0.010588798691700263 0.984227238848009
0.08680423823792094 0.3176327153045577
0.1445918381043111 0.7936804755710907
0.738797957689083 0.5223814684949819
0.7147245938489718 0.1747032841178363
0.23459679712045323 0.8378330983219187
0.63192472410102 0.594124653490624
0.2503076542620869 0.3376268073048352
0.4149829766355073 0.6651146190770316
0.8636269533124616 0.7751344691091522
0.70679748361556 0.550414704748308
0.8557436883219577 0.3920328582665805
0.27130086039381496 0.2420009502402466
0.7320873260788532 0.9394054184522443
0.9248365772661109 0.993133092455699
0.7559551570110712 0.08633226842510455
0.7395520791335849 0.9435021795925825
0.9247025982524898 0.2346601509113555
0.8087059359468751 0.87955683791308
0.7169518721367821 0.8775796359618836
0.35014031867973394 0.06015854965700096
0.3951779286615763 0.10618660052359752
0.4032210985041855 0.22593433833191134
0.046117395006750384 0.5789369562603693
0.006969977706577701 0.6021866837381099
0.09329782307505707 0.9972313395601374
0.6177394254240163 0.07565757494222647
0.6558482530581504 0.47671140623910135
0.3148302453360593 0.9317016159848295
0.4422986560519212 0.3631221762068666
0.6549426946092474 0.9042981080187781
0.06105406138225611 0.07864198722346794
0.8437326136846227 0.11765247021052527
0.884223321924639 0.13400771824508073
0.796897800306525 0.9279146291446391
0.207084864832221 0.6063952034589705
0.4017364292980712 0.3262116394500256
0.22610444062868285 0.18922827768169292
0.6334403470330418 0.7108537376208685
6.167765749837129E-4 0.1342930964482162
0.8021971433755937 0.7414174188051703
0.17364018216044785 0.01926023064180149
0.3323808292161461 0.010675545580959511
0.714836310946206 0.18057923198595305
0.20294744958943756 0.6649918817890288
0.37546737529222785 0.5297152427867714
0.2827479576780958 0.9711832410682553
0.07323902675368144 0.9448094406006188
0.42522486565716966 0.036013763984532376
0.8985890104404074 0.24565815793134538
0.7748948358090588 0.896545034361502
0.8581958170675592 0.7608705877269981
0.27346252540554683 0.935107207338811
0.39020263104954644 0.5286658140227499
0.6931113842777566 0.6786959853960755
0.6523553411154217 0.35810105327205344
0.920309028234131 0.031757868871241546
0.707159186946504 0.4991766217717387
0.06232615667932673 0.4824962780224451
0.36198504656405195 0.050624544321355214
0.8798900876489739 0.2786366016843689
0.7671980691709868 0.045698724626095255
0.16702978745342223 0.11579042716289023
0.13564313004906814 0.6656803500391607
0.08814100646076117 0.36783727856319615
0.7679707018401324 0.9597390203254098
0.7935128824920984 0.6803344695579631
0.18026928524434238 0.09746476530428705
0.6900186553135826 0.7178254088089367
0.8269439894270955 0.08303797435606453
0.9490572838066865 0.5188684677421358
0.6218655305266774 0.7762812023491501
0.12891680298702135 0.47945264462894055
0.08950581239969801 0.2811593869191584
0.40986412246563286 0.0991146164165837
0.616679730409373 0.6757743073251282
0.17307681135573638 0.10956363640040911
0.8983850444118489 0.4471311111784263
0.029396626245117297 0.48593237858143745
0.7332822724192124 0.8332387649941363
0.8916575217043351 0.42655925419579777
0.6538705045830746 0.14115393679527954
0.3581726551305646 0.8352977569879507
0.6562611204180124 0.30793195872838874
0.2515251270411458 0.7219811171015976
0.15697294183952903 0.9592474910610485
0.1020119840233954 0.06563808011996841
0.0027911413534466023 0.37666217570033833
0.0827902372617314 0.39902730782102946
0.5889890085576974 0.35340084401976013
0.721042028834311 0.32401342301102587
0.7566541865797438 0.8063527401993899
0.5823424282142198 0.7178013003616116
0.6994179573209109 0.4909871641140957
0.2784909065855675 0.8919874964939696
0.7292769638869977 0.9757265144688648
0.06019647011506091 0.46070287240034213
0.9714473973853234 0.18362175398213854
0.765709157189415 0.4142321509637896
0.19828024614094364 0.7049268944665756
0.7776841384825326 0.34295983691275533
0.6967667429604532 0.8151923600140105
0.7090749226323994 0.907003769227627
0.361640070688686 0.5916878928811559
0.9878095664738618 0.44847068037116145
0.8568407681070466 0.43689869775298096
0.3844818430222262 0.05285370957801738
0.3277649060936464 0.03350421977590612
0.581739681324267 0.831150821813147
0.999621321755661 0.22556517298145817
0.40134166242847247 0.406045507516681
0.8551374796281085 0.8097759728586306
0.2585164380873852 0.30751003257942444
0.8098245153446786 0.5216978133959294
0.9795277634080589 0.9639696223175077
0.11106092602990913 0.38426728382943587
0.962382624224843 0.14093158641783687
0.550022751856204 0.69145348713283
0.9491318779223515 0.9922521890234202
0.7943876602296074 0.054108524274503855
0.9521811934177655 0.8628988689986146
0.5721630779123825 0.26298354087405207
0.24957260500549128 0.1371153263445648
0.6091379093246997 0.8540733568796197
0.28578395345959307 0.07967759986595435
0.28423704000270567 0.7999052540962488
0.9994161285363179 0.12911262118216182
0.9796801163512632 0.4035843139453339
0.7043318442892256 0.25100870828996835
0.8511236800614569 0.47838574717740645
0.5815524705383053 0.5793235506024421
0.4133090135778611 0.20965784662886844
0.5517237547728587 0.13983711456923098
0.26273748009452447 0.9961082519630848
0.27822121970324754 0.42955681161477866
0.6415357928378583 0.8525801295833818
0.11661167772842629 0.13377951351096695
0.8984677457307144 0.15565650751756788
0.36522945489747083 0.619263351433397
0.006554180351786343 0.6656975726925186
0.612751173956457 0.07897798089989638
0.6800799951845219 0.33608274111370584
0.18198229568662783 0.5213851994543408
0.8056154071883277 0.12036938692146382
0.09230928788395909 0.5802537774690959
0.664446967236274 0.7821709273637495
0.7852146354306347 0.3963743838657039
0.7452964426352965 0.29874038739026254
0.014766833187054518 0.742747435033166
0.6117811638515465 0.5048231739262401
0.6508834310992425 0.8364285496275816
0.4161067621738057 0.00515894762735325
0.7957997160013127 0.24200556272951634
0.2189015620404703 0.5282274730358743
0.33497023288857186 0.6004478524296782
0.8894486077142988 0.8914402018490977
0.3617425263929036 0.18510151628821725
0.058795527252569535 0.8517910372352471
0.8827004080228166 0.3956617773209188
0.19399335364393033 0.7808419803223738
0.13052210059923508 0.5316134351766497
0.8447787224434826 0.3967121184063175
0.2906075549992523 0.3372711785731498
0.19331016686835312 0.4339444731358487
0.9215332198718074 0.39770432433274105
0.05046584535469911 0.9731889943524172
0.4417281086455075 0.27726132785910085
0.06837644045952573 0.3660827594779632
0.8804996806564085 0.355066835616329
0.9346430105573971 0.7001695094757038
0.7872919272796057 0.044419779382874114
0.7081859076961413 0.9225635108026085
0.8967154981004097 0.21367870277921774
0.5522455774142444 0.047188869641902054
0.9667432927551557 0.2200003257134917
0.4199919669035549 0.8655435356650226
0.6555916352334793 0.0626498948585763
0.662959115617181 0.8367731425886881
0.20115747668611605 0.29908907619982517
0.2651669552563689 0.42073940414858535
0.7584935822640041 0.8475118483055215
0.2995218293506673 0.8138260806426967
0.9906686220888057 0.897995623899111
0.26789970146306463 0.35986324411682147
0.8859294081259463 0.03767555981668047
0.7758746485667387 0.19306121888943906
0.7688970301246226 0.7434273949744178
0.8654095098423197 0.765125677976474
0.4262685570163566 0.2409914006167384
0.039162118842474225 0.947982847309832
0.27325163090360594 0.3178732882551162
0.7629088775115582 0.22531195735750398
0.04321374920074672 0.1363587622335638
0.9277142352072721 0.8608015491281309
0.6831940574402094 0.0018019131632550645
0.058515490913719215 0.02281344400689267
0.9241970723562081 0.2979587807839644
0.19611322332536107 0.06179882676319581
0.26986395223741466 0.7718856906115139
0.9460925354945945 0.7464291600608702
0.6281605797746926 0.6933333270761778
0.41363122542938635 0.9627554425209836
0.2837900917047913 0.11251907170394126
0.22012082399519872 0.1640800861241628
0.11306175977750177 0.23294858792404316
0.8430637569803231 0.9004007733547511
0.38718305292380917 0.6396840005681901
0.8551162915187211 0.9080781610572932
0.7824791391783373 0.8732420853756737
0.40120700562900646 0.03615220368956096
0.14027641508398603 0.10396089882946502
0.9343851344285661 0.03230024046262614
0.9220722298438648 0.7431867284661953
0.9484526296894839 0.6031236546341883
0.040909984133970845 0.9991692654754089
0.9870036577149334 0.09607431240781727
0.034931817228788575 0.9701172351256858
0.24845726234413779 0.5574122444620262
0.10453784627720708 0.723620496526742
0.7021452726131844 0.37179910661110693
0.6199986442046627 0.6287846851978487
0.7561342578800463 0.6036181582620842
0.394904380778334 0.04904433713786882
0.016051711086402798 0.837279862958149
0.8531589842067387 0.5916905013188271
0.18972825505726276 0.8544128053431295
0.06767390752720559 0.2914498833922462
0.6329585689501749 0.964471945325747
0.9656963568053499 0.6215180063047199
0.8341205318332797 0.8756877103960147
0.4324242464511142 0.1798577708592506
0.40282219518584017 0.4915197946900569
0.3536344109982785 0.414724801274703
0.15306209626753897 0.8646407275630706
0.9599757239102349 0.4529985640058637
0.6839589370378039 0.2432240680901796
0.20757654653143365 0.8389892818453654
0.9024219756695061 0.873810126033531
0.03674561809824928 0.7679244149331944
0.17906753264589947 0.6491110158803015
0.23999326481790728 0.7316503801504957
0.24744608022750458 0.5448006088498717
0.1716301253634992 0.5638933302792964
0.6561053592808358 0.7272462105673997
0.6669966987016199 0.891527079416242
0.7887683426830642 0.9174570104419745
0.010369688430696411 0.8412647835143229
0.2866581597156772 0.5308282998180293
0.8722185055649667 0.9387426358851176
0.0962415910400497 0.04273103625524277
0.9210517971678652 0.06372498931105841
0.23920498351346997 0.44865522886500453
0.1171222327205963 0.8436777928615194
0.6666040354373345 0.6154116416751021
0.9499553475456813 0.02599068005927052
0.6644992001758707 0.863547936006191
0.6035782296236858 0.17178137379330316
0.6109116684884153 0.7538495320772594
0.3383277100291766 0.7282655216762818
0.9656035070757935 0.09010660032410367
0.32825510394412283 0.4694754379218291
0.848708950887334 0.6792821647013972
0.8256881652584293 0.27397544373077864
0.9749296957818968 0.5254546125621445
0.5749274250157531 0.11262176238574251
0.5888004883947039 0.23843745139215777
0.3812021098535654 0.5005660214393368
0.08501419105516927 0.7443320187337967
0.716286195671608 0.8080886957016714
0.6654820309084384 0.8136917046894597
0.9530772910374103 0.5647183686230487
0.023727039347761547 0.3386335625860579
0.8453508215942195 0.6267754114784789
0.8875198441933523 0.7379280975991792
0.5637547196249159 0.6244624238781541
0.42028999785722243 0.6631500843868647
0.3227703541562411 0.48148294930259716
0.23863234410755518 0.6191973802289156
0.25535239574864266 0.21542684104136178
0.6246289220379192 0.5135506255993412
0.017378896263784194 0.36270323313628283
0.3056222619852167 0.7583868219736084
0.0922320821095668 0.8529963822362203
0.7576139555670319 0.6297812163887255
0.8759587460291204 0.9673313391655521
0.41340379149387163 0.3092041743746191
0.7569928202218685 0.05081520739596401
0.371091009445792 0.8046206682871271
0.76012119750337 0.3451576100652928
0.370975000198841 0.3067849750409495
0.2157314154156491 0.05430491927192804
0.6072774507964204 0.7113071968353304
0.8500144345032326 0.4308029111085613
0.07892497605611426 0.01300060956020066
0.23138900115565753 0.84276792200157
0.8056266780976675 0.7944116516576156
0.640265792548108 0.9443941922263175
0.7827250071818107 0.9145284318708499
0.6622061532159479 0.5298907546492911
0.8483713481934544 0.7616224122870247
0.235520480060594 0.5948430426486297
0.08443498302288754 0.9152316051903937
0.901665517328829 0.6882832803045993
0.18632993367383732 0.7891836684635453
0.997801498761128 0.7076369840940582
0.7098593350348066 0.09293026986693442
0.8372742091684741 0.20424970988872226
0.43858751208095104 0.39306312636487406
0.27892277489175865 0.8737877402031275
0.15204173395447673 0.9790156929907662
0.8910370078029677 0.5546098011945696
0.013077108199675669 0.8241366494459001
0.7862154302208406 0.6291255419597793
0.33237810767544973 0.3421170893717458
0.09513377816438617 0.5712000199918705
0.8149288440312804 0.602331077088059
0.15286650194466878 0.7216052856582194
0.20258766569419706 0.6555216343056824
0.008360067685527328 0.19124243297167798
0.5611073739099562 0.2949851186665613
0.8991215663584954 0.21137431144193564
0.8866591541946939 0.7148732754485563
0.7231736702135931 0.7525050016963047
0.016450015484829716 0.6055958337020375
0.6680771230070264 0.2782628855371927
0.925453737199593 0.47056671740462763
0.5792170691507129 0.8561127456020142
0.1006848294421373 0.995369916750436
0.23282102689316653 0.1973297793430926
0.017140636125038244 0.48354588498208806
0.3093308836669604 0.7537482267159585
0.8947407331997171 0.3697633871868603
0.7842304705570964 0.7082309003383208
0.7596243279030539 0.2859488612205673
0.8117196108951078 0.8439479573408826
0.20905428239596302 0.2871470548390326
0.23680241613381348 0.288865583946438
0.29456463231290997 0.6025599297725174
0.2546642550912618 0.12285248668274817
0.2048049862693032 0.0492236038565792
0.7573575210952438 0.46780330066716014
0.8656001514983347 0.0535404754201082
0.21759452916227917 0.06948001266990844
0.04531409508113382 0.5759824457085713
0.3181076482552372 0.9141007986294918
0.44997002065337266 0.5041235978171953
0.21372210716666284 0.08914828980117961
0.7201947321872632 0.4864792160962623
0.7688714170391506 0.10829205869823533
0.31812237115325714 0.29231872952602267
0.04005671578471104 0.651797911355131
0.11672782465020781 0.2692197835796173
0.710847960765891 0.1577116348387697
0.6309512190077108 0.3755582180798138
0.03431015663431247 0.88434816678432
0.2543051048174345 0.8767622763385458
0.8911741954066768 0.5820606664469776
0.20655717762964942 0.442853862736003
0.9353322430840625 0.31824173900063046
0.09528535239486746 0.6689270958586363
0.08889307646183664 0.13795093482565612
0.33777291861151026 0.6141476297884794
0.012672708308653413 0.3883563437402071
0.812829547286322 0.36283016492354603
0.4453623968675351 0.6935645903186886
0.5898204089976988 0.13096827521351018
0.5819091377757262 0.8655940243711377
0.3626839546873285 0.47689979990462994
0.8215623555332867 0.5091493888941202
0.2397970612452749 0.4654310346263575
0.13815709828160383 0.5805949808139103
0.8168628454708017 0.8560711858414854
0.28004808781793245 0.4992353561654914
0.5505972680965774 0.3469347263092615
0.0033913936641341014 0.7080593936729206
0.14118072108686852 0.048131877681230284
0.7353662123540672 0.9497408789939055
0.6410146412326242 0.8091356926538695
0.35025381275155865 0.559320181843402
0.9099859683264044 0.981785219894708
0.5840860677555647 0.8454685016782766
0.6830491542945236 0.9005274949858635
0.7424179811106196 0.5965305887215481
0.9343648656940522 0.356790142248116
0.1299019792260575 0.8947929047467154
0.9767717480902754 0.20317695581395057
0.2495808513250447 0.5364480152799486
0.8753972763121012 0.36288373011908515
0.019307555265498988 0.4262900930367395
0.5881424224246001 0.8308459310958345
0.007655750813755358 0.2864836962074707
0.2040134779701822 0.22582404579996584
0.2785763841280502 0.4357086309058117
0.8026502302895714 0.6295205979361048
0.32735570900621525 0.7259962872694092
0.07609631855626287 0.4748987694867671
0.388957614385684 0.1179808607456142
0.8235444898369559 0.07891314209832634
0.8706411935581451 0.256771605123881
0.7298673984504228 0.35473506703038593
0.13017726855575262 0.8620787459468641
0.0740366096009113 0.5223893978285701
0.6057070624919348 0.28319337179498316
0.11672537721218013 0.9497624822109579
0.6318804464798379 0.6520963731855896
0.3960369166382721 0.9042723112926736
0.40991753029131184 0.8434272383714322
0.5715233682529082 0.7212744774078841
0.9694557087002499 0.41204116330142937
0.5992542394692243 0.23531278764942554
0.6814755042746506 0.5724709495512476
0.6869520786253557 0.6159312216401671
0.8467399099247144 0.332999765214015
0.7275748473202469 0.736568754985758
0.025132998625308378 0.10978160558584737
0.8752857827415664 0.7053131244649691
0.04403829055630126 0.5140899222070513
0.21252126555678796 0.49365864938472614
0.8887552122939417 0.2142681154541023
0.7040767110003673 0.14364123090581626
0.754639384645498 0.19453486381071516
0.3087991206434556 0.8284023445522775
0.5806735827367892 0.3820857740064332
0.9185124761258825 0.331109049427293
0.7559954224400355 0.6424266278086025
0.8018109871154684 0.8724186095698298
0.9297151829052469 0.7685563694005433
0.7834916872862575 0.35753219833304617
0.15301767452471438 0.3525773867222952
0.44090069866762016 0.7025644837731033
0.08212663908295637 0.4587310028472493
0.12310326714893982 0.0939165846330684
0.17161998258320055 0.9389500988367211
0.20937421281342516 0.004105245139139568
0.5979401985655497 0.19246643174906686
0.4296522005553741 0.4165051435495656
0.5932615318468828 0.08767568503054857
0.40162653484499544 0.2324197768963555
0.20409495224436547 0.2795649544836122
0.40924292504480086 0.5895781666103389
0.8279222873204412 0.4802291624049836
0.9642766703090458 0.5176943675255128
0.3779976685001303 0.9317095963948363
0.3393934653875291 0.42050256537317765
0.5583238907289362 0.9887323918050039
0.6196144951732989 0.8984424794565612
0.8572054188403347 0.21734039149368545
0.8494404767115891 0.915672699913441
0.8235156435930499 0.641334606834104
0.9353434739349875 0.4579294870145352
0.16829877592377052 0.6110160448380153
0.7664899638233271 0.808696097495947
0.8963104978668419 0.7804862752846756
0.8961723685505372 0.8499291765023106
0.1427541904740669 0.6937710275247961
0.9595054931658598 0.36240012796567844
0.8745857846983521 0.3142214730224968
0.8089265274375533 0.33075222113038194
0.8605602224357721 0.4723593053288049
0.5827941766951565 0.26562508000658
0.4440619233795914 0.7890223125960929
0.9154732115619442 0.8581984641419406
0.5753945546003958 0.6774831374885536
0.8504690900791072 0.05795885984086646
0.22890584837765549 0.2980562514558658
0.43513518651564376 0.7928599671708242
0.42457506232599884 0.34946958049017374
0.06208545152330103 0.8852494676816396
0.7406407855394281 0.45797850473512425
0.7899684001741933 0.7538470258293386
0.026772162106940556 0.02960673243081613
0.04152352331486575 0.7384519488465245
0.7450666950341602 0.566088821827601
0.38775405283648445 0.08919384486889392
0.9671269567387846 0.6839786966692188
0.8537430848037718 0.022074839848215233
0.6022702453460865 0.40984543805886564
0.8432936021342745 0.1407809644787653
0.8138046131769161 0.6196064926414063
0.37635151546679 0.9424833015460998
0.14728407072200478 0.515893033286515
0.9586798484612955 0.9251521430960608
0.7128064292470464 0.5847008546436718
0.6669649953456375 0.8536186910812051
0.915336857834979 0.8567113830094639
0.6948105892402043 0.9891620663661274
0.01655234662182914 0.26667539837200105
0.28592018375194594 0.416215431122
0.8452652478613562 0.40925170153453494
0.23443452007439702 0.31359618089287655
0.8862921378205945 0.1954702913837636
0.7764632095053439 0.7777671118743491
0.2726626356774031 0.14126107990735826
0.7973035671827152 0.3225146109092931
0.3880199779016532 0.2456554948592038
0.9082332911914653 0.18492395518696436
0.691072431060088 0.29154921649597265
0.7800119467815124 0.4110807011548617
0.3656438660689808 0.7941221101389158
0.5825746359465346 0.019812620594130914
0.008901983833854321 0.4973644507712557
0.3688546651971327 0.4267154605753988
0.4309470581423458 0.8867519002066654
0.12416589982148396 0.849685548798861
0.019342564365394943 0.11508392593297967
0.3246430800806466 0.6781347654265119
0.289205438485724 0.06811645086997142
0.7972859523524838 0.3563988322175362
0.6732312564728163 0.7776183157147967
0.23997928794350232 0.16352480719235107
0.7174299187817917 0.5251749069970174
0.9016316885431724 0.7383289725664001
0.8117680420158107 0.514140718085695
0.1587899308518509 0.5961865317802895
0.34281577280372166 0.9102328561589212
0.38270024629203414 0.13966135090265663
0.7583584862137761 0.22887849195954257
0.701326326507184 0.16435347339180628
0.7208755333381903 0.6815655040665355
0.08717980902148581 0.981479832310065
0.7160568921406448 0.6329674898049052
0.7022980310143557 0.4296916953923985
0.903970109186017 0.511455414161621
0.9599724121445248 0.13797035675149172
0.9799787161402581 0.7626968593369093
0.9982262056402054 0.8472796847542133
0.1409547038263298 0.5587496749521187
0.9303392085526673 0.46587130328161086
0.28475448511964174 0.3710682882923966
0.2706845681800347 0.3800815473325405
0.21330163221020493 0.7058266387889732
0.5768675492452963 0.49378530492573103
0.21417448049735832 0.5534519795753834
0.25715791256940235 0.47120736682431086
0.14917249718363523 0.08503706016893398
0.7413893405054304 0.016837050416820043
0.24061329628443073 0.6089467072731123
0.6841345181087369 0.1484629081852611
0.1986810566365752 0.2792463812965962
0.11605621108578579 0.9302027353466622
0.4432322606838157 0.7073634800026926
0.4358217618831468 0.8652396245888478
0.22476716601472602 0.7251644447644617
0.6847223267665894 0.8959229115628914
0.34853392022563345 0.6027383416304501
0.7695094168204353 0.6064346589218862
0.380183748538498 0.6141074317225702
0.906942478535046 0.42039722576322136
0.36543933259326034 0.35700221395364684
0.12235815188635124 0.5883681803432903
0.3624994340578144 0.8416216855856765
0.32989382702800685 0.10881988699090239
0.11574814682872248 0.4714469702039108
0.8926820942125963 0.7960278431894621
0.7255320632480968 0.37745255673033984
0.5737618223241108 0.3248233158539062
0.3848269169385451 0.21951276145586063
0.799798305949186 0.4393033003262098
0.023355539013528825 0.17379958030819298
0.7645257760823557 0.2095635922164808
0.20896639140955064 0.03522673080288563
0.9806327975807279 0.32267297868792577
0.35056335014887774 0.6698993608234337
0.8697784364946732 0.6317744476616217
0.35998699683549784 0.7569730683018749
0.24289580897976593 0.015433904479512761
0.6238718032581447 0.8277242059073665
0.2276448220990015 0.2208774745617298
0.4130610112176545 0.7264459785483269
0.8921339468781014 0.8619515650420542
0.555563282600165 7.066919507516811E-4
0.10156645738365744 0.41643621129295005
0.9497796704181182 0.4539939611583391
0.07042315924785836 0.18773734364808192
0.8177161866777436 0.5101107662596375
0.038846084917746104 0.01799198630756782
0.6356461490636462 0.957053718797519
0.07779582217830361 0.8541362009439477
0.9909855427794104 0.39395040098056955
0.6267004767852431 0.42542229085953887
0.06390204959159396 0.9451103503998937
0.03205486715053418 0.7154121318251448
0.1533336226323314 0.6607180795421574
0.07438721375047841 0.8268878713478067
0.26021048067248775 0.9957369509038652
0.20639681831757062 0.27217066789216837
0.6783461863038392 0.5784927555683337
0.853379832208188 0.3899303947352786
0.157091898343377 0.8199192044744685
0.388997434765445 0.17377886262304088
0.8289179124700137 0.16725138884750068
0.6427267281379622 0.48436079262684306
0.9293820335794936 0.01623356356239447
0.7064351012265979 0.6631162226968907
0.30925739299778066 0.6477569536627206
0.8189334133096156 0.17929974776086766
0.42803283893490085 0.9845642003521446
0.034426958890089066 0.03295022164605976
0.2354280559841947 0.9351881595269876
0.7011815171142181 0.8576954739949801
0.8962614538216206 0.5014961371131624
0.7754728920972969 0.980694199241612
0.6435575939679261 0.23747512751260458
0.5522187677202844 0.5957900702324938
0.6078621876469811 0.7226891084190222
0.9226087524860783 0.5294326621345613
0.8016382673498662 0.762077117630781
0.5578567537763747 0.35892408952904054
0.6639403131498683 0.7306615086426561
0.553187901742047 0.7193179831398397
0.6029761372254081 0.8481319784615793
0.914578555753573 0.16118635986803787
0.937483225683455 0.05621721771546928
0.25070968441453134 0.7574161498753761
0.8337455791117335 0.3637912865946986
0.706893917099814 0.10495343441498362
0.7024666283213389 0.03145990157853518
0.23936508935069234 0.7840710107777301
0.09143205678149235 0.9632747590736068
0.905489247195347 0.8556805537225699
0.8614344604577536 0.3164242200049713
0.7286408356958842 0.6019731458304132
0.9098928606877035 0.5046642047478465
0.38396661851369696 0.7503544646973503
0.8664613181629757 0.7275615135752092
0.013663419850071246 0.9126927062873069
0.2982512792896397 0.8568581499353641
0.9397210348224221 0.9682056960104288
0.16819120267396037 0.7491514498375099
0.31894069653482116 0.6697784296916486
0.1759756697188718 0.25326454542293686
0.7825976658394612 0.7435820866945172
0.19479715096472505 0.04283864103986623
0.9991173887317906 0.870260596329595
0.43428699174735863 0.668677085491728
0.8587737460080987 0.6296434190369088
0.9153552476190002 0.5241859406839742
0.3957695896030864 0.5867800836533245
0.6315900049936125 0.7568095244687206
0.7710744134594524 0.08569853575615549
0.9508848376038636 0.5170662634891812
0.8428412569503322 0.733968023368123
0.6944562823614963 0.809197709862827
0.5991937480771132 0.033741668641631195
0.6148356042938394 0.541164319405339
0.8275274848418871 0.8473639280024575
0.7603244839204332 0.1619695262723836
0.20984896056565694 0.41808357162700505
0.010406251683801493 0.43305645094710254
0.012218601766991855 0.9243340612468617
0.338384350849965 0.9249615333387649
0.2986611140381986 0.11379114564883464
0.9952574586920249 0.31829364708221985
0.26615188931366407 0.6014331267248387
0.1471757270886117 0.21688869808481448
0.17641286641401144 0.20287300092776894
0.9350572698058486 0.48699069245314863
0.8173678321374451 0.016394454296338568
0.8057068252531712 0.8258352180451578
0.5730501706414687 0.6493322805013062
0.2790018929529905 0.9106082815635255
0.17437786622159934 0.634998680177049
0.17346529080375195 0.7967586980340989
0.8628471081298775 0.005583107281385891
0.8969425533094809 0.6865309856774046
0.04599777978349984 0.7225877722794464
0.0814862209013354 0.2082809419559687
0.7257906498670087 0.6998583852628562
0.06700342315209729 0.33504023958389717
0.04246235276268051 0.9482578121967427
0.36114556868276393 0.66912243633269
0.19990311717203346 0.2808642646162143
0.2678263313359054 0.9290479832034539
0.7581158191662987 0.8126620209894864
0.6199774587250904 0.40632437558383117
0.5642049873609034 0.6360587248565611
0.2997930803007054 0.3152421749403298
0.6475141719698173 0.8598736516942477
0.038923819814646654 0.051481643022336154
0.38165190533584137 0.4639730018216959
0.7553418604316254 0.9962964821596123
0.3409314516017281 0.9672986113138785
0.4217588422481454 0.15862200494390155
0.39429037299232816 0.39701331754328906
0.7544274417361395 0.7576334950938691
0.14951907127934905 0.06247235106983906
0.7251697260272206 0.03716440348378702
0.8622684784740815 0.40750323609385297
0.3559942276692055 0.18572246186463537
0.9341067340674616 0.41028560859567964
0.7864048521191096 0.20934338590082957
0.8711352677027949 0.07116465434335684
0.716241324401221 0.8188602182059845
0.3160019111084177 0.5622533160029665
0.5556727838727741 0.711070612834937
0.6595112816423166 0.16633612582418966
0.698451919390446 0.2962291558998231
0.9192335401520559 0.07496802706235917
0.32927915275413633 0.9519576436749074
0.24705147075103007 0.3731245798345654
0.932820054734866 0.14147229574055498
0.5562923457806063 0.21701058197199175
0.6607012921523703 0.8010892246065382
0.6187441373525051 0.6880112815077756
0.4493709558425706 0.12052110896412538
0.34493101908015444 0.3259328539457925
0.37790903337484594 0.20445017588679737
0.14357675551232496 0.5714104295757807
0.9217759712487686 0.7416151130134946
0.8037195927957078 0.6494512550128598
0.7518392412858284 0.8916501918929328
0.34252930366941237 0.9577630614651347
0.4077866653871871 0.2852441254217466
0.35844442076293015 0.7893314403706748
0.3334775050154447 0.13431860857604572
0.6342513215750379 0.10697581207263385
0.44249394932349473 0.4315299004057491
0.3433177963242744 0.9514784132929367
0.2530995910051105 0.8011508438067946
0.6377187345942007 0.3627514499162181
0.381996557249926 0.29211354506623866
0.9288539873062006 0.931122625391461
0.1974174000159472 0.6429454674780873
0.3812622984289842 0.2760279858746555
0.36277865004431487 0.8841294086713433
0.14740395697115127 0.0012291562032263892
0.24938690539449004 0.5216777623625704
0.018854081589061433 0.8235857264817846
0.9566584389418769 0.9299519010838478
0.5989641990442117 0.8119369303151753
0.3351422191168947 0.37333401515008213
0.7044103794284762 0.9485782315418765
0.3983960329581616 0.9262541681320252
0.890275420111915 0.8199171179979667
0.7470824866081467 0.6102132541857566
0.3604775058558698 0.9973176820871534
0.653957023124188 0.02852072047486942
0.6399771983784249 0.2832424786686212
0.42811285857754156 0.35445343181411326
0.8432153913852571 0.9529330584419983
0.3427952705546522 0.4484090620916341
0.16574738705303893 0.15735582912890989
0.28720090502707474 0.42033506643830765
0.9506105238919632 0.5246175050392301
0.24726836093679327 0.4254163797928534
0.13887707610048872 0.0031733623443844783
0.35584459364383414 0.5531988437005283
0.04931073142621245 0.14716011066298518
0.18538370512835567 0.7534686528525207
0.3398139919800639 0.14932595838455964
0.6093404640514575 0.010083703976110914
0.896522661012218 0.5211578402589615
0.41216261463445125 0.2115006979343096
0.36343324608736394 0.8568821791730732
0.0015461012428827914 0.7123254434011221
0.3099677117336864 0.8254087089239517
0.8668174674255394 0.14481408643175997
0.34769390155685975 0.6339572203720893
0.6948294233626763 0.1914637415497089
0.030458062566187105 0.085916891559776
0.12894176984822536 0.3892118020761558
0.26418407765567553 0.574851660238826
0.6626701347423043 0.7780307767963702
0.4346285484647583 0.09701989526171839
0.08427740908182124 0.6771944197695395
0.5749372319585823 0.7875080124977021
0.9827640902997025 0.5085625852221093
0.6088120304837122 0.21644183285086616
0.5521347625506635 0.45249679827816647
0.3050007819800067 0.15473081596356086
0.9766971529651328 0.878282447984256
0.5569056164333995 0.4363957408079011
0.4307753177243284 0.2667717782106638
0.3819857331121215 0.01474148326026481
0.1694209050412162 0.5352250286112327
0.5642028203843443 0.0729857693372612
0.3985733378608465 0.06596958123186225
0.1941355256570917 0.0968684397805003
0.08491520071582004 0.8370533062224952
0.8831498019504274 0.3416515964717656
0.9894922880184941 0.12075057588723337
0.17375650180645774 0.890843368142994
0.7254574055807476 0.6602987753274846
0.766839609196292 0.6025212384186428
0.9481513397738529 0.3754140117392565
0.7935386587303543 0.2162431819160353
0.6926517733355784 0.7969829970467532
0.22281196274399395 0.7466776913325701
0.9682939456097133 0.04725644391919637
0.4233748744544601 0.6332488364772235
0.3582378899346804 0.41941442947019225
0.2964226170896562 0.9199734709694727
0.7345880732824458 0.3466787294160869
0.6838878108234442 0.18086476760316228
0.8435748893482454 0.45787234701905577
0.5903054719003403 0.18820432745026971
0.23986261279953303 0.17930939385544964
0.7163911175915414 0.11344688852212181
0.11732830323573429 0.8244916493601153
0.1100832695314935 0.3327392709732404
0.8762772258594274 0.8063482316033265
0.3912919508352021 0.2022861423676402
0.879697125211359 0.8119906974699017
0.0044214273891832745 0.37829838298794694
0.0021795085577269724 0.5050460236485986
0.3728965665144012 0.7761539874547366
0.9183604630621408 0.22550107174357703
0.8641401187677921 0.2827054325404781
0.9262458184329496 0.24638154535993317
0.8998400215929145 0.5802890822381742
0.7009786041553686 0.44337115943485106
0.008174861229873875 0.3007197485862714
0.0906201927703909 0.5606212128692625
0.7533733691919433 0.5332141750594792
0.8503671834189044 0.6637789863044288
0.1946438987095661 0.5987505704388572
0.21263265725891067 0.8070332683373337
0.97654753826903 0.936783958642885
0.42811038490907216 0.39440780950046894
0.5821196656915765 0.869537853913792
0.3359679194886923 0.19531382709942335
0.7797092422799137 0.5312244567588231
0.9450314865690222 0.6958459596797588
0.4470297039452594 0.9309462634185719
0.5733179630692559 0.6890468816330193
0.31020935213968637 0.20238350378899073
0.28892942765065543 0.440628552781544
0.44953716608515104 0.4347680073123674
0.11529076870324906 0.5905594711600713
0.5673531838001544 0.527143062185078
0.06777182611600674 0.3798882517424298
0.8734170449524121 0.9445696855124674
0.7754660993915239 0.9879207488295579
0.11939778529138234 0.5154931434210739
0.41925444449589566 0.06480736971040024
0.6391230264681728 0.6410126004403301
0.6636038332964713 0.1321701490760694
0.6523453846490362 0.17920385501147185
0.7039201347860639 0.25341772530604667
0.22989577046162535 0.7797495303797564
0.16407945164726934 0.6709212309979375
0.21616285141686398 0.872538038994693
0.42031251072114684 0.5636564506965253
0.10787734670291971 0.8107458294517625
0.22795831986539994 0.28000491267650596
0.5770672877501541 0.5831778890174795
0.2923505165455047 0.019253920432392047
0.1434114907036158 0.7288714640728104
0.379090693077477 0.7053703414016754
0.646378578056123 0.830121721860907
0.0788280578027516 0.6475613301470412
0.7468257875360211 0.150541720137074
0.42344826138740466 0.8299342273497126
0.8839918516529968 0.3170947433611703
0.37384799908570887 0.005955556635908077
0.19404607806052487 0.23043122337963218
0.3481631728256832 0.12350123237140742
0.9389122927258898 0.6776549936683264
0.8766479037725584 0.6002455197741715
0.6223323699594407 0.8274099696700735
0.6817418067093499 0.682941869335433
0.08794958665182762 0.5673993414126962
0.22708647958964623 0.521826607154022
0.10922222806561033 0.8290384869654075
0.29184859087956483 0.2274533944196072
0.2883043223015933 0.3654807777920249
0.26760613504932396 0.5031092114928537
0.9583335650097627 0.47428023003259656
0.28263141092004085 0.4661784249985359
0.7294165044203818 0.27076030942605367
0.17237720627957143 0.889944611319233
0.3706021786827648 0.17382872678778516
0.17133289937270424 0.9153102159056792
0.31389139909083874 0.6653878729422774
0.9584852198640565 0.17926549343373455
0.8952994337078811 0.45164806047067996
0.03326122484978655 0.11873216861538038
0.4184663559632157 0.6370237722387752
0.4438228327294882 0.024856414628765866
0.6517098058791541 0.984602232207197
0.7810276051903495 0.3478990940491167
0.24799056428110433 0.6519430901807881
0.9700117516273391 0.678833469303254
0.8150497209570033 0.7299917139526193
0.07875316625048889 0.017307166405195695
0.3133482929706295 0.850678172966896
0.2549348229415832 0.3552617428380086
0.04385303079347658 0.6033792512506009
0.38408452862162 0.5506400060656735
0.2631237653014683 0.015140237093757558
0.9493402242186307 0.25065648976728183
0.9905345080568607 0.23565704259783848
0.3731571371348419 0.9422309532268316
0.44238781133435 0.5043059135208807
0.3934476426964115 0.10303034186105542
0.7957524964635615 0.5632339696096991
0.8860721391654566 0.9917368106192176
0.33849082631947836 0.26075918833289846
0.29105027412188744 0.9212812116920176
0.6386456835372747 0.6883290474615288
0.3727310781626382 0.8792662516410754
0.4102589765351631 0.07531870626870019
0.12475046291066727 0.2398936662450467
0.6082064046767868 0.6582225889731257
0.12867075267257477 0.482734576873852
0.006014448288417573 0.34742216471697074
0.10182292783901614 0.5873467434071812
0.4471349934568968 0.11463110161720391
0.8062896161561522 0.8564654622646105
0.3570301638098773 0.32562615143611673
0.33302138237178247 0.8936277313823848
0.8472960667224205 0.9244618464859752
0.9910777975689771 0.9795435175505386
