2 1000
0.23790927741742895 0.3055308913124103
0.11958258937515909 0.11929710795514081
0.8545084337707743 0.1895926980849847
0.7364127780861361 0.15424645110745994
0.755005150600289 0.5899513231131402
0.020064022936191805 0.8253829371911872
0.6215438861128008 0.9183160753040452
0.43973267738316435 0.6806419668484295
0.6429497292616628 0.9682968066373104
0.09116502258800352 0.2729935446433447
0.6945475861439308 5.757719599748246E-4
0.26292123594217753 0.5621315161188667
0.8978767429316034 0.5893597417342183
0.4580220846205181 0.17747351764056762
0.8553881591496949 0.2519642602715644
0.8723086476825372 0.23008795631168466
0.0035363124548489777 0.022527145724471564
0.326612439877075 0.22740296368741764
0.5482663515935309 0.22038514091943506
0.8115085577262464 0.3234857160795007
0.8525800501952849 0.9992086919587653
0.7946013223045868 0.3488211810943489
0.4918737605514917 0.6612167028361198
0.995496189144928 0.7143066692976661
0.8959701259078854 0.33862482197540056
0.7232069676861201 0.4648069597532788
0.890266308214371 0.47745396207698554
0.23600066655910956 0.6709242860521039
0.576811211762544 0.8166134278082618
0.4562895489162475 0.7077112074711324
0.17160753173785925 0.561941108640298
0.9612080541259634 0.9786624565417631
0.37406192870881994 0.8527607743663506
0.7702827158446673 0.3094697539900363
0.8568316518222997 0.5225525312888515
0.6340257045901654 0.11290352763060296
0.2748982463965055 0.5938196633701955
0.6716212464567239 0.49512160626655943
0.2353373244012894 0.5244703971722542
0.4590081361039582 0.0830999569059464
0.27470301811253517 0.46163086443515267
0.5890280365914974 0.912791187360335
0.9945801817726945 0.8863960007049076
0.9167590198163892 0.5436767321360847
0.3810907128577745 0.25051603711566095
0.4556743815127601 0.9149212562724883
0.6985684970416406 0.8419949174660735
0.660273122936227 0.7379199477329522
0.2907497598946518 0.5222650080699667
0.7379306863598712 0.7231195707045407
0.8877654448805621 0.4636747039157104
0.5294321234327382 0.8144776576823716
0.30808825740742607 0.353658822787253
0.17756708859846626 0.6552998991337765
0.5667154135556047 0.2432965167718094
0.19325655794311947 0.5444361755724039
0.6954872904609912 0.20828039608012017
0.27472319192438843 0.48899238794100364
0.3621079363271287 0.6676664897085377
0.8225245155744078 0.25413128677732
0.6948954385710427 0.03420632058100359
0.2301307661634392 0.5313594048509586
0.8871523631971937 0.069434705821114
0.04225315205989233 0.2823713329010906
0.3610515451795052 0.15380299256846752
0.6429769964372053 0.3362302480246807
0.8646564349605039 0.17284162155848914
0.3435409890323341 0.644179859716615
0.22977589774972063 0.1163382176401464
0.6057321393555974 0.9007742551150454
0.024251334206435216 0.9606862866003899
0.041012981855752195 0.7051952840297248
0.3075592161941413 0.2823950854727081
0.22424885606335776 0.1909492919318605
0.7014334772469694 0.8467445601527072
0.3972274427989476 0.6341096593334927
0.17515483511323016 0.7999811147293273
0.1192394552228998 0.07534860843988922
0.23617643168972458 0.4885153857316291
0.15092594266480475 0.9940489899144336
0.9166855727483392 0.9470300793470788
0.3741169313857152 0.8581109457659386
0.26071962913888613 0.8729194987132861
0.07545546940560244 0.8493653642942394
0.9752148319396771 0.049652065798675094
0.7318618152657727 0.7274605435014776
0.24168075361175767 0.12307887377729243
0.08365981849419313 0.09551375314264754
0.05136333212249167 0.5887897842667167
0.9919392219805431 0.45904117742353423
0.9804343731491366 0.9555715763534535
0.017927260963790048 0.7007072851131673
0.23219548417476654 0.3328021192880337
0.15871357768404049 0.11130767764112381
0.34904030145140696 0.88360375603066
0.5567623134292562 0.20203865851287217
0.057592039294924624 0.49369186686328104
0.6268561427247121 0.4422432162454587
0.8022309948021369 0.911158242301409
0.9247572452305844 0.7037911937953679
0.2781312364135181 0.9627867697445922
0.6276181023260887 0.9826582485094841
0.6143870256427841 0.20429901666262817
0.04775255631252562 1.2105914081173008E-4
0.05138035357083315 0.20054611699783054
0.026132854607845313 0.5667188190763683
0.6906214156308016 0.7962181520639617
0.6236395442422622 0.44603854491070605
0.5542881637217109 0.10703973769461217
0.42357464229974484 0.9335904226639352
0.7902145514453465 0.7275616610247331
0.14787226147683363 0.8917901889206149
0.6160966530400052 0.30929524438803846
0.746303280879102 0.8048057680509928
0.7659068599600326 0.3061366467531925
0.3784580883302697 0.9618746239260638
0.6745341325086068 0.4724497297594362
0.0441616022616228 0.28807423315472114
0.4194190563091964 0.21623179199843223
0.5896063500581464 0.08960000943597324
0.36238905348847694 0.6694035877104817
0.9170870485726517 0.6094087131086061
0.7794140986118293 0.7766448544337691
0.5460517259833135 0.09671341612247353
0.325750308593758 0.6345613015201602
0.04990474060300043 0.8133378819808796
0.9192067788507522 0.38562034865485695
0.42234482167402554 0.2063752729469609
0.795153776900665 0.2519554026566362
0.5120320891040293 0.10553944133695592
0.5205188164877101 0.6434432558892097
0.9471114417284968 0.6709983526927492
0.6841271814861214 0.765932349772489
0.3404415737874369 0.278898900324448
0.6546441848551182 0.8139699257244785
0.3763679451090952 0.36871777850554865
0.8127886496766101 0.5027897838755043
0.8124555904806251 0.27172827231563346
0.3202387246038654 0.026468846296671567
0.23194373482196962 0.629531248692023
0.7596100478484196 0.18703522713755405
0.9817149260824207 0.8082971136614158
0.9871645456826746 0.80515668650537
0.1672854154955976 0.15406872297924135
0.26731283037391496 0.5424786689800043
0.8092227103722505 0.1125303273471886
0.5175836439319436 0.25028055640891544
0.8018312238144936 0.7791962228249916
0.7092275352594779 0.5578461893606886
0.5821852556301581 0.6615001444809684
0.04308000466771422 0.30332418373603676
0.915218776643262 0.4556317265083032
0.6953528010827263 0.1454591275643764
0.2703655906181388 0.6957680755289981
0.6988067297044048 0.23243582377878402
0.9735910710284039 0.22356130300310872
0.04948878371253007 0.4455017627532176
0.8424546283088931 0.9629829427324825
0.29672816880508246 0.8826203123292837
0.36316295295755485 0.033729447881092445
0.34025622607534034 0.06048170517028628
0.9874930223063002 0.5936004558152662
0.9996288843299411 0.38126494863780735
0.10808199585314693 0.6576209579037455
0.9697613412887436 0.7182347279781532
0.9129684851913656 0.013357500689168411
0.28454900778790315 0.5430953634141641
0.49164016442431513 0.9225117049602031
0.6920894127809829 0.17697347668311447
0.34189451528543713 0.026874129717599282
0.3406591195485872 0.06210321431628285
0.9521638445011916 0.022569718161072894
0.8010407646846414 0.087177115841098
0.812666031856959 0.42644594226137
0.7294391250343182 0.11189200616651107
0.6264760544963395 0.3930217599587934
0.1810611226148814 0.3674378268436679
0.13622028339326697 0.25483392641009406
0.44032520184423507 0.2967505812638469
0.7135174345766601 0.26454737926539007
0.5075919572864022 0.023961382582281976
0.38212441361942384 0.35450715112525744
0.44758055368042726 0.6527784679785137
0.2170587712358576 0.991901562044154
0.2686324294275816 0.4577195347485199
0.6524288815865764 0.9017589664003701
0.7518827530455924 0.5985823945306046
0.3058063222199833 0.8348613826834441
0.0019314502528171573 0.4751541996953814
0.947217412709389 0.7740834691699374
0.0831585631321653 0.8339606971361062
0.5850243695759606 0.19095271602856867
0.05315368315951574 0.6912411399847744
0.8765511888556553 0.11242953749646067
0.15978991651464203 0.5883261762480592
0.1974775473527688 0.16162883939340122
0.3622138870816538 0.09112560039181283
0.5810829820871837 0.958853476063285
0.03444304229758566 0.02683371407153523
0.279727339111299 0.6933640513099573
0.5003077410750292 0.8796461296711342
0.2181486934464476 0.6537329091121041
0.5458349644300676 0.884518940152132
0.3434591779530345 0.4844020778605216
0.9413799144712515 0.30639961700535057
0.14064455139507548 0.6636573479872465
0.5257262409190113 0.9556169812973037
0.247046611239095 0.3539424913286976
0.02578188131619663 0.00855807290367927
0.3375861422962376 0.2423327928854183
0.33823991091112426 0.12045767852733968
0.49154548225598427 0.23336704417285536
0.5928014219449611 0.2812884493068877
0.48019318819020584 0.02626365641048678
0.9410848848944338 0.31505899114593094
0.5654279928516276 0.6663556186468663
0.6173800052784297 0.23203361006177914
0.44150626278903427 0.8572010485699015
0.6874867633156201 0.714064285922756
0.811211703117381 0.8439612849416732
0.5581225576203153 0.10951614642076846
0.7718915289315467 0.2725443999917594
0.2489186280357195 0.49242340074703295
0.6528264511937343 0.06990745272541399
0.03237647217249684 0.38167099486424616
0.9709065156401326 0.0983501139751558
0.27339757891162053 0.5863542143626557
0.6777977878290679 0.42336574154046847
0.41835809423616577 0.36534159797953936
0.8511202364179463 0.38429439183643865
0.8411729330614586 0.9965189177738126
0.6849000844829977 0.0655818386582605
0.873379260005859 0.17804216565033038
0.7490004268459123 0.5388490645739568
0.4542143083709711 0.05411002363735373
0.23322033412737264 0.3478034848460133
0.8667516914124469 0.9152769027129207
0.7147454901428419 0.070882737917916
0.4229321995454304 0.8705963953155662
0.12314605907185205 0.9559197417961135
0.3299832168173148 0.7631748143973099
0.05410593328966329 0.3546596970424787
0.004312387890974989 0.5216703483239316
0.9625201331142479 0.7638453693610772
0.17763489536776889 0.5054951437986498
0.2688633420696057 0.19815076552348365
0.057839155373894724 0.10210240961919737
0.902774115711178 0.7625841908142345
0.7619447592589677 0.16573092965718528
0.39831378787895344 0.14197858244314798
0.5068890053364087 0.6768436285846867
0.8609179058353315 0.7791467272413034
0.16873583594710484 0.7570367276821909
0.8570446896253369 0.653440685382079
0.3300054743918479 0.08872608433157458
0.8696041715930445 0.3676371827265067
0.6881338992331623 0.055081621837505645
0.7974104258438536 0.2558443399907391
0.9621524155169857 0.25413903602644194
0.048705390171413065 0.5035928763593829
0.973461387978204 0.6441920258887123
0.9857183059742035 0.4607765761830481
0.7590294372232548 0.32978872800731374
0.9683646924243862 0.5451494992415704
0.8408945929043409 0.7183448234841204
0.27756316953145077 0.6523564449963157
0.23250536283865986 0.37817712363190925
0.8611826428933999 0.609181859549229
0.6729676476239322 0.742451991113527
0.8439503717582392 0.8104630351186951
0.9011811525923856 0.7202332062523673
0.9972108942671704 0.07060155509014043
0.49055367646991377 0.8702153656186031
0.16864313317769686 0.6643578132818413
0.8941006025460677 0.45620675147250656
0.8108795874844441 0.6879864792251595
0.5217742401563995 0.9479638666152721
0.3356890169493212 0.346426102921926
0.6947501159118349 0.3740385240527532
0.19041203544218321 0.517769425441345
0.32822375315587926 0.5027556878998212
0.6465400069102534 0.325950848483873
0.9186839043378504 0.8123100877755748
0.48551493285250014 0.2660456810516275
0.29042529838651276 0.1474431442639581
0.6339045096320087 0.9633104320992019
0.16228165373548897 0.9657164456422827
0.6371767912442632 0.3688566950220241
0.20360232622259822 0.12139973579993335
0.013976476965940177 0.42596294944040736
0.7989999886448783 0.6173898523487316
0.13226799784960042 0.03303224626857393
0.8007302332503413 0.8503130833314129
0.9417917109536474 0.2796691098081845
0.7516837636080071 0.9876577642987078
0.358849017688172 0.14644785913449698
0.8067480387497875 0.011785085154734865
0.13657043987044293 0.3928471407344797
0.6627050230064032 0.7614328806706067
0.20320775509666378 0.5491070418349773
0.8508077173068309 0.6786711300987756
0.7465514911470666 0.19103658962199277
0.5397859726215744 0.7684010212761185
0.9780340835194804 0.6685859334414679
0.6941324706194668 0.7649979559698713
0.2343790602603928 0.7664025838490313
0.3992720453855172 0.2254210984003331
0.17329145601258555 0.5500084780879431
0.5487483212216979 0.717342662377429
0.8435155925438805 0.4800895448429512
0.20421591798709127 0.4262562413632671
0.8531425677490884 0.13253563815788727
0.9451463840198675 0.23368446520791486
0.651057158384222 0.5052592626581639
0.8709956011534622 0.2769843290977638
0.2838970219969573 0.18889504718776962
0.02303662329510847 0.18279670594671493
0.161187109625195 0.5063637936193591
0.27218627435446396 0.8010261934368734
0.8614958967727423 0.30142554023675694
0.19123412120648187 0.7434467120143817
0.4259872920315605 0.05821358236669694
0.8442287289851815 0.6758617212944256
0.6093952453634905 0.6673910476538298
0.7704575852964451 0.7987730083809556
0.15531490866837117 0.11313073169186871
0.6159959082670498 0.13251184625413048
0.7675465901764715 0.8159531602027437
0.1491106274443348 0.9977728483715815
0.05264115782635759 0.12511270939170926
0.5070844958399195 0.15081114000018858
0.0988109555275134 0.4145217147739375
0.05132302192604399 0.8973761930740232
0.883977651160962 0.07492098230702648
0.1351666228500188 0.786316657805019
0.865833799420625 0.37113272340494374
0.5991226105435443 0.6460293470700886
0.9279402214251434 0.18161417703738492
0.33286917917139025 0.8941265450110113
0.06393983697325578 0.6718860316305583
0.09319176864616197 0.4542224530373731
0.9947739129071764 0.17276704333758142
0.9645640428955169 0.2986467468862066
0.1298705755336581 0.3630703913203486
0.8378886607436514 0.3539062447937452
0.7676607830841471 0.31459794699696375
0.32513805313225863 0.19323020852286887
0.11288071921782616 0.2206668889872485
0.9852679715621327 0.06952466738216567
0.26169817061989975 0.6928596405917088
0.09597306856085164 0.6078282205079814
0.3454991890527084 0.6849401354625424
0.9457064845616652 0.5264195099328756
0.9810509473198986 0.5459860229530404
0.7101340339260254 0.8789424816536119
0.3223386384985444 0.8938350928932554
0.6148804084728956 0.725409494143196
0.6464963488379558 0.6424427920873118
0.6557714069810576 0.9965047624276835
0.6927801341085758 0.7392515526019899
0.18259606482029134 0.8702512180188878
0.14257661714781 0.13119493819080763
0.24020813302928867 0.2968106068569478
0.04406625111004092 0.8556198150521522
0.7253166130372839 0.8727708563176882
0.7204699380892325 0.8818721947801791
0.6723113780923096 0.7730039133896756
0.07334324210754406 0.08654783623008677
0.7349310038813499 0.8057219191835073
0.7675328233093562 0.33257565365523156
0.1605882761166939 0.046209927657362426
0.8617752143904797 0.7938745566310023
0.3084789767671755 0.4039192564409584
0.4168165138660984 0.18880476002008972
0.20101773707865866 0.7264949730594313
0.8694058016526753 0.9675055454687055
0.6001841757919566 0.06958221747805737
0.039677944330467896 0.16774585423977295
0.35906808894407327 0.8519982202573724
0.14683797325113856 0.3898395202447621
0.1105113343551336 0.39806505955019345
0.23938019823581624 0.8814781749568411
0.7371924378595955 0.6122920849072464
0.9667043841037306 0.557790332621127
0.36568405112488267 0.41810471951211836
0.15420566338723096 0.3323339500015985
0.10664585948616778 0.4859925167963056
0.7972891461474879 0.4759450578414376
0.04041017119912926 0.6688127237603497
0.26470891852638245 0.24908630064624293
0.2740698794004387 0.7097145440436072
0.31553263219082583 0.8799806283555992
0.8912674399855406 0.7480257506901106
0.227018564763926 0.9017627820773085
0.7200123241653468 0.25427383892243416
0.7356165615718147 0.08174993891240945
0.9800805147633046 0.567953079822862
0.8678536073210364 0.15816315283151594
0.6212038394999854 0.21145011439132622
0.8782508107380415 0.8018282447169622
0.9250979806521649 0.9602856622199095
0.5577280711372467 0.6902899089658314
0.5250277488184857 0.20094718923769905
0.7879053400040541 0.9489837085451971
0.5759472220687373 0.828263082307088
0.16155521315008448 0.8026096329834016
0.7007064389928794 0.1185311829630693
0.5791457290910488 0.13665589645187726
0.17186451681958725 0.8981114281795582
0.7700900966058916 0.43379692312203266
0.7548564313444411 0.13136916712349656
0.008566027070045723 0.22254499776416448
0.5380974548310339 0.9075487258879678
0.2933628860541613 0.36259459019156115
0.7245357750533851 0.7647991209369875
0.012207837763748008 0.7278130873481898
0.789148639187992 0.38225891521698685
0.9364580423392238 0.35170638476335925
0.7828636668733584 0.5910217432692564
0.9984658189671178 0.07887022323118698
0.8964391294474323 0.6933429237182085
0.878723660818436 0.8018180753937113
0.24244169520999737 0.24697253554990084
0.9140556950678655 0.003507713032605775
0.434226733404493 0.7174385059165886
0.3347397502613668 0.9778156981739403
0.2589691557091174 0.45736404691523724
0.20591506336674692 0.3986140069815396
0.04030522989074736 0.9162153741157985
0.08458330807974146 0.6836090778432015
0.22065670441191632 0.4608291894059616
0.01878758995709795 0.4752966447292085
0.19317113210482417 0.8917429322852441
0.05510006968747816 0.6288953309007219
0.2795141103883947 0.9735746265909463
0.3973028325525638 0.874074496839514
0.5842710984523686 0.3380884288665301
0.5999836422749509 0.6988385464970912
0.32821758971123605 0.9581798614383801
0.05625414364243708 0.15143018858733592
0.24153003743434465 0.5793216378226516
0.3259947657006146 0.027219339639287132
0.5917271931455845 0.4086067333259662
0.982467068326669 0.46790874242548963
0.14756020881212872 0.29068061309692117
0.3547009227230493 0.24274280862778164
0.7611633862197764 0.5320254952663911
0.2971717640984822 0.5404902814510089
0.25792830388240395 0.8382133820087214
0.3493408046346135 0.9875872546903205
0.40803500890348166 0.14308460102483167
0.23024559792223642 0.7447056502397573
0.9179947576396016 0.013856277683191975
0.25882966649871275 0.13320157500264573
0.8101468131756159 0.8718088693700767
0.12665376535928563 0.7305924434577881
0.7203450131589736 0.26028126450354483
0.801254025404481 0.8746106896709932
0.0030177327997668035 0.6984791813304106
0.6470611749343667 0.09739066236162552
0.8602713178159367 0.4600851053316243
0.3742913508624335 0.8791309695391906
0.9516933020484629 0.8635093983975808
0.32652933619337754 0.21055328059942802
0.5422541470954315 0.7250606306731451
0.22075536513161864 0.960544352548118
0.9903774136085521 0.8623444315587729
0.8356882399095394 0.6956335370837662
0.41416743344309115 0.19349144305452215
0.9447144240168512 0.8445223976087166
0.19308456658810447 0.7488450510221198
0.5039127729090715 0.7798615038448625
0.025840200459037788 0.13508233487389465
0.3772500717613675 0.6924507332108927
0.18286911194192645 0.33498059643000144
0.7132330889127685 0.28708214605289617
0.2193060345441632 0.05919851423358158
0.5910769242725313 0.08773522611216067
0.5816433429811452 0.013859908070288807
0.3452593140576936 0.48473791516306686
0.6246584991500469 0.3448358895671183
0.023728322332775775 0.4655371309372649
0.6920497907266289 0.13888347557331215
0.7353705292748355 0.6812386765885455
0.897802782008683 0.9242015174596572
0.05780399609435649 0.504125222486667
0.7908927487085963 0.4129622761764711
0.3013384443613253 0.728470953160129
0.6618061363327215 0.518163996543286
0.11273192015893574 0.023399888379357803
0.46214019548098795 0.8459507585914489
0.5291546100447733 0.05629472502570165
0.24700752323604513 0.5271279343624696
0.9308744836324625 0.3661308851316877
0.1174055029933807 0.5188376537955864
0.26657959284792354 0.8985915168022514
0.9380735217993443 0.2506403123183353
0.26597047774607974 0.4364840196074762
0.9194656360642937 0.9440865585549099
0.19130223366708088 0.07713572063126106
0.4324940712041856 0.08430781324089431
0.40254555398586345 0.0835138273064715
0.3952551893949996 0.04868832356834418
0.7817850041606413 0.908979528920586
0.6321579580253214 0.7930819834536973
0.46571912595964904 0.1745430709061041
0.67661706288875 0.23902440049737295
0.30971959424709017 0.11127378687143574
0.9963485253005475 0.3911434297196079
0.9349008895674743 0.010078521785121475
0.607910088146463 0.7091141908283473
0.8872122243675898 0.143800011613744
0.9811343731527298 0.384079699318162
0.2860014452355343 0.6581802627412248
0.17625803149881858 0.13226486650641345
0.5342605728780344 0.839173713096086
0.1351574002008492 0.7489325805826992
0.8526624263320952 0.7143992808576423
0.6404571602647122 0.006425767992730647
0.5036410161056554 0.8140097911479435
0.07994754267004855 0.7975989431829981
0.2533341371598703 0.9815388005487382
0.14133064401514983 0.4196943726955392
0.20909315386856608 0.478178228349197
0.10067446744071396 0.30809998043758346
0.3315203387936224 0.041190357654496856
0.24167877680065775 0.767429906728478
0.7154995767042442 0.0697067639732325
0.18217228980915057 0.2909166961361326
0.16658866052112387 0.8615618914935544
0.8048235214687196 0.9220876426496168
0.84678306885705 0.08548894171267118
0.7252443629737406 0.602939725923986
0.4037004517771572 0.8428097251661006
0.8575088598354662 0.1103872077560556
0.692692223214199 0.7170812299313022
0.21386807244780637 0.7646377992924059
0.671109253736893 0.9602891621877625
0.050275884417734784 0.7935284687125025
0.9454141724527768 0.1792504894553315
0.15693147059496715 0.15185269330430795
0.21152157457467546 0.9181543831416801
0.10184403175396528 0.345382937388666
0.4364065441381254 0.6993844304554502
0.3582682755951948 0.9195543257998824
0.7595936725117084 0.09233293434524159
0.8850753280844681 0.5630059969768042
0.7521566687636382 0.8212525931369546
0.37492613298152777 0.43028236726822633
0.7048954615976132 0.9522281284675762
0.967314081146496 0.7531235511825147
0.0268259938320059 0.9278154615111375
0.8877235049129976 0.8881666437561121
0.9454644500376425 0.6438763633295725
0.6492726681159937 0.4674457884180241
0.48301481595170936 0.1986849067020423
0.3361483345871986 0.23494974145332292
0.19135265932891066 0.070435661174992
0.029581475907717758 0.3080550963606258
0.2828497144600116 0.046162601142560655
0.4214120949469018 0.034749799375467294
0.5021436301082337 0.07420220356116247
0.6319721943751517 0.9812070645546895
0.4638782600123652 0.1199301681087872
0.19472544882177878 0.25162435060929633
0.6306941810219922 0.6591730209861387
0.9747372560735952 0.5046522002961213
0.34397153837794403 0.5070818639909979
0.3399066971099669 0.9475155756196291
0.4551676601670336 0.7763138647309465
0.10449772065871077 0.8633575126313594
0.019904762492298778 0.21819437972183875
0.7305795436126274 0.8833347404067777
0.9112429018407159 0.32298912468218355
0.9441601743810488 0.48214461500688466
0.18001657754691203 0.09253465722752119
0.9422783817591196 0.061875658618777196
0.8533485670453416 0.2737867775917483
0.8477116230442493 0.1123529457142064
0.6195400010616163 0.814614206836596
0.15911130329017786 0.7744567166702061
0.5785360776523577 0.26587147871798744
0.7330719557486135 0.3983895174639315
0.41552134831175114 0.8203910787417358
0.98881098804702 0.3451949456433394
0.7613217437646927 0.8153578063314669
0.15908324724146405 0.01782560745664441
0.3395620851549661 0.4821637412794807
0.3661050556306812 0.2126275340748749
0.41001884861549953 0.972381135507971
0.7261755362235949 0.4185851938273448
0.6083546877164369 0.8812820099390101
0.23453549404579843 0.19129949791976542
0.9994339958002713 0.8660660406339933
0.6607488524596207 0.1295111725658593
0.7680186057851803 0.7369418006334861
0.8921246665702703 0.5260216244284921
0.13901640068410015 0.3212196230461074
0.2899293889360378 0.7073696077837517
0.6407119392060698 0.9633740244446404
0.26299960557952873 0.9983049938439619
0.38201337029126936 0.42291479497658213
0.5167218798984663 0.9245403797336751
0.6446510393204007 0.8315610372125228
0.6963101008489878 0.22391733836115613
0.6867971672441995 0.7532805329251646
0.7953844968039011 0.21361580426479965
0.34826418354972155 0.6579157464483676
0.038000649227758365 0.43751711992176157
0.15031531726839464 0.795028975848019
0.15930882513493094 0.3497742979457208
0.6648084038957972 0.44422310648213537
0.5143113588227108 0.03269982071469357
0.4797227207769338 0.6658370667152402
0.9305299984509117 0.7735384637150983
0.2629371285250307 0.7783996787351243
0.8965845036235495 0.08016401971917586
0.8020624725141111 0.6026479042308998
0.5398971827513489 0.8222029412646281
0.1383549193498803 0.036361854266490634
0.3738020515526498 0.36385083896769466
0.6016751149465215 0.42532845555664756
0.31940364200949534 0.20452152184959538
0.8884414582052409 0.6551114315778828
0.903098662647984 0.1705877856336686
0.4068789455311579 0.19385803748806296
0.8793966482803641 0.4445716377895076
0.1473260499023511 0.8650560673354395
0.6300778279302166 0.04016153251687049
0.7141195492941939 0.6689112705993713
0.9998342953031578 0.4393978883869343
0.9520140257312384 0.39012186077812094
0.5510851189127562 0.32049903671808155
0.8532711103296549 0.6394628202657849
0.3914528611171446 0.9189536126666219
0.8660110771882393 0.551638617392982
0.05301232889062113 0.7473995922692941
0.6058789205335723 0.10655677523065732
0.43091701636087487 0.1858746627375909
0.1533477521606481 0.13588496949040918
0.3029980610472286 0.2413446274914982
0.5106949736696083 0.93764742407927
0.6329205452509858 0.6347431136987394
0.014562910339349755 0.4604374490435901
0.13415389049249182 0.022781159716023902
0.35286501041688656 0.32798310603121406
0.4939463390903849 0.9433420054397751
0.7013394497135016 0.005044489601672364
0.82536255945492 0.9393239554799738
0.6329325135616493 0.7993445238357451
0.29816420026570745 0.853958099113193
0.8103098168285632 0.6347698319231018
0.18869307385986156 0.8822395924056826
0.3153459378044504 0.28248188262577556
0.896426194361464 0.7378671254121592
0.9312977988543569 0.6214876797289061
0.05139848606425612 0.7985540177798381
0.3211888752197751 0.1694501905897402
0.6841363592177994 0.5574314119284021
0.4174591246132707 0.028569963746086113
0.20651619226457496 0.09041368124200089
0.4861059436559192 0.06963734387528708
0.6045616645113429 0.8750825699757433
0.989500099487051 0.18294442161198077
0.9869627208436271 0.0018504397863317035
0.8441308620812988 0.41371033540324675
0.9192786088057481 0.8896486019679811
0.05891750564831033 0.6366069296300017
0.5787552071524271 0.16856255371872075
0.9411089066803517 0.14802177581447018
0.9612686044024468 0.17546445494911656
0.3442613775987182 0.43716031338267713
0.5223534314199382 0.8628038110190756
0.8243615487341517 0.02282737467506024
0.37765742352920073 0.9180050629772961
0.31308340201213525 0.8513091055471533
0.7098168930199007 0.6576226193096519
0.28099771206782054 0.654746658445808
0.5467968183561777 0.2195615940832608
0.9976062229787493 0.5836679769384479
0.9698327831642019 0.7023691162516433
0.3536045889634023 0.047388232881528713
0.5864777173253491 0.8780387612245159
0.6028407210663578 0.6838044258637155
0.7327956252770543 0.2841804979236404
0.9831697336699079 0.46583658663651706
0.11652195923274733 0.25602343184278964
0.604921336858696 0.657221293980249
0.6670503796031331 0.38493639915566236
0.21616726099115557 0.8445145931050836
0.735948643402092 0.35776569550691284
0.8743456527451529 0.12571418525629652
0.8375288442122322 0.4442159309409376
0.7772088118651211 0.04914848386798576
0.8782466183576724 0.39841327058323517
0.902343330356695 0.5726350375341679
0.139745272319302 0.6814028058770633
0.8560562083682653 0.7450634464675304
0.45640032991765633 0.9777127163650462
0.0497632762189244 0.6765241818495262
0.28029838817776276 0.09795868492367243
0.9072123566422986 0.3971213538195415
0.574936032320617 0.10134038985977967
0.8310379761706556 0.3947658991144729
0.858869660259342 0.4356006011081591
0.9274160216508124 0.7166433187789895
0.9611081926533467 0.5002512968765829
0.020131859643405692 0.8517503047984405
0.05673844802720596 0.9399147468066537
0.709709078719752 0.28516179556204113
0.9260585589820303 0.24478405009687865
0.2400279861981256 0.19607277857369088
0.050394323865276536 0.7528482348840927
0.733854149545515 0.9309641009447603
0.9983102885173573 0.5080240429035019
0.3344201032626084 0.7949521010065541
0.1397668116902041 0.6922934953835506
0.7530750056826285 0.3339519947672198
0.3789519161258942 0.7679484653211761
0.4078496172915438 0.9779314880171142
0.6523125865910357 0.011938127536047172
0.32887641774657594 0.042990555700393895
0.8463561293625174 0.5231866302630434
0.12527102661726286 0.733262900721392
0.9930431434721888 0.7556006660639981
0.5520286189947672 0.07281672582451137
0.5266100894380256 0.12946615223526836
0.2905117971676573 0.4064291421320031
0.30038400069365057 0.5181179691916917
0.5619591342706639 0.9799355192753643
0.9465109844517804 0.4956199667986516
0.7778437841982121 0.4242629038650645
0.5475468037123581 0.31744369031739983
0.01077258619448318 0.582182785653379
0.7571726456814925 0.5696459486941358
0.03229544244559002 0.2897774701576237
0.7564582857201076 0.4809556078045336
0.3851211469227128 0.393761293714212
0.13737926954117785 0.2174432942568637
0.1401331951413366 0.2965233985955523
0.15387092594958907 0.89375736829378
0.6386533928465344 0.2794061852513521
0.21993318550884766 0.09038933811582295
0.007788145851783557 0.150433034051776
0.36796894767761956 0.47214426542357113
0.3563441047317305 0.37387824281824233
0.4930259475496793 0.046660576458288805
0.1676070128789885 0.17364231188331647
0.4948872469086114 0.9834552284588725
0.9099075711447465 0.5618347041898115
0.3120538818176808 0.030947358918225087
0.12595356533831725 0.14287512570245486
0.5370870314942376 0.802949710364487
0.34305113716453983 0.3534948809647158
0.009591340868979059 0.502815008240105
0.6400479478840982 0.6934586308996131
0.45960866023550073 0.9151107166217425
0.1381356495740843 0.9855465370681062
0.5820801198339299 0.7901311539265081
0.007743071137393809 0.906382830634825
0.8745759687121348 0.3832431480834886
0.9479688230225736 0.8969938301573959
0.19662704847003853 0.7364509912824796
0.7202195909266659 0.19132170159262207
0.28486964349377386 0.7554901648778174
0.013676030158072616 0.46966199886341775
0.9219375864096537 0.6039962435766048
0.8221928639908668 0.09721395879453887
0.37808754714654225 0.7811076699590229
0.22122338103694217 0.5575732971417661
0.8874359201818454 0.34095501349437707
0.790528296100318 0.6973171132639311
0.0521590178033714 0.01305822836043502
0.4773614478713246 0.9037920282689919
0.7385483450886691 0.8842825106607453
0.5450957437136288 0.8877366049604363
0.8998568110244637 0.9474614230225094
0.8949533541751571 0.6444911185656295
0.7233292901736418 0.7041703295980372
0.6621361420404177 0.7597459631854725
0.7047035392377842 0.2880361388793051
0.5205753155783283 0.8278488577471931
0.5398909936741833 0.2621704906782176
0.2547293030513176 0.1239313140792968
0.355043358867973 0.6313217087513227
0.01991836242572964 0.8093218815330318
0.779742790024392 0.4734108009117701
0.04925439967054157 0.8098615757347782
0.37235155824470023 0.7056163233181357
0.9029973884516513 0.841186150926895
0.29621248411496637 0.010816884290938078
0.16730357995881973 0.09855852606312698
0.13710996754340998 0.3366038263937652
0.3203520783936499 0.03947063431580011
0.6740635942224636 0.712872525932833
0.4602919173020673 0.821145016676175
0.07293444637703372 0.6109183518651364
0.6992942911155494 0.47755516587497737
0.3128570304344178 0.6934588652452889
0.3555241498218832 0.17031715291089577
0.41185776190388135 0.12046701853014274
0.0961259933851355 0.4729223721037028
0.6553551003629815 0.8916829095413964
0.6741377340016481 0.9267944451843028
0.5399985938146431 0.7097113100466989
0.6420682937622108 0.9168313316277972
0.3396567797398855 0.018132445374913098
0.37949511388217216 0.656003243787437
0.5962207369540483 0.7423884438508986
0.25545588461000446 0.023076890798293004
0.1880469874840731 0.4571420270084994
0.6359729284700387 0.10761484084588224
0.7508073067704809 0.3171485007813005
0.9865518952178458 0.6150360227392666
0.8828398395647105 0.9393735142989412
0.9986360683231424 0.9461781553324808
0.1824347947410575 0.9958156748831422
0.4144577758148352 0.7025085757567565
0.9259089332496986 0.009379385708751076
0.49974853815996045 0.6869877807927595
0.26559644484258826 0.3969333271970872
0.6114601347605023 0.9719686113454481
0.837278487156154 0.19234459971666773
0.764537008021918 0.721600597198856
0.7532790537115537 0.2816941451282776
0.65249583600464 0.5046569148023247
0.5437270734601767 0.321297512681897
0.09707450826250053 0.7205422678245952
0.8708649316875057 0.2802885641454922
0.3517667237509887 0.045220426630274146
0.3416472038266364 0.35170481440213985
0.8541788986295533 0.4420485568280761
0.8897478304540813 0.1960321492814585
0.7041617591716753 0.22794212577698925
0.8029639136533697 0.0340953825797905
0.7947349402554333 0.0448407613763927
0.11135704333857255 0.06852520170531817
0.8319349450475074 0.8278956969230491
0.3029428195049251 0.226910667826127
0.05942225128663381 0.7209700062209743
0.857043461175261 0.8039699611395906
0.2280847101425384 0.06845101400912612
0.26406043862711315 0.4407544292834694
0.37505884255626054 0.7622836572185824
0.032137391907000934 0.9374095136863355
0.9734676189162844 0.7630958936159891
0.15965777065483733 0.1926862853319703
0.6242976238907314 0.7116280483650423
0.3332357571073802 0.9153252482222924
0.7798221608939514 0.570550231195221
0.33906078867259526 0.25895656372295184
0.8414229092312158 0.22145169331293701
0.4929655223804408 0.7402877864596518
0.4676768533701249 0.8320465251271947
0.6457784531549099 0.7851306282418592
0.21162006713443016 0.6260283851268242
0.3908110693255208 0.2069124404185737
0.3020759103050643 0.15489382373696958
0.926035162091733 0.9180503669734214
0.37196103770117084 0.8998475076900571
0.0707620155293821 0.3861063914187237
0.8842724502529921 0.7614335630170543
0.039158862422649654 0.4104144386764249
0.57497763526349 0.1988562498562365
0.8453099536759188 0.7493969911720639
0.5268667087975341 0.8110652679335457
0.7364492659476383 0.3173220208226034
0.6819772894302903 0.20156258531434668
0.2530046449599471 0.686661169885781
0.9345327297995915 0.9410197708707533
0.703769116626172 0.5493975712296535
0.3843524656243401 0.356821041047348
0.6710437761022551 0.18311641844213322
0.2758552679910282 0.18554901091882892
0.4097911171984364 0.7729778907831345
0.6085455983266451 0.14745213709313187
0.7027660316339095 0.0042696660491440275
0.5593052750666857 0.2938949141581164
0.06549111617744319 0.40561436161293707
0.3223021422290334 0.9167546236933913
0.7149371531341914 0.9139011672271864
0.9121385802582269 0.3441243533506757
0.4037974399969658 0.3925725368750975
0.3046161419737219 0.40379222036552054
0.10522988615405982 0.38736919509238066
0.36231370255909023 0.07817994354205549
0.31532358210656175 0.12305272931763078
0.6214102070673252 0.349247090765228
0.8627350592320949 0.46992226383049085
0.285311551958332 0.5779110770489134
0.7333689844635173 0.9260128336558014
0.7288921019198414 0.24891888903816417
0.9296198724903377 0.3733733137378128
0.07954676241478076 0.31546526059724744
0.539364489056576 0.95264970131604
0.9567285998960707 0.3091791709367391
0.3753624528055918 0.7833669988347483
0.10463132802901132 0.7609065938658898
0.626581676507674 0.770785927969446
0.7179463048209959 0.8148411115416928
0.8243182964250155 0.35971002874591784
0.4237436610017521 0.3386154883951501
0.35309311483110684 0.12144156571277465
0.4330960318453113 0.345979148399568
0.8579448344144062 0.6352413448369945
0.4959320367687614 0.6942124851127721
0.9745284594738601 0.9463856682632982
0.9621078469828723 0.7092895219170348
0.026356243292067538 0.4397850454671075
0.866037357359165 0.9471611174118683
0.5783875846971518 0.14431466973599183
0.03798052496803961 0.4464727351094908
0.030628541373461826 0.9829527670700609
0.9057840809369756 0.8935627313691461
0.47582230994284025 0.9573667449927649
0.2016830430648343 0.5788356073030504
0.03649808908848051 0.9990173871814516
0.6784813359768159 0.682704429428686
0.9670133121339543 0.4575811345761017
0.8434373133488727 0.6841291136717274
0.04276365867215837 0.13709784154502702
0.91225035213945 0.6169250333562509
0.684473741932081 0.9439287783575292
0.003721988034656065 0.6578768579241799
0.31070870195664424 0.7929080510909686
0.12347962142302604 0.908357701061787
0.13377798182650935 0.025543667355454547
0.035286633685906565 0.2333477966721006
0.25165545916445486 0.12092574131599865
0.8506748326029445 0.648757103084887
0.09503736852093592 0.8267343737511634
0.36129407311050066 0.7331223648068531
0.9147714659694848 0.5217963339057331
0.7044633076079923 0.05720411790597213
0.1819228727244464 0.11535910270898375
0.0021253309497601958 0.47266099479293455
0.1859295194747126 0.16127620691199895
0.819986918226401 0.8115540823036277
0.8523743474519139 0.7250304932724794
0.9595624927359595 0.05196790588477873
0.4082935242766579 0.1474782227230349
0.8981435941330564 0.1217964470499604
0.8060646286940204 0.32085913021696433
0.7256498005399271 0.6556676568551313
0.9459799675062786 0.046746742281104425
0.13103715886466516 0.8944880946202898
0.15292211593906557 0.1894181131692123
0.2594518521204634 0.15360672567915945
0.9987117864404678 0.5026654074581869
0.17004959269490505 0.9668510597084651
0.0660678799389639 0.3742352086441664
0.6382138110841071 0.7481145892380698
0.8843389671021014 0.027145504006262255
0.6424459148001308 0.7968853155954647
0.4117578451934213 0.846085107487702
0.9554843477750675 0.23006094252194276
0.9995740127454895 0.7455379739571706
0.6800483327584468 0.962950661509557
0.7194094779988905 0.09609234565398628
0.09789698074506603 0.6135130777680868
0.9368941167273107 0.6784350262353387
0.6490538112978647 0.9461247377533561
0.12451659073837007 0.9566191148922776
0.4710525530902405 0.08476656299817131
0.9727207421771054 0.5619399456761596
0.10787785473996592 0.46186063584855364
0.7249811926566118 0.37249010993383447
0.7773478188871954 0.02081822616364426
0.10847378191467982 0.4612640363679479
0.10331796041802876 0.45677914779192796
0.6825893431614699 0.09996290212852177
0.5498314019161934 0.12567316733840705
0.6633852842909058 0.982922561877085
0.5041333521517589 0.19885445324738238
0.2763655842143906 0.7015386982237541
0.8020556309843146 0.41047646538253757
0.9170209228257538 0.40594977499971685
0.3072593797004325 0.6416435312209491
0.817765127925902 0.3377324302181762
0.9502156761039398 0.03628581838263789
0.9911970875310335 0.26219469124866657
0.8350611706930422 0.5159340459026095
0.9397654195201695 0.255295172443633
0.14963764984526018 0.5965776698535907
0.573205642065181 0.18195374193000313
0.3454452279221014 0.15978594997257112
0.8217339903545544 0.5433746185998375
0.02535926572834568 0.22287579737853624
0.17050699322421736 0.7230201964165361
1.1524004642349261E-4 0.26185238866676686
0.13144675069244982 0.26232194875181747
0.6685523715698493 0.6908102420853578
0.04779601769575281 0.25175671742900707
0.25821522910394146 0.48109156312171864
0.1839064083090799 0.07545297916293281
0.9161781164528553 0.5398923636927246
0.6608939609861331 0.4645648479054334
0.9897560032977338 0.6709965338903632
0.010791952633917079 0.9625739863025691
0.024145402641680302 0.33874293642574227
