2 1000
0.17895144041882638 0.9837896726118641
0.5529446382374674 0.8428530566938605
0.0627068046657393 0.9383896904735
0.9063358530650044 0.5114116291945341
0.4035572012709755 0.2533207316752023
0.9211272057535324 0.5882131512992448
0.3742140582275967 0.9796629474023103
0.03722949587171587 0.14242434411687377
0.19072907659694538 0.8720204685625638
0.5173698087690353 0.05291444970456849
0.2606742443177692 0.8951681974260252
0.9495427628807199 0.557124176504745
0.6018950329736712 0.07925829279783747
0.7469856367073886 0.8187570375188987
0.26905866540596735 0.22102297019156947
0.18400228786663586 0.5770802306229212
0.18067162223726985 0.4453899494932798
0.5425515774845501 0.734184574722339
0.8750448863558632 0.9497439454662413
0.9290139613366019 0.8728649264639077
0.39286905114982185 0.7661109258167472
0.7841483924635263 0.10664521795260151
0.6185695108990606 0.8444551448358119
0.980214098747816 0.723902747523911
0.30335948594345774 0.014914032123001353
0.7979135092107609 0.14766099169023295
0.9995002517740632 0.1272209705328482
0.05467702323438084 0.5559389791820951
0.7004466043309786 0.9442182828139655
0.3556718642159655 0.013975846706604123
0.7027410346213769 0.7063831001536827
0.8297296081013342 0.25668173618854817
0.8712142064377263 7.449578557414682E-4
0.5851430913798391 0.15526086662747596
0.06727374089497873 0.7323820899104079
0.1640846881163337 0.9952168604494229
0.18838671057046585 0.7185502344335466
0.15645989535016203 0.9422035490883125
0.6888157529374143 0.13451900471931155
0.027026230791393657 0.5982240432292214
0.2974255967835241 0.44183247451383934
0.14700220313552326 0.09614873317087602
0.09690707284859601 0.3725073012324891
0.09643706013591724 0.8385446311628821
0.4773854499493354 0.7390738249840434
0.22703232522168182 0.5818547164187566
0.1540618443760584 0.9574509438560379
0.781194085323191 0.17198006817409472
0.37505314967697223 0.9303123008920947
0.22767078052422862 0.5346287358195182
0.7217357613114475 0.910107287962805
0.07493535341851154 0.6893262900880821
0.447100642960213 0.17877514336441214
0.4359801989692631 0.232891291249264
0.6802855280058406 0.9100311197943517
0.5123844670133931 0.9500386175364643
0.4872837280515945 0.9581609867409954
0.8035111718432112 0.2987853905398836
0.8838426483239612 0.6781960374598626
0.7603550850897038 0.4897441090643916
0.4547873996808399 0.8529615081572706
0.11345131812583531 0.20061147007241042
0.8941267398047791 0.4924848398515762
0.8240007550096631 0.6776980784319082
0.017913670565114614 0.722332366757081
0.04161441969911828 0.23705244245297696
0.5537633689025603 0.1768654884615014
0.7041193509878844 0.35713153629940686
0.3532638793381927 0.3390596304001875
0.43914815137112906 0.25177453393364946
0.09966211605710606 0.5732025409404704
0.31339497023910867 0.2911039173961586
0.756973695172653 0.45183461483498366
0.6905957457895673 0.940247045320018
0.21770887551003204 0.11398269409830808
0.18956698795621174 0.3716222112792096
0.590518926096961 0.7313730066245213
0.14772881442726782 0.6711802218609809
0.17870343164354108 0.639098839421577
0.10559174650776104 0.1470677515821508
0.6608236224360293 0.025024456062182288
0.12281001488033239 0.9312703940182383
0.9617653527331723 0.5997902024020112
0.9153528615052822 0.15409420186402023
0.8820714618203107 0.2866814002790492
0.0020853732071605124 0.7480764797170552
0.19579702824697676 0.10155478643539961
0.6083040863064004 0.8257397951969536
0.5568381118313246 0.2513170662636314
0.05966692267555229 0.823660922006063
0.28341074791687515 0.2577894809985598
0.05864557937156567 0.9603804609755581
0.3634878924473225 0.727305609877992
0.4160322656552913 0.012182375883358798
0.4105612593063295 0.8040994229278117
0.8136046584953907 0.35888716011676824
0.41877635681704517 0.058197375560801956
0.22755797047287407 0.8079976025090748
0.18757910486412344 0.3062886370191582
0.7201943927115548 0.13181253775602986
0.8104246357913946 0.3664668363297302
0.9560416063273327 0.32033585034869405
0.518229354619299 0.1290248223580155
0.18701143626911776 0.29035466790447173
0.9520054842091269 0.9723953867994236
0.0720323079547931 0.5798062897917953
0.9627014323210513 0.49606321398730857
0.8918737949381866 0.3728774528873109
0.8655121602109673 0.22233676123599588
0.7762721378450994 0.500569221249353
0.8842484648830705 0.6737720694636137
0.7890571689333133 0.6832835511380927
0.9314760388336677 0.5174262598199558
0.2212989581271403 0.907795404854963
0.3546227234478897 0.844509813239672
0.0638159115376673 0.7145483994248212
0.7759350015874394 0.7062340059925294
0.08935222506770013 0.76484467870299
0.8466694049943163 0.44861793285286755
0.4233644546882792 0.17533121072864277
0.12604430195012561 0.39742373923121366
0.4571024306738517 7.293705780704318E-4
0.18695702782635493 0.5225638536333204
0.835194451493027 0.2136545743426419
0.8433538419215736 0.4255713009227917
0.874265919388124 0.6365104902683008
0.9035278810650799 0.4753569822256105
0.6863049298407163 0.6717373704113953
0.03198324357003135 0.9827699171774583
0.5906812793103673 0.1397542732812973
0.23957935870839187 0.44343514980062115
0.08269761909947249 0.528006229309987
0.12392692026500174 0.3833135752232236
0.12865691114351518 0.9651061025868989
0.8934890991742643 0.5740865319694636
0.8969342740358098 0.9617820629687998
0.9522333289229454 0.7799988376259532
0.5960957050493556 0.20490005439706083
0.19170785923177192 0.24648435970651505
0.13977300036025664 0.4436130768590112
0.08157111496019798 0.8556571838940624
0.015073115132057335 0.9882652801054757
0.11613322516466251 0.3386092046632484
0.06507771992325317 0.23273652902558994
0.08727373584923626 0.6572519670406106
0.7633391423420914 0.5169966165915533
0.40850712945438294 0.1806681534481418
0.9636732432816736 0.9006872053293288
0.3033662927606472 0.02510938651565886
0.8046066245935198 0.46003793300178186
0.39338653426067793 0.06463745791455722
0.9139927425535872 0.23668710267498827
0.8858074812408864 0.7223201786840229
0.21970348156866704 0.9868269195952849
0.1569662892785577 0.9435102697287989
0.7506233475156471 0.8335244866555248
0.5154446386727184 0.11497730689582741
0.13714744730167372 0.7895546380908673
0.2689155507232731 0.8368656467858546
0.9055037212671931 0.18512007116690687
0.3843011438555727 0.8545913740120752
0.11528910169749462 0.8732992855767596
0.48217727427674617 0.7938421329054084
0.5551769397384502 0.7749325944742385
0.22828481186396066 0.0037292946457508913
0.8760619017139681 0.22224202987909436
0.10017737675621607 0.40194425349203866
0.00443218023770664 0.7768372677317847
0.017736637300189484 0.3532264081552423
0.2507611234522278 0.40583376883452693
0.23936712120832426 0.7541414818805829
0.3256018253323367 0.6713321213960347
0.7499246129852509 0.06223622188642286
0.6539772345617285 0.7992844561109017
0.9164388331154328 0.12727729232356455
0.42904236453028166 0.908015091723463
0.5147387751053007 0.7316892526488017
0.9627572482069733 0.27889552370717696
0.12614724719710713 0.9340680721413592
0.4642686484962807 0.1369404503952788
0.692234969571969 0.7024530910894516
0.21000758669087893 0.7773840501065552
0.18450499473684223 0.6952189502491962
0.9162474463746672 0.180563325243144
0.30307431481349323 0.40362947789259884
0.39406465904978727 0.891031994918285
0.22132571747490282 0.27639713504269636
0.25878309496016794 0.8300044743069931
0.8738008987880079 0.5354128342088833
0.9480344673106975 0.17103407800139492
0.009997022761870866 0.2706279988400986
0.46170767568520266 0.9815228752956079
0.33688037194034026 0.903473582026427
0.00817916463852586 0.08571463723013961
0.10126301618243072 0.45275974016032405
0.34162345036014985 0.7896549078902925
0.7683787153582735 0.9424670811866528
0.31003752001841434 0.4169646312462496
0.4320282257934631 0.896362338314649
0.9063600395903114 0.48187672511286617
0.3602793693770774 0.791192514172191
0.8536998160461502 0.021777712728600962
0.0705102102765841 0.18647712061436017
0.7330066561319345 0.31144632785184545
0.4403083052297395 0.06568800966709265
0.5228332396478602 0.7573513744724403
0.9177183931161408 0.34007895951155764
0.8110744986605815 0.19367795266840715
0.7316296083254569 0.41954429365225143
0.37838048142052727 0.04882788990442055
0.8199124953846013 0.8691119634236545
0.6838305375963234 0.834478011978091
0.8049859228812211 0.5373373253212644
0.7102352195507369 0.7243464832460971
0.36531335835161194 0.8943761662729204
0.3016515047686491 0.1995567010489221
0.7506716411071428 0.453467314794864
0.7158008080003553 0.794814628675853
0.12617184047310648 0.3659621705792504
0.8250052133973873 0.44511593000411176
0.9833267651553713 0.014002819810909006
0.481979871240786 0.0770937475855199
0.10827687376555739 0.9653447416838935
0.7077591970679141 0.5050672394555402
0.1829453410851919 0.852153631307365
0.28452227315098677 0.35595037420202913
0.5419336849655306 0.20877624590305766
0.16457567038607512 0.6535933903956697
0.31883185124053703 0.752479924757996
0.9315503408319042 0.14247562140074688
0.7111532722454973 0.9617257464270857
0.24724721683052586 0.18638111328165619
0.8143297783441038 0.8877757598836048
0.9713902176881195 0.22618559614787115
0.9482449266630248 0.10133295070579829
0.8624005977189385 0.3074804115492268
0.13295266190758126 0.9962809196307064
0.6727558526633508 0.7073377949564847
0.18800944771754857 0.3123385527321293
0.34854505664144875 0.7022396179588329
0.9175721861778227 0.3841851261850141
0.9385436925350997 0.45553906519751197
0.7198094500600046 0.8512556048961047
0.5623964582418826 0.9608544248864778
0.7940490096713231 0.461752080565327
0.8413145585837934 0.3731296415879143
0.1061802429997386 0.5894556415270809
0.49725362049182664 0.7198805261413579
0.9915463074354097 0.9327225271418648
0.6664869956549331 0.21862703311484188
0.231657272440132 0.6187408752372541
0.9785573857808763 0.33933187239222484
0.09513233884405181 0.2642487425684843
0.8126788396784271 0.2694127411416565
0.2111638593870182 0.2964370579933143
0.23645458925493545 0.3336184884924924
0.16696940915084735 0.6204294985246682
0.8064392572172029 0.27234356239417923
0.38109006707962156 0.14349990308195415
0.4245000945780406 0.8097346535995202
0.1333634389088303 0.5006953689361069
0.13323923565287288 0.723503891642103
0.10786231376141653 0.6154284766882775
0.538489741931188 0.8651689596684473
0.4719100532258229 0.8273305423149016
0.24788620803234784 0.7006658600868204
0.9499736224041694 0.45773552515645943
0.3390331679188432 0.7366401724241012
0.9312829212222294 0.8745350209143053
0.19001980046666112 0.8750050374441026
0.08848592996635263 0.3087927204077896
0.3227816689193307 0.18735649354388162
0.5593870107973636 0.25316281829068676
0.18672954006405107 0.7504081850766626
0.5808918391742445 0.8580626921470423
0.7706066442993418 0.43824122360429196
0.1279949552755607 0.1149230310259961
0.7966111935613449 0.3231942611486581
0.5032191792081898 0.6957118432151147
0.04587161012374241 0.3361040702749506
0.1919364599165353 0.39039786652640474
0.0662496178649451 0.3198569420035726
0.27802992373058966 0.32372283167793514
0.4856193969172806 0.8699930513286016
0.5431813571149925 0.7254015941335414
0.11456567921769778 0.3961404001437323
0.6589869306969561 0.8444508606654374
0.7640747028220259 0.11853582177379274
0.014455885226597798 0.5165341082360407
0.7630536554776315 0.9171696793584215
0.44746044564022236 0.07120889299077982
0.1631263823318796 0.746783227699468
0.9512129297354163 0.6487036073686154
0.09376676206211398 0.5045830572537977
0.1381628735353555 0.044234300996939035
0.7803461257520306 0.3332512621224716
0.2320455713245405 0.8886464591631256
0.367231785801997 0.366954475175472
0.9942977406267645 0.8669506272194167
0.030763403670362566 0.7947107416862085
0.9088036545835352 0.569546888539093
0.18643119371431183 0.715195771583723
0.4722616274745073 0.7865691772551717
0.1818983657816099 0.11664930948714403
0.8099494542731104 0.3468523202899968
0.5916761692643202 0.8444705159812912
0.752861171386217 0.9653770922928964
0.06803571739738301 0.667472161170306
0.7832168631696271 0.9817363531705375
0.27004006060997165 0.3935517206799408
0.031189914419392895 0.5871604885215201
0.7384190707973202 0.07862394582716214
0.8161474161845135 0.9300748725391422
0.8580207637608713 0.828585446773123
0.17407289041167762 0.6376945052005712
0.3172667038922723 0.3002385613863914
0.9924332693467498 0.6780695334930205
0.29000809748867584 0.3250715564975536
0.6265916339947856 0.35041960666022953
0.1898235408471317 0.8115161963637325
0.8403768322985669 0.9296329144649721
0.9038199715651046 0.9932664787002551
0.08243995241499169 0.04594888151992649
0.2752709121242376 0.0036517729192269144
0.9537962144874861 0.33146674025276446
0.2782830822807607 0.23057101109773237
0.25429476299650455 0.14966060418707083
0.055070788847233154 0.92371992167511
0.7770138711912234 0.030689559023090673
0.1199479082137006 0.48447372904640473
0.7495570415486457 0.30218502930162405
0.0924236405379204 0.26186521896609716
0.3003138613977907 0.32872126375848876
0.9657667432870727 0.028181678881812333
0.5976376262214467 0.24488165621611646
0.9953056220381359 0.9019631938104489
0.17471787311296738 0.038568751687357405
0.3731601846389232 0.7572292541243204
0.06665392203489195 0.9999523988165596
0.3665017333043038 0.8515392065775051
0.1319611899802171 0.17646696428179764
0.4989636131727858 0.7504558060205009
0.49213406475459176 0.024846449156284978
0.9011595468610154 0.23412977691905257
0.29069649158548727 0.9330861645629305
0.9746667368236425 0.6162947053118634
0.6598595938349701 0.04828955310929983
0.4459116944483521 0.10378397067197498
0.8321328823314734 0.7490426346662276
0.12052626846743208 0.5442120815533815
0.6409341348749725 0.3698511165990599
0.32238316279878665 0.07499008692317266
0.2627132918507855 0.2278253125253924
0.008071063139046264 0.9087158507304002
0.3902730896466252 0.021496076185555157
0.11201052425468006 0.571466808400954
0.20524639446100312 0.2576448993712408
0.30164891800209515 0.39323828764473556
0.36876101773817294 0.23400779265132376
0.05469613355822889 0.4880877922340294
0.3075016348080981 0.7702969992212834
0.06365801195854182 0.42893172092889575
0.45370757418089314 0.7494374680978004
0.26914882702993737 0.7824567042411846
0.125654147972024 0.6377375646989579
0.7995129745320299 0.5563729979095628
0.4911125649590603 0.13543919068901522
0.09066489715693737 0.18083525790630883
0.7024932823187172 0.7702565342636682
0.9956680935212382 0.2817229544223051
0.8090287312042165 0.6796039406007091
0.7855630124127768 0.705452512130903
0.14639426854998494 0.868233803139366
0.8168236686279631 0.4231493396505903
0.7564985972892742 0.34409420023858495
0.6602697045601653 0.9307833618629844
0.5531633910320859 0.8149220146504216
0.574083670898695 0.2283262616574363
0.8343668586703797 0.11233213814777787
0.9323284484770566 0.6609375938443725
0.06129250152317578 0.15274806776024485
0.13923814511881538 0.7696998667805095
0.9911581706821778 0.7133281963104392
0.7876232359873983 0.7112119129871883
0.8831816075044561 0.6837804328770092
0.7814560953131642 0.8047133699695671
0.08881103071591445 0.777645415420969
0.7753697260631578 0.06650463802522188
0.6758804267199705 0.11596751897641255
0.8637991800919363 0.8833107346034942
0.7361347149326622 0.17022150896939192
0.9131030511526881 0.6239181289147305
0.255115076683754 0.7719302138715424
0.6427306202534734 0.9770123224328693
0.5479454521327486 0.013286865366541
0.1338460902156744 0.9428573876554308
0.28982298124785033 0.48722190797507836
0.5544796458969528 0.6762358938522856
0.6883511235541787 0.286197547682122
0.8929818403871981 0.7486857016812003
0.282030091916749 0.5093706617931866
0.85753551056319 0.9345719572754909
0.181662078635767 0.04252600080076985
0.085431310879722 0.8306542990135388
0.07340711740029637 0.9372426406571184
0.901227820823908 0.785600116769786
0.8462107653300008 0.43769582233155324
0.07288465750462259 0.16814549205804685
0.5491193588964872 0.8914714804668094
0.19088052040573145 0.9094816584072056
0.12970884264192906 0.35596030551345315
0.31399075332615356 0.9623195237951043
0.11595726612342772 0.7089286679055964
0.969806383286037 0.47604401067807456
0.9505534525284188 0.2967988492298782
0.7970650920668446 0.2928490465874699
0.2946483185064456 0.45919161283632925
0.9131082417979342 0.821009250291519
0.7943292971673572 0.4207299781832051
0.8476199998058386 0.22506313125169009
0.28533096225783106 0.45112541382671856
0.1647306529238043 0.580448119553323
0.9595286368088711 0.9669926519588112
0.8806395401123712 0.7199075623135275
0.3484564695743487 0.16833910673756225
0.13256439018029242 0.2634338989317535
0.968707084886349 0.3186534644018497
0.1739534986720539 0.863776354630408
0.43685582617443675 0.053286097725348425
0.009631965506771367 0.686463566857341
0.8276938201636024 0.11269880932254128
0.9400454376725806 0.10397628554246974
0.6001782426235394 0.31308063686642984
0.43254386336191253 0.1424152088271624
0.34785050566734077 0.09806515891947098
0.1387370330406088 0.4483173788067889
0.9469446451247775 0.8483389235225761
0.0401115832821376 0.8756487887469414
0.8281856716491609 0.5223384942262778
0.3551557425544326 0.9768540466650533
0.7097584752329827 0.5119334631457907
0.06975679376902966 0.5562499435136208
0.7978434911811403 0.45158494665109106
0.23038039083438877 0.20984702995106475
0.8989254867245497 0.5507956159655805
0.15050961460171663 0.4317858308070994
0.7367133499398125 0.3062748567702247
0.776031613697138 0.5262388966613895
0.9703710628796114 0.5761568234374265
0.5399070530706341 0.6672764874951106
0.7904866290159778 0.4704705470018311
0.17162132663973528 0.8660467163453696
0.8676105593001774 0.3446082898683287
0.15764717432301034 0.03999443302899042
0.20180472185457 0.9225183777474503
0.16418092818144692 0.8764845292576681
0.7020614271430115 0.48058801995850153
0.9286385853758756 0.0292040145039264
0.44352136936104636 0.8561088435771174
0.6012567603459198 0.2333221396514671
0.33635495816094074 0.9216059018544178
0.8557455378198511 0.5879333969344087
0.20937528202522937 0.27186550846112434
0.3064056637469983 0.0866022004637047
0.11768617558553673 0.291467910358454
0.22770093213086762 0.7443308259712699
0.22037310056164183 0.4477563407263503
0.9106219311204883 0.7634928877604933
0.23335702539079162 0.3989863473507579
0.35940112946630565 0.7037525918026486
0.8903847337504114 0.4625354191181903
0.19119965786851845 0.23711685486641787
0.7279363308711261 0.5481023753721506
0.442421634610639 0.8618122651217918
0.45329678978351073 0.9504020172061786
0.05995071053105072 0.3774839018219739
0.01768328004885622 0.5861020786163272
0.9720021614310723 0.2989239430188768
0.021227314593975866 0.04164762764795138
0.3853311478144089 0.843226062076473
0.11927554885387237 0.12421058294307163
0.1858341479130441 0.28810744216134543
0.18490642045521188 0.5165550858058897
0.9611121305537428 0.08871123685571247
0.8892262972557288 0.392351228797835
0.0445625958069763 0.621536310539171
0.9682832398345222 0.673740498297097
0.32980219152298174 0.29213176983175493
0.42887155617777817 0.726137721091022
0.6483598626188141 0.7203575785852342
0.951049641930867 0.5977784184962205
0.9257184498397588 0.9295818963512669
0.13546215892401514 0.47047835162292084
0.204784952503405 0.44797308283968185
0.9749168145404641 0.7741369129875966
0.34307877289656774 0.1617838954624945
0.9284788082696955 0.1191982401903342
0.008073173235928266 0.6691339392269674
0.9001651774576144 0.5674676289880329
0.954459305797122 0.36902306795108175
0.01861074709800481 0.49033783234799744
0.6467805722211842 0.9341780107342809
0.00811331288988082 0.23541958689894638
0.3222270031065596 0.7111364767314067
0.27493113472879704 0.2977579497031215
0.2716482835377527 0.21165006141302478
0.9712959942299488 0.8671678121102679
0.008009723515499001 0.25804688101382445
0.7566813521580719 0.5349531972589979
0.7635875545356915 0.820610779051329
0.23332608129248422 0.7556643879476519
0.09963368363900849 0.8499632269170171
0.7219997746753477 0.991953707091022
0.6132142998964577 0.9356562843588979
0.41541968839059007 0.9631180657975102
0.5979007128720131 0.1545526963452888
0.31363629703556983 0.7670646488802675
0.9538199734492548 0.9710737049973361
0.08871295335858143 0.29355188136991395
0.10554166300503154 0.30573395135073334
0.9614550850220148 0.9705818429795866
0.8349309590017155 0.1445715521264438
0.9636450361892002 0.45242113977205445
0.25085413352074504 0.30103849360423784
0.3077079145811512 0.19506483931195562
0.7027926064758753 0.8421591216594958
0.7545395704988944 0.15808833938192346
0.32348250989266103 0.7759546869812666
0.8824376734010316 0.29682929137289493
0.8107466040589943 0.10240865776607122
0.864410586979214 0.8608133604488943
0.930268502270013 0.07887683161968706
0.5324544085571427 0.20899594587813874
0.18454774378712158 0.779958682017336
0.5010500759267351 0.8887454136316523
0.989636417055024 0.28884249131312845
0.1338808398581448 0.8251456396392159
0.7306403441700168 0.28572103782065894
0.7849849352042371 0.9704458805171624
0.3432194160518889 0.23394739356406247
0.7360496885639737 0.08221101486023141
0.5962753514189392 0.06406502502984701
0.17669598360126082 0.5071742064744362
0.2579278096294395 0.38287606685283626
0.1319081269335053 0.8599890580709662
0.2630528483723288 0.5485975621654887
0.5700950136088104 0.0706494387721972
0.32166490526386315 0.8982934776747878
0.6269553911586214 0.10409092647359097
0.041900168306320706 0.5655580552777126
0.27981552813250576 0.08620324565830317
0.13641944466959532 0.9212275739281357
0.11095476432707652 0.7571702688373434
0.31775909498364885 0.8386130365760555
0.340052577209914 0.7556000154206518
0.3460577051438283 0.408370893964497
0.5213430620092826 0.9888502564001099
0.43999993865270237 0.7870487572372049
0.5239234443659626 0.7619750621892285
0.22446263879510653 0.06333522173206518
0.4707838062495182 0.06130718634927612
0.9442409996855059 0.5265841195048017
0.06871036242004236 0.37002494667661723
0.0945910626204377 0.564772264361945
0.22833446971543558 0.28280151461347136
0.07704113826675696 0.8790400277365414
0.961220109711662 0.4435486581222553
0.2781201561678367 0.004645317356332113
0.20839494788609936 0.300929577418943
0.3158533227655659 0.061288309736636126
0.24434480284068938 0.0652436326944118
0.3253523108176686 0.4369742159816915
0.8115779590700168 0.7103914728746668
0.8119851871197187 0.8772647332619763
0.4210473293756175 0.9298373702954086
0.49195594268303566 0.14232592054489956
0.8284208166806771 0.488238866006518
0.9146490252076367 0.7477136691716066
0.9045940533532142 0.46357728586084135
0.4766614534335565 0.15536575545338127
0.8519993504930425 0.5405006140715702
0.8865458011181684 0.26343015974931194
0.4739420033858208 0.7206897441440474
0.047333086519573686 0.3248967483163908
0.13547442082782513 0.889192749551718
0.9468539966435281 0.2136155546647931
0.9383948277017262 0.5414550447271107
0.8287292730797383 0.2860303474666026
0.07990812119773327 0.689696623333186
0.5867614837560295 0.6885792944485628
0.2880908665342077 0.9197439359742206
0.5337855806178724 0.21941740919869823
0.8345092131124628 0.6917123136185404
0.18801052859828693 0.21627311972265095
0.2447797991559214 0.2564502128028725
0.8526979350311944 0.4289194390461668
0.2662806468550576 0.20136766917318605
0.9025480494395013 0.9712609944894489
0.6192577869095681 0.9751486260625615
0.7726716775194322 0.16970217412628197
0.5805785530436322 0.7103981275864851
0.4545204234301832 0.7833427132528814
0.20277987223860072 0.7340455804719296
0.8926169176028484 0.08570865051598586
0.06668623992145906 0.8342308735886527
0.07005911293764688 0.7221538626483783
0.6536256237042858 0.9581716445771183
0.3030601994915355 0.15234117750101084
0.2633917089295513 0.1446256417099876
0.925101192507867 0.6348758544116159
0.7445493082154953 0.8117195925772955
0.7148267555929205 0.10873820485410135
0.3829492761047547 0.07685365395340626
0.9294444141054816 0.6688937705127478
0.28792611578971494 0.5094737018525397
0.11423842041901011 0.4635623871961242
0.06443749688660638 0.306675112549774
0.01482384468002651 0.8233666788477277
0.7526239614330554 0.981766993857319
0.030970528419109966 0.3962570539641207
0.05587036575553361 0.03438350568100157
0.6965769385419741 0.2508054743330481
0.8558031322541458 0.2926936136062743
0.5625612953003926 0.8474199025572348
0.7937354154306924 0.6465727620693396
0.8083466292738594 0.5057330484890316
0.7870887112837868 0.4079144233020814
0.39705543948776667 0.958275832689759
0.221344293630381 0.06584499212022143
0.8144051053972358 0.5747549032302435
0.7173909321093663 0.524371628006306
0.795752373438977 0.26168058801054783
0.21296541660449764 0.6557286493960006
0.6848500115975238 0.18581066824394832
0.2331045246150959 0.4596030664335301
0.026704227965792304 0.14066122219122557
0.1181227652394281 0.5021351514931366
0.60987448260033 0.6941085115334936
0.36524419607178193 0.7950087509350586
0.7188207383914493 0.7401787315781296
0.16979238772561822 0.8810005610080565
0.7585897722762068 0.8826742934794994
0.13331836652344575 0.05698102323505627
0.3327707368631606 0.7336991204903178
0.8409999356510423 0.2635696220428726
0.4268804946366006 0.9233206583062231
0.9465081986449236 0.8337625999292702
0.3412920058540596 0.9333205963120791
0.191877720156312 0.3417439727133247
0.044005530633547396 0.9300867624103218
0.9202655923569844 0.6771950382526298
0.7943144324768726 0.1454112228260801
0.2806868600659942 0.4087806657897707
0.8535095323606481 0.05159234229672982
0.19405308912613595 0.7079052241245293
0.22321287162747838 0.8955551104623974
0.5334747528581548 0.011303134511831958
0.2235498745969391 0.6037435763015289
0.19555334503956157 0.07772281973094963
0.3303882976994593 0.9702730629257507
0.7718241426245861 0.4202006449404445
0.3194841582586627 0.7350076498828517
0.6647419225041066 0.04061757751228867
0.7581655936617576 0.9428008397798802
0.7339380996507909 0.9149728063876832
0.8318540422504251 0.06802207063972898
0.26330298555277654 0.35267043832770595
0.5510389782340727 0.8618708407151963
0.5932481366872676 0.7689791787817152
0.42181394210380696 0.027023707158143173
0.31805654990740717 0.9035629585736659
0.11089928803877802 0.19479193864669098
0.5306861840035754 0.05960972752428484
0.7173959104007862 0.09233050683472066
0.9691485590491536 0.13306986067127846
0.10533209052863368 0.7686283726507444
0.9720457177783919 0.7464122063385441
0.9160145076460902 0.9212127439186787
0.23843013574484473 0.8296217302509935
0.01882158391213362 0.9962108310445286
0.06377762131378839 0.4102185877903688
0.8478009326243792 0.6834016324258461
0.9534211634726006 0.5524002055044036
0.25457439121343783 0.6963856141098231
0.49404874457003156 0.027106127965498716
0.9520306596379801 0.8093358784222868
0.5904541893097933 0.6783683989795385
0.8722383566528359 0.8345905438919539
0.04874188272876079 0.38474890779164495
0.31506860072581044 0.01091274611221038
0.9019951043939622 0.11600653311586107
0.2784504871104113 0.45784819416310196
0.5705160102423713 0.15875749403926787
0.6448464314789453 0.8715817568028237
0.7593643009418549 0.06113283085524435
0.09537470049508812 0.9316844977689118
0.24839763453626862 0.11031679583024279
0.3993154318321577 0.23977058351724034
0.26953291115569056 0.4252001424613807
0.8214649464440682 0.4756707815207396
0.6455514340515235 0.3689406579225196
0.901892402330781 0.31364252968434614
0.4688351831205876 0.8600800607647637
0.4350920421693346 0.11868504680808223
0.9608032940423702 0.3987168460755822
0.4379054613382888 0.0741231447138666
0.046613670285679865 0.021127362035714636
0.6198424171411663 0.3369482667820771
0.8584189468527361 0.2076015914384175
0.178544501425833 0.10587546129893699
0.8605425144702942 0.44822692198193925
0.10957907998665939 0.5262448105142686
0.12467069664608943 0.2730084794511134
0.028254846724160454 0.07746077959517161
0.5676942750418131 0.9018949465381565
0.0404463303684619 0.5434193469042039
0.29691361748178224 0.2897119539139148
0.4016076140092807 0.14602109107742556
0.4445104361707648 0.08928728281630627
0.6908096415942834 0.8632653350837782
0.14592927753052776 0.15640821286152318
0.21915044759714475 0.032984501432661295
0.4291671132464583 0.6717971795972271
0.2738473025614486 0.2748924051139343
0.31046145347364995 0.4304301320855394
0.6355777527469253 0.29718328934878435
0.6222797550720729 0.7596246924024073
0.7669051439604224 0.00533956629088872
0.32035490122531973 0.3109357033293143
0.633194991983201 0.3190144157457251
0.7083088191432563 0.11710815339194225
0.17933783136287262 0.2262966113796635
0.5888425346732358 0.803817069771188
0.1739112288066036 0.4433597891308261
0.014989689170245568 0.36551458697018746
0.8287665302429327 0.19289884980897143
0.8866764988556033 0.25176863594924415
0.9959925193374496 0.1162067931334092
0.4329198877721756 0.8765358981929332
0.3565713760852559 0.16033413511041517
0.7877340928367977 0.23638001009289988
0.9149128345890613 0.9350288594736811
0.9387058995987408 0.7885856078533836
0.909154421210843 0.0529476262546289
0.20164122777840365 0.42239444865819786
0.7975788832947839 0.7349631768060325
0.35816039606921013 0.1485833382701307
0.1540727769340685 0.962957703323734
0.8815960027014833 0.28078456944687014
0.4584307072059337 0.08588833430656617
0.10135260638455712 0.3145526658725184
0.12719862344174582 0.9796608580759266
0.42072301371499443 0.7301479347795558
0.6093457582058804 0.0562953360540005
0.7743278166054982 0.15025311497467886
0.08401807180543186 0.15936942746139438
0.6058676718565497 0.32371023642747765
0.9934614683110928 0.38889065557058533
0.6698481843392882 0.7916874567188815
0.21055165137376075 0.8378708701479911
0.8430746554878558 0.7960333371110021
0.8518012210939518 0.6113809572652696
0.9341516013736026 0.41240270038509885
0.5425859851275782 0.6790494126986469
0.8030773402751624 0.9133207974523659
0.7342507682733387 0.6907098729868923
0.8731058842832448 0.21895512581323606
0.24830328546187064 0.41030336513303745
0.11995366694660492 0.8527855814274714
0.5317350516986312 0.1862272264006838
0.8490643184006853 0.17251780597661637
0.1483691817427374 0.8059868050371687
0.14546395363619624 0.13658233536417264
0.29634259166224386 0.9710292991782484
0.7154202253783388 0.7248580520916365
0.9101239812521483 0.24828473771396442
0.3058370805664282 0.9897227780183251
0.8882016631475415 0.45631740440072976
0.698216145690431 0.4710945531601408
0.9110902308600689 0.30714659663951027
0.22664604927440835 0.428835611639067
0.8797082338272836 0.2817842646480512
0.3237482806935893 0.29948676427574417
0.5503865036826762 0.13846165992292803
0.23930605747722355 0.5174387355647655
0.588027676435136 0.08744090010660288
0.9485854422434138 0.7590123397942146
0.9538475929156074 0.12545987651473967
0.7424676744914023 0.2009103204013437
0.837313046889528 0.9912741310349729
0.4686215760792626 0.042101470952264686
0.010678384212567615 0.5660629775555799
0.3227928838043156 0.2894437098513284
0.16658510466394094 0.46222856136828394
0.10604709505500276 0.6668927478521193
0.23674923229472833 0.842921296794262
0.690771141550467 0.9816673196253335
0.8080052791164248 0.11019274940955537
0.38800975585462594 0.9897859895477499
0.13596782233585325 0.60244733242382
0.22574687019585393 0.4625712807235717
0.828450562273859 0.06778789325042467
0.21671736710689682 0.5128111956658343
0.7629485037922059 0.04364650324380548
0.5901938167282553 0.6803773722764643
0.5989703440453034 0.9902586684817354
0.8271605692120111 0.5531869090976125
0.994255442060311 0.6285698775543199
0.2758748011134501 0.3816592709324259
0.9781678301349569 0.01800568178537254
0.8455858944152167 0.5896783195325127
0.3025643057206102 0.805360173669513
0.12950463030731707 0.9665535386682816
0.01982849450211499 0.06772582406071592
0.3849673657625926 0.2791077257768215
0.31624190169257993 0.41443626251650956
0.08739165814554839 0.32628208351565724
0.19448542022311321 0.8168444926451311
0.7174194669550046 0.30689889126824266
0.054263945855705265 0.05076967881764216
0.5525473717048661 0.06760543181705603
0.6461697603910456 0.9877912936351682
0.5204661070194492 0.1321977408306606
0.8781269195699248 0.3871254319558055
0.9925417025564774 0.6550488462567761
0.007317117319069921 0.7350717623114722
0.7289329423763351 0.8711980660644223
0.9612609430356707 0.3285305167178937
0.796823113079003 0.07419989864692189
0.14463285346350951 0.709150242068101
0.17261497400018977 0.30385654567492903
0.7293198227533859 0.49924382582795257
0.004315871014102024 0.0995002897515117
0.29877402959352306 0.9975839122355729
0.2509748829130808 0.6834301642141533
0.05708052097653771 0.4789159029528939
0.12829059482782323 0.2552806070811521
0.35061957098622976 0.9301065622061374
0.3976086321749881 0.8867495443722482
0.9756416372303153 0.3413258911067373
0.8495008339833857 0.2067612246383992
0.9019331368232736 0.2721950146871712
0.21960572749196872 0.5775207950403494
0.0909349314335669 0.4133144970448607
0.8179482838347828 0.8991880950065149
0.7995851674480173 0.19407930821647779
0.12968412850805666 0.9395103801058019
0.6442265308369505 0.8263714133466061
0.3157707731491717 0.31964259435884124
0.7097404014301184 0.7694013235208036
0.800838891891985 0.9023683338853499
0.3811254261755701 0.17326209653151992
0.964079794791057 0.8556179604671135
0.39484310132668154 0.6734028397071429
0.6101750826691448 0.09715778027454414
0.968070672677029 0.716046054896261
0.0241845216711134 0.5292910023540379
0.17397206463021986 0.19225712993912913
0.26409291414069447 0.23552467880143557
0.9363071831852763 0.14654750311650522
0.6047575101225349 0.34176999564077293
0.5797625630932515 0.9851129611636993
0.23664476475364382 0.12385543750663375
0.6102934855984674 0.04032990346480059
0.4291799344483982 0.7795285635919357
0.17522414294742594 0.1983057348368673
0.9192510139097064 0.39964852556422636
0.13513451767224027 0.04045722597975121
0.30991239406373305 0.914681626364929
0.35302717321962307 0.7435494761209229
0.6277006369643134 0.8516203996149228
0.37932607817446873 0.07980792524348335
0.8068556535976499 0.649171540595502
0.430355439673345 0.8275171186500576
0.9240277923652518 0.6028605330321781
0.5816514402054976 0.1893232202628754
0.7972522805353844 0.9952057313119612
0.7898985611440021 0.8275466307529642
0.058288653086466025 0.8221565528296857
0.6203931594649797 0.028116066867051148
0.9492210808652979 0.410262005372394
0.31962706841063493 0.3730954962147013
0.8443577956540406 0.42263421809493296
0.9520817189357357 0.857019348678002
0.9430558035302067 0.6829589647318178
0.46492373451911695 0.1390819663240095
0.988368178655046 0.3262506777428077
0.23645045024676303 0.5835635047736405
0.2727278018087269 0.4755212745261036
0.14409941704514928 0.31377054142420235
0.6902734046215607 0.038606602282266644
0.1573320167523754 0.6809210254089562
0.8169341649526778 0.14533873622840465
0.501369106242697 0.9965800723360426
0.2533209292836496 0.9920976623382772
0.35863252365742393 0.9998811288277061
0.07920903780003441 0.5341175350545191
0.36414269296314394 0.13054881254148487
0.6877787577878236 0.07473217216939843
0.7086426272584255 0.7201295811230227
0.7293161022404209 0.023869115243094097
0.2370654460986097 0.6962612485607276
0.15223985615385704 0.5167355079997628
0.935514292322413 0.40688433195822493
0.7397107622202677 0.7653830220799095
0.9628674633510417 0.051035091921344256
0.15962258807550722 0.09061869328964745
0.14955194142600248 0.13169477244303052
0.19941408418352546 0.261199554320221
0.24417574335265735 0.21217726189044772
0.7971228824908843 0.45069076126950347
0.7440661191917844 0.9802762666094592
0.5836572106641775 0.21468027664117417
0.2526288841236348 0.36681748913579004
0.16736665426193265 0.02921048644683455
0.9844407223112058 0.7806287375211344
0.8386998986223341 0.5513243487127586
0.7597587854533191 0.1531338841302421
0.5921740837614022 0.7969128938282309
0.7179248416940212 0.34276774276427757
0.09858902533978131 0.3070220053790469
0.9390595185545125 0.5258503649643541
0.34679366086250896 0.3917864905859503
0.580872840590611 0.8258951561713009
0.22504927643112393 0.9284141015643428
0.07846180922482449 0.7249728569902866
0.8907006029932124 0.7040499232480405
0.35532221576592027 0.38987775900798793
0.3546016729859198 0.8923086078125414
0.31396730222335345 0.2847036444923965
0.42065193762898545 0.8885562345053535
0.8418163050615298 0.7569222508767905
0.8533936969601926 0.28185556760454766
0.519747414842725 0.17295260704067938
0.2160290989427539 0.2701599606958027
0.41510601787323176 0.15936655607574857
0.9927173836285655 0.7949446930547293
0.12473168663885925 0.20406610400793568
0.8351143332354752 0.20902202420005755
0.3533712625820745 0.8542786069286196
0.051721608757646864 0.9166782583672216
0.861883260863019 0.10295793752599935
0.700385038671727 0.9219668735471923
0.9951556750187585 0.9645067946474268
0.9240239939334727 0.3516715688220656
0.10587812034852762 0.7499818600520378
0.9572246486781671 0.35120571928967403
0.09214136928075667 0.14126889199523796
0.36837366739601074 0.23522806267714869
0.7416794258800736 0.20071577602054436
0.01385046555227698 0.06561558334689188
0.6263610088334868 0.8614182462203449
0.09371148656428896 0.035381836415128376
0.719260601578243 0.9019221678052088
0.40193953875691646 0.9158423731016685
0.33389225710527515 0.8286508306952804
0.9627249179175176 0.2175218440183473
0.16936383609437355 0.6389347961456059
0.02787281651109641 0.04421421345982768
0.27644634553936254 0.5479290258651573
0.9092212188382569 0.6093549723114602
0.08561550330808243 0.028087477119145166
0.5846926753435014 0.05919097443708299
0.5436377728786929 0.0020395609356025357
0.14465728554021862 0.9192266210360267
0.2106202497065044 0.5447135819133072
0.9671785037957161 0.6442261336483581
0.2213931492040292 0.9640282634581318
0.6988512770257863 0.9568884322464455
0.9628709528327919 0.52566634419956
0.1395855405404156 0.30143500708462534
0.9839550898395145 0.6070339404367779
0.22317963189743595 0.6157506035500581
0.29160854642015155 0.9102030802940512
0.45047078018954256 0.019033295804166794
0.7956971380563298 0.40167028392555126
0.41322649189910143 0.1679593937002739
0.2543011229083151 0.7915022191564909
0.30077288094186827 0.5116521704879327
0.878730924130514 0.14517215117428994
0.22448837435601643 0.8814409464717978
0.10181338636866633 0.9500188968140665
0.6764332316048147 0.4533804939860433
0.13550252694787956 0.5760513500481029
0.058252468639797494 0.34766677402914625
0.2818224719664274 0.5211653571055966
0.15379600068489474 0.8931994488632277
0.6464991952210354 0.8980345934336695
0.6837644418319778 0.7670722268071349
0.12036060669383364 0.23957865183296667
0.46855004743333706 0.9337955459029463
0.021291020792642 0.579232521279636
0.25220473845363456 0.8308642834357752
0.1670283372578194 0.19427422647380155
0.3908779409067469 0.3333050687862289
0.742367699820584 0.930686450273933
0.8539998081863027 0.19038740932021114
0.9126865578436343 0.025255357664612843
0.7267338064690269 0.8691750607868152
0.27872684125239555 0.2429092628798175
