2 1000
0.258944503346917 0.7438374553094617
0.5904085232887043 0.23326930699078385
0.2930787151579365 0.5820977390682771
0.2268896582038974 0.6029233437754578
0.8501797440581393 0.7373401573242334
0.6446642712438018 0.30653410935506864
0.1345455700690138 0.684770817389542
0.6886267397395187 0.3878853826052435
0.3414892727332828 0.4328840569131027
0.6489954728222156 0.5428080941851189
0.8430206261296127 0.6008392361485114
0.32014042951112887 0.6187969463394003
0.4921061025892418 0.6290905613041137
0.36446004669491183 0.6680913515626611
0.6230752517977916 0.31109147497290346
0.5524309647436706 0.6763711969497483
0.5287402266510386 0.6699708603222867
0.47304228232396106 0.7344020192424945
0.44041189196684416 0.6160684215523102
0.21384095619793075 0.5361047459270942
0.6084805826484551 0.19674956885067996
0.515312170638915 0.6870254048311237
0.2829752193041305 0.5136431847610397
0.7093425418678874 0.37097620157094335
0.48076730022000735 0.5792998001197074
0.8208689987677927 0.5866855032570677
0.39611753558003937 0.24839939957168544
0.2710479824786509 0.6822030708318846
0.690741158700607 0.6736740238883633
0.5098299578322347 0.12589252330416134
0.36161022790488373 0.38629640025551704
0.429042998805918 0.5250669026585199
0.6924986658026453 0.44514302067000633
0.5942108972924365 0.37921127472730964
0.4279765226679565 0.4253621157899534
0.8922315636392171 0.6946869820997293
0.43616338102325314 0.3784757949602551
0.7528997127464917 0.6016916284167692
0.2738031128443481 0.7236959581040813
0.5482906811278799 0.37148354818143525
0.4933983761377456 0.2568439110867857
0.38246587613995786 0.3346632481423939
0.32869377447747083 0.48770690535780703
0.3811838210483146 0.5675726013461595
0.4095212200438606 0.6320704272455443
0.8343923684372262 0.6152660714267139
0.6307918972826358 0.6104647095794903
0.7094084844715316 0.6098796877048321
0.43584002352687823 0.36234234249512887
0.40495531725930456 0.4065416132568963
0.7232821968454458 0.40257653481378297
0.23658853147412073 0.6140476374770627
0.825257131715432 0.6022105694488357
0.5370293185583628 0.3712693932344644
0.3426881174996509 0.5001227752602866
0.3841422764105854 0.4016933048100667
0.4369629620332586 0.6957485683243156
0.39709437173386386 0.4376480184484244
0.5979306099550845 0.22373225075407577
0.6723426647064908 0.4953912305905215
0.39570356406549523 0.24916764864692087
0.5526037749037471 0.43333419654688676
0.6299565268501212 0.44244333203388586
0.5406664043682461 0.5425160049199477
0.27138185283898575 0.7095047975702465
0.6523678877866302 0.5711274419717712
0.5175209258142918 0.3995028670338907
0.47620875784514005 0.3732333325517839
0.5633056320375458 0.1822075335972626
0.6513182466582784 0.3463711747113781
0.5681696024449079 0.5328240096465554
0.3790568409958429 0.6810823505143685
0.7887844040809939 0.6111370460509935
0.5182682514436716 0.6142677242889629
0.29594258397906514 0.7213822802364764
0.4933594973610165 0.6784756585187814
0.8225135787749135 0.7436622329941838
0.6387149461418024 0.47767271251498844
0.6481251829232537 0.7488552708118507
0.8820709148838992 0.6723947939292128
0.558118288096196 0.5831321194418794
0.23364731786215098 0.7022764738158447
0.3894242742684819 0.4161678873829078
0.7572130550496023 0.6875114885368412
0.4995993185952925 0.5902499332812643
0.8372633590157014 0.6668334765829474
0.3136879859208558 0.6244054278973018
0.38632401581761855 0.2731417644095929
0.6550866651652707 0.5785733788291954
0.3475782422398974 0.28938579572524026
0.6107673923018118 0.5841464511242538
0.6781345381207197 0.6026715230809897
0.4636256712235749 0.4439885001378422
0.428132280727743 0.7466744130526644
0.2521153611120235 0.6712297463466236
0.6913297758951459 0.38227709049640535
0.3423026560383088 0.6470806731636327
0.4392010046457784 0.7454155316690543
0.25951777587282565 0.6782840045125438
0.4190902611605125 0.7112595147755566
0.6895224633626476 0.6011644721928475
0.2365501830989447 0.5788384150843863
0.6701064749267965 0.577995676988269
0.4081748882757863 0.6685958033721553
0.4804761636874466 0.4713637747934687
0.47324622087609547 0.6964935407708669
0.7394112372275965 0.6885809942536056
0.33102044648941975 0.727511413410501
0.30884281273283976 0.3340855450027056
0.7197635127046732 0.6114223332543792
0.17693744682639756 0.7482794060360686
0.4913687481743775 0.39172876160216563
0.7064445475638511 0.45433249787216246
0.8279470762697861 0.6137585749647224
0.2709425141192312 0.4345223748531025
0.35483368938402715 0.7429752371922247
0.9084175985985676 0.7315350081074268
0.5773279781991398 0.5943960190490306
0.5416366864704967 0.6368316061620999
0.5453538414698784 0.5038102635813516
0.4107104616854115 0.16592739094404885
0.7349626879814324 0.5910866691217485
0.5878687228548023 0.41106076626430266
0.7022194944592132 0.4460880559259225
0.349344752554534 0.3566829947405725
0.6033831642819666 0.33586611636141683
0.3495684180743588 0.3540808874035901
0.673332010005293 0.5566379802106964
0.7054938972304157 0.4082347981314176
0.1426725737909521 0.6866632393660655
0.24788031551383882 0.591486060767317
0.5907333814670631 0.26475023656315244
0.5519996907877512 0.28716712027867675
0.23063903344681824 0.6624176015953963
0.4753252529352928 0.5761013415994146
0.419948367032129 0.15701521627324566
0.650007539724052 0.5213734489504347
0.3171446471528748 0.3439190876066909
0.7106047593947967 0.41279211116149006
0.5609997939789257 0.6708932181460523
0.4407753801875889 0.5739412326107011
0.5108158284732496 0.2726633197447095
0.6720413217983674 0.372809967939999
0.4344245753478413 0.1491938746990703
0.6344557450830008 0.4725675557243354
0.8581013283818596 0.6813168392014991
0.4990032954827327 0.16270225431200236
0.4684190401451097 0.08627745321404723
0.5864429679157075 0.19781760803812976
0.5032922132583878 0.2532871784145908
0.5198978479496672 0.6574622995317139
0.4759504824563886 0.07675200051185527
0.3629760866426679 0.7174027442896714
0.42687664663714486 0.4050602628899901
0.18480477861140887 0.7115864400472717
0.70927020398884 0.4950460317779123
0.19815961997815557 0.5875909107675172
0.530962596376214 0.5473458251549844
0.6113486390235294 0.7184336355911564
0.34742034539456224 0.6501665465453114
0.6450929938553682 0.6203936861746732
0.6885830105137586 0.3268717041203416
0.26300847564477026 0.6392303793015267
0.5033281740459109 0.15616714249649288
0.5225374842408517 0.26041866604947383
0.5184203521499772 0.2610635055835939
0.261853255168925 0.5800931008997077
0.4729593082770841 0.474091694297891
0.3788675422908129 0.6695965811402632
0.9058844263982563 0.7252075404966024
0.8569883766969585 0.7039718041893389
0.4530226219279425 0.42932727914461055
0.7773755928535468 0.7445195645641941
0.7836562493990653 0.6950252057165361
0.5591633967984071 0.6564875502323235
0.25009574711021254 0.7487099335811555
0.7228176530733723 0.47274446401501424
0.5881033483887763 0.49857402498357417
0.47831569115542094 0.6342338603793473
0.5939420482633424 0.5378816885384271
0.21450820282132388 0.7421212836038076
0.5921153961082186 0.2286259868066165
0.5550287041509326 0.6264418595080463
0.8640262542103327 0.7425781019722968
0.5550219256584491 0.5388563766230922
0.5112509180804697 0.2547754657879443
0.7042698481351195 0.45739545565786355
0.258091918026662 0.43626226346249697
0.32539234413246765 0.6079855246065056
0.4750354938830753 0.3379724351103146
0.4607934586029726 0.4773213923348456
0.43489308140926997 0.48741467674119654
0.40937657103826175 0.31409693723118426
0.7568089117887483 0.7387650563831917
0.5027519959120537 0.35680977210673614
0.5195276753054597 0.6285735753384891
0.680302472574794 0.7059526371016245
0.42901742586810676 0.6359808831071933
0.5876250089462344 0.642789629804925
0.1544443245888628 0.6677418299045962
0.3098779706500294 0.4189660204722564
0.285566597009844 0.7109869628882554
0.4526146873534467 0.6644881205947134
0.37470178625426054 0.4166076855100269
0.6340631067317583 0.47293876657816436
0.19709238995892042 0.7216918037692326
0.6036253818348127 0.32434918678741
0.3496078903720907 0.4771414431327947
0.8867870281737715 0.7245096931898773
0.6885356978550055 0.5289225187459783
0.6713543273374644 0.6795851262364286
0.5873214049553775 0.5027838767746484
0.5491009274619171 0.1578667034225424
0.5814740521702613 0.452295259015866
0.6973093155684884 0.5515751379415892
0.6868083387582158 0.40509638158955086
0.6075784527941167 0.2801803210510949
0.34892080629910194 0.5894219830106594
0.6875574728773487 0.4025211890777082
0.3946954708882652 0.5608730853630313
0.6913835162603155 0.46914461206034574
0.360484190002765 0.49237192496347215
0.13998032522970716 0.6850417129223543
0.6956263248360894 0.6104637338226739
0.23485548508707876 0.5785649435649111
0.33392208172589477 0.6168273258708693
0.530371142408546 0.47781846298953423
0.5374415945579256 0.6239621012419372
0.6508043932595385 0.39605427026923734
0.1192155931223311 0.7269123211991191
0.6203712233961368 0.36631413638092447
0.4136165276045004 0.6125192525464793
0.6181381522144548 0.379172009295343
0.7115119915619952 0.7431819063547459
0.37061682652124983 0.2633098889777836
0.6627397235479747 0.5622172095899104
0.452706581711697 0.5906837668612732
0.6258440400311958 0.5405156866557124
0.4446001099554251 0.6071685788010449
0.3287537103672561 0.5467718786936299
0.4131885239778543 0.6164600502125842
0.3947296774677327 0.6508675695807546
0.7532376999697864 0.45011569054181666
0.7310746434027947 0.6258368734544563
0.5693834446246453 0.6541359574549408
0.103759908166147 0.7413750291540844
0.5599800383657334 0.4605956000447363
0.3101017712135731 0.47478670014965085
0.44353506757302685 0.2604717811305577
0.3700178027717207 0.7443490917099521
0.31896980535311426 0.6843666270415625
0.5463945186070098 0.1842316985223772
0.3799577868735331 0.37141140331304456
0.5382602548248867 0.2924223707888376
0.5703390793483205 0.18063990761287507
0.28452151424599903 0.6646439776209819
0.5405014911090616 0.13940190478925107
0.6918950577394785 0.40020043544337647
0.4270313154175108 0.23465932834412317
0.5082383509048141 0.33967955585051934
0.3224776618036529 0.5868431368292261
0.5564231565401845 0.5577416070809672
0.4209464019706983 0.4572264622645683
0.6663948511093026 0.5314201630072191
0.5120933374908077 0.43377044508940543
0.6345027953409716 0.7434823526077574
0.3921561983817944 0.38221974714699536
0.4032118348184238 0.33668415512371896
0.14716332897372275 0.6294286163795694
0.4893251954135537 0.601001003170512
0.6221042403046113 0.2917232582723891
0.6096697393145935 0.3817743738541792
0.6840769922769192 0.48921902873193146
0.29052380227227426 0.7473754474460166
0.3684222338568294 0.6912483855830354
0.5293432240874032 0.502161248967698
0.2975549697631047 0.4829400829522752
0.6915731063146378 0.5034873568052847
0.6967113106898082 0.3429408091577275
0.45341603064911185 0.44625921890224773
0.8175811066283235 0.6771301815693422
0.7793863087203774 0.6021465639336762
0.52491925390134 0.3638925168964344
0.36911974490851507 0.5418092228119538
0.4439902432242089 0.6309674941143668
0.29179282437347154 0.6498489659670647
0.43567048944314757 0.4287159961513498
0.21580054356528966 0.5160389572562835
0.12543597310992405 0.6805715309453112
0.7651403457436013 0.5545605915820727
0.2080862230927859 0.7157638494683344
0.40615699535630423 0.6536892640623219
0.6066290207258309 0.6478081456917649
0.553158643987949 0.10407847123711611
0.5554840783458437 0.6865489359368226
0.45229725774285334 0.14090139418260939
0.42555981541197363 0.4594644646227938
0.4270471921133918 0.2440480085887451
0.5376918374116985 0.5455065865419161
0.3514727528189505 0.7054457723208246
0.5202814808003212 0.7312417524368613
0.41594928407751863 0.5969893034475916
0.26275609471065686 0.498594851381131
0.5510136478934078 0.1297364171790647
0.6186760297231616 0.4191512339433442
0.4240443007177479 0.6583762440806407
0.5302370488870076 0.2175455631014983
0.6114385167869534 0.6724805143663442
0.6389158628100927 0.6594210299327447
0.2530756153560185 0.5553111520122634
0.5862031667156862 0.5296620884579448
0.7523966908116079 0.5900955880610005
0.3577771658140315 0.7439003221177686
0.5412764576271551 0.6164779530851093
0.7036648403964371 0.6704362211983337
0.6396267935737341 0.45122404252845993
0.39032910993800063 0.22410649224481582
0.8171320218286374 0.7242746696285063
0.5553339254656369 0.12791977465126814
0.4639464115640737 0.13529254532067214
0.6266905320263324 0.5271084458427504
0.39976342099316553 0.37430408564168327
0.521725655210014 0.23186620294161464
0.7440797509561639 0.5148630707399702
0.19420989177979153 0.5357621310506411
0.783926650160761 0.6403994223307428
0.30407464659224603 0.37610969641340664
0.5336694844401393 0.0856139522783057
0.32209723266055046 0.6876037447135557
0.4107829402941975 0.2160051857128521
0.4221567367382216 0.22955767600663224
0.35992687339147733 0.5386949867856321
0.637747001540294 0.7264188257014143
0.29303120323849674 0.5232631506577776
0.687047511134252 0.5001223868905383
0.4575294373747055 0.11734716076067842
0.6758956638198006 0.38351235231920344
0.3869272510319256 0.41120282561704624
0.2172327719069599 0.6430654962776119
0.4727239009111093 0.4412439913501579
0.5647105817204792 0.7227217462615344
0.5144489066193954 0.7210115594682933
0.4147608608963741 0.1624333915371694
0.31570879016586473 0.49935900824943935
0.7158532083666407 0.5973598900530559
0.6839779664221523 0.6395082832251389
0.20064905287517365 0.6651909981845203
0.3148278538720637 0.4091919884029388
0.5604760924897333 0.31454658065672536
0.46555211947382513 0.4395548832584497
0.7144270263173818 0.5995474957613627
0.372920781144913 0.6403789435282362
0.42281850782294195 0.6532496209841181
0.5162853650616255 0.13171159780273678
0.6667470569991125 0.3532052237799572
0.5507489355060767 0.33872775877535044
0.4990036337048728 0.46591511936370844
0.32627493416379205 0.33409971878563993
0.11425273531893099 0.734810008373636
0.7139691582944006 0.7075749319315398
0.17892438832948776 0.571400335484494
0.40738134074783505 0.4967945447325409
0.35496728256671783 0.7406352180018464
0.5117584169612257 0.5224020937558242
0.6607658264529777 0.32541263025590383
0.29507963847767116 0.471645791564986
0.6729876531817611 0.4534493478349024
0.7779746915014757 0.6813357569493765
0.5555758735006552 0.11143432514092688
0.7849987732324484 0.5247113985648444
0.560357410575881 0.6506369458321843
0.648614441239353 0.6893412220469526
0.5890767216645858 0.6717101992556592
0.5966175470718569 0.4844423189400372
0.27043411902914216 0.5145213199705213
0.34973435879143266 0.6471283431458666
0.4049031360112282 0.5861414778001911
0.5704834038640311 0.40457543124099626
0.22732522725851245 0.6602869949387049
0.3253931788113048 0.39868214898929877
0.571987947501865 0.709969243376188
0.2158349573892956 0.6027446992090785
0.5956909000030485 0.3920109499700464
0.21410842128811436 0.5378843465145994
0.49914586303203234 0.13863511905263992
0.7188599687749125 0.6224253757391213
0.5054898759610875 0.23114574781062447
0.38687991970113833 0.5411345887532356
0.7002971700927286 0.44719173725018146
0.5697237171336553 0.7133664840905433
0.2882160748603143 0.5871455473420698
0.22542776727193048 0.587478544510664
0.28491818364721455 0.7224021300521568
0.16908377113535444 0.6201273139941644
0.3040245699838995 0.4094588417084538
0.3844015125099359 0.6208635549163898
0.5160610949748337 0.7189244627327732
0.4924146274259097 0.6877488456352667
0.09179047291828679 0.7155339742584603
0.20073339569295168 0.6063174326699674
0.692824117030355 0.5190136902235154
0.4000475888287497 0.30739967593627504
0.3725781106630349 0.40042226886325516
0.5847976175774999 0.6983240231354546
0.3727756924342176 0.5618622278213306
0.4948909745905453 0.2799765102237328
0.8995466166846725 0.7156098489195554
0.2020977121466111 0.6037935552766774
0.48982167850469494 0.6491447206311519
0.40617516103673423 0.6736355044863767
0.4928565309612011 0.43313624287976593
0.40281567700501875 0.4408028799932401
0.4957086112306799 0.617097298174695
0.355109311330411 0.49266069380403765
0.6439561482501719 0.3950492798535674
0.4259850481784273 0.18956850072373566
0.5358573386324726 0.5197286029178941
0.22521331651699705 0.6410248892885263
0.7346405389921625 0.42264887029803666
0.8558389086528675 0.6950795272085354
0.8429118240374376 0.7278657358428009
0.7220357545504679 0.38623515957552546
0.5432817909931428 0.2134200934961228
0.5146380533980669 0.28658570182714127
0.3647332182848959 0.25481255109361045
0.38323390111331823 0.538280700652028
0.502015640255574 0.18020206610509115
0.5164201464128059 0.03420818249677293
0.7270781772178723 0.7404596709648595
0.7578246035645619 0.5692209988979354
0.5780570365374776 0.2714427949716708
0.4093781735938381 0.17356339128834697
0.6799984568573428 0.7204402903240725
0.6252145339058846 0.7265321568732004
0.5735511856906912 0.13898605349040738
0.46423208841351427 0.6638158731312715
0.49711058915272344 0.025622229927243723
0.7432379380917743 0.549408992382796
0.22958535896796683 0.7191366400143814
0.5715305191589922 0.455605558966068
0.6527053904529025 0.5315364803992917
0.6069022324132045 0.6812305099027764
0.4317925725508194 0.4925272717190271
0.40888761002673224 0.46850829225213986
0.4810245883582268 0.1789354904931756
0.5111018713117558 0.2955499989091057
0.4900488837452778 0.6517507924307252
0.608147261032318 0.5254779688653822
0.4863286914135786 0.6130753658786426
0.686200433575013 0.37777880879588266
0.5182972651849608 0.11167698579566121
0.42366782853275886 0.5087806319706093
0.3465498413366408 0.4486962952719229
0.5597010164473634 0.23846314719823158
0.4333881909116617 0.5140732444921354
0.7621637391191707 0.45973215269658374
0.37925668693696224 0.28512883989534554
0.5105247969203774 0.6103594412256673
0.429701217175669 0.35313033761938317
0.2988117586442465 0.5724150307829015
0.5765776842905764 0.500028269861092
0.5303079566357236 0.7386984300102106
0.32265866448293845 0.4633321509311128
0.5661447541309008 0.6859555479757528
0.47219678207876803 0.32579118693193265
0.5526818596050604 0.37962347924805384
0.8976457787546843 0.7048138004722473
0.702552696086082 0.6058431942137502
0.82841675040511 0.6046636328301641
0.6002751159713557 0.23309389478706666
0.6254207110465719 0.4159971452406155
0.6644957360808813 0.5390324692943639
0.5453192503156996 0.34887319371771064
0.4751855808792186 0.4515163414353782
0.6791199327791028 0.5055458785789996
0.656674379139851 0.5507214126113562
0.6242074775599402 0.7137555207993059
0.4288249381284738 0.41519631337020335
0.6573288142797374 0.7499259927587
0.4824062876230564 0.7067908845538989
0.2873549231620056 0.5215944083670349
0.3735240402014729 0.6165659455568483
0.6970070841891013 0.7066291969391904
0.4226264015139004 0.13829532017791546
0.7106754032926691 0.747013817563743
0.5063429607047554 0.2812060500704602
0.6741834671801735 0.44151695583496486
0.5792675078886441 0.5130476027397504
0.42689689383784113 0.4402116097161872
0.19058349160355825 0.6267783265523037
0.34038767627056765 0.4274612520675213
0.30631266835151505 0.4334670386746078
0.1711227125667818 0.5928393075567508
0.5003487783706374 0.556445274157608
0.3477660709851065 0.6613092808654283
0.4990732398246638 0.17603684083072768
0.6562663970787402 0.6624379286330594
0.6245711657251817 0.3818654112132881
0.4625349956649625 0.2747987806392578
0.6228515364945433 0.7490592836308622
0.44771013298773477 0.3625656992732629
0.32080337794886626 0.7012630541704735
0.10356395343163416 0.7163640831472255
0.3342991111572682 0.5054012499099767
0.4294792997227873 0.1994161032257612
0.332449191123662 0.43637480342081825
0.8346429113086578 0.6838888255149895
0.5730099208483072 0.7326543675025746
0.43800129033885793 0.6659975326155361
0.8854567796426824 0.6970789184293926
0.6262843245706474 0.49762720927490445
0.5590601071135747 0.16429757575782833
0.5826872879962368 0.23030149891228946
0.6255251553630744 0.2885085367732212
0.7863169447676055 0.659140545211607
0.3561751343991192 0.7259248173067241
0.22222640480409683 0.6521953776384398
0.2989439751596148 0.45541746196795807
0.5217180662857235 0.1539756267907998
0.47865910116629795 0.2905993792440149
0.5182605799549169 0.07175447354124731
0.5382824383766465 0.1961495143567794
0.7098714469902255 0.49574040299406275
0.437085066423222 0.27961269997679905
0.7100047033015028 0.43260598854308296
0.7342120038111729 0.7126537611656104
0.5297226026754484 0.07450485674350149
0.3815093439587547 0.22134226477604535
0.5764046678027178 0.744784833488171
0.5200458846615245 0.336878949207604
0.3651196561161434 0.6447307129156402
0.7285362453362766 0.4588435022669707
0.16326479600932797 0.6570626206799371
0.5538862484473674 0.712253414333232
0.5334078529342279 0.7340724615578585
0.4168896795556041 0.5947835059199055
0.49601358272731955 0.48792064935480417
0.4361759058145339 0.30017999516491334
0.33325963883030496 0.6175651223848069
0.6520759511175083 0.3570401191755832
0.29890924628747373 0.4295172056613721
0.49482233535803233 0.5839872780095863
0.8832208475289438 0.7194653983953438
0.5793795358808772 0.21674759901215168
0.7186349347195635 0.6233184249094423
0.9006744088868595 0.6985724607634209
0.6242877329788911 0.24184752429179435
0.705894388781112 0.42072503722785193
0.1847290032520389 0.5979598121622883
0.5907601870329134 0.6247219197332757
0.6215906710496483 0.24587075475138986
0.46868492604455103 0.6684447742766205
0.4711848887449015 0.46829631655498827
0.6009014439078404 0.33622971695956283
0.5378969035245723 0.4744728655042665
0.5951795077685593 0.4830323187336705
0.6403381872300159 0.6363985746499831
0.5283656282478693 0.1969936244876057
0.8564563614486297 0.6549576087178334
0.2455415935930666 0.4596591097535945
0.5651469411384775 0.24403167668762316
0.6589718650497949 0.27927943259693055
0.360506833093614 0.5937873200973156
0.4298276472265634 0.2912757904075538
0.5947774016687973 0.27439406703124103
0.5596352811331455 0.17185562789121123
0.5475234434186745 0.6941972617178699
0.5799890292492244 0.19467162272207383
0.5067892237696325 0.6702868615462595
0.13694939625929914 0.6570056960482393
0.42467310783947687 0.7321596225971847
0.4718776379636245 0.0750457376477115
0.37705371564622503 0.7220229886421088
0.5697372828008161 0.3782228857634048
0.42058935493991145 0.3842830354928758
0.642359257668729 0.2963836615075889
0.5851796974110275 0.7048463371065988
0.7694189348025778 0.47499976976144687
0.4086805560401757 0.6968862564336484
0.5332464330662516 0.2475086178609558
0.36068868624801953 0.5969735475174149
0.36867393850553276 0.34708505470213846
0.6200082755171695 0.4089830947815739
0.4601293196739019 0.09559535879484637
0.5095684988725854 0.19672452821002784
0.5361689919727541 0.11473276364872909
0.6690242228432953 0.7041629286262946
0.6014635718648688 0.20442453040121134
0.4296735776842656 0.5565933880590738
0.7136353593942056 0.6810845406364201
0.7322189948406042 0.5036739225230786
0.23395370372446367 0.5386262775828831
0.45982034783074344 0.368403606162543
0.3681267094439731 0.5989596958646793
0.4234521952071233 0.5376937295565565
0.6211952313970693 0.5549547128203822
0.7222577470961402 0.6828393730263298
0.4767996376819651 0.16067063319099995
0.4287700823384082 0.37082920798398933
0.43312168968245357 0.4835879679909101
0.25376286640565215 0.623011584188462
0.25408881479767065 0.5159093162788735
0.6056728929363349 0.2129133562791955
0.5248432470606016 0.24511901098019195
0.576509478094402 0.4896238392096125
0.6092429336750768 0.44770845909317425
0.42357548685921764 0.2708767026906098
0.44629081454298003 0.5183706111919019
0.865494494332002 0.6594997887000874
0.5777353902805538 0.34070941515623876
0.5500553028069128 0.6432882801724308
0.6641129403945754 0.5071938122906783
0.431236567932443 0.37549996007217934
0.34733206290497365 0.4845425927437145
0.12312919026587765 0.7215288068153659
0.34506191639094985 0.6155725853732271
0.3526795836076183 0.33180474380692093
0.23501177000416507 0.5252814759105074
0.39531620738793394 0.6504988286158221
0.6892436205680277 0.5662640780536665
0.20940134909573405 0.7145843148663416
0.5274902754249611 0.34941520110515756
0.3810649376082974 0.4868288469638202
0.379617573150026 0.4970695631632227
0.5156055670266927 0.2127427700007497
0.33165895360473374 0.38008755637574276
0.20158964783773203 0.5544677137745896
0.8008924621041495 0.6951189148158589
0.7068379195481888 0.36761747427093805
0.8388996598984265 0.6422974847781202
0.6305199655821202 0.30851627868194886
0.7592593676329824 0.49917140470958155
0.6859758567521692 0.6043996027862729
0.5046522001749733 0.2762004719967557
0.5529045357397754 0.3129417611605233
0.5032031897504832 0.49418170519946913
0.5562649210868135 0.6996665119533205
0.4095083952952009 0.16046008882790985
0.7663314987777645 0.5681850711054522
0.4638975800935997 0.5220807807683862
0.5084228531771781 0.36290814433782337
0.5610528516429872 0.5532819224554
0.7720471548691555 0.6411525330279928
0.22087323279876947 0.6563352351557278
0.6279872880607458 0.7454155713013504
0.4295763988063849 0.43050456274400084
0.22559645561414277 0.7139083543385906
0.6081996935829497 0.6746460837646431
0.4472947005048137 0.6961760763329744
0.5177321583411202 0.2468765826252548
0.4368246332918452 0.6322298831991735
0.3915613009858938 0.6631152933962849
0.7430689611446841 0.5646610916740294
0.7846040971337677 0.5137899300713534
0.3787044382612298 0.6938114180122854
0.7564266183502018 0.656098260792684
0.4649997690019988 0.062296912483752354
0.668105308934001 0.7389308401275025
0.24344755769804638 0.5125143685444177
0.6800257599220654 0.7017848104492228
0.7135563705073175 0.5845748808131754
0.5670667696283149 0.5272500568096407
0.27794563377540615 0.5312035119213865
0.45149519193292587 0.5624053938465624
0.2895967776364985 0.6255548711668226
0.30028670668094926 0.368055579729593
0.477914224460116 0.4540902616619866
0.6747519608181529 0.5811277612083078
0.7806058395861716 0.6202793989109032
0.6570181787963234 0.6205580893280787
0.3448520931713571 0.30487362424065156
0.5314873929098454 0.4850646187833243
0.10175606282760685 0.7014067740663483
0.685989795023186 0.6524705152805923
0.38282295680474376 0.25954728951667994
0.6656090542292344 0.507317487533517
0.22015320401098815 0.5915884169695854
0.7547941253231205 0.46771305838420985
0.4747040052127468 0.4466714741275678
0.4945375731459102 0.6569504258130994
0.5254751996505802 0.7292407356366473
0.3053677398155916 0.5493084109815333
0.5539225744733133 0.39302965291493486
0.8425085373110777 0.7339268636699249
0.5000860117757567 0.1031838253309022
0.23622803903596234 0.596398111945611
0.46779157050849207 0.17410779734465864
0.5642054636142206 0.727862774646729
0.3536805232584679 0.7188598082875843
0.5483276442713423 0.13497385466076028
0.3794464183182418 0.42561962354239935
0.5993167199177641 0.24659569920003066
0.7198846316579194 0.5314927220723268
0.18372943066351533 0.6555893404446164
0.7848598771620514 0.6516627795865114
0.31424112932684434 0.43696025179586695
0.6919633085588873 0.4475315364513861
0.2532723821414754 0.7089610279822907
0.8344277888137015 0.628635955066404
0.6610466615265959 0.7420630479101089
0.2667134720370913 0.7104308499272133
0.4141784395726461 0.15783405736908007
0.5572386745335621 0.5142989421271379
0.4217711359949633 0.6183397538979561
0.2684640551031605 0.6399690851911117
0.7100148598737671 0.40832528904235865
0.4408902887150904 0.591997942747502
0.38277329666990945 0.697397761186879
0.7129434425528589 0.7444516998630418
0.4541494495229279 0.3179234021791475
0.7587666002589903 0.6300508449677844
0.7529616323302073 0.47761655417916304
0.4839257694837076 0.12504126050068576
0.5568331678427059 0.13928331333343202
0.5718429705554837 0.7130174600433102
0.4621665495420698 0.6903508185689582
0.254937798031456 0.6483020773980913
0.5631295896577116 0.5263750705288656
0.7152779815317745 0.5373173336020491
0.3995415645169321 0.7155334876613754
0.4957668003997806 0.3978138662895321
0.4383382283080105 0.17287799960222094
0.510929486354603 0.4979805638538859
0.4006168775170317 0.4776086029643597
0.6309533329303927 0.43274610513232925
0.5503501883566355 0.5651217392969516
0.7498621100103666 0.6679256493144244
0.28518551396586855 0.6753347051902318
0.21490118605569875 0.7039058522517272
0.12780592298519566 0.6831091797294118
0.6409837118668424 0.7161540532066388
0.31194517618416207 0.6861169373339314
0.5648456717983388 0.5540438081357911
0.5994549647218311 0.6119351368954761
0.32757227637692343 0.5186170205781733
0.4861052981618571 0.5727636863764697
0.6916758252130663 0.43659327616573895
0.4006352155717253 0.19899779755846725
0.6225113420029541 0.2926895618294033
0.48435588037820854 0.17117043593268066
0.30696466410848056 0.47440476737664106
0.5909321043193008 0.2925356929045517
0.7248438773607879 0.4035142670470335
0.4753918789141677 0.7298202779065818
0.3782761384557203 0.5281288214383172
0.5989887336382982 0.32692574338125024
0.8379141316874059 0.6840951280575415
0.209128106010123 0.5207986062040145
0.4289947158710744 0.18627715319847227
0.4059571776732275 0.3318230849037094
0.4612062545067389 0.25862825196801087
0.43902357900088673 0.4852490406964719
0.6448243617990403 0.42096984920242153
0.34407276863171943 0.30279304547765307
0.23406875973275698 0.5916846800749971
0.6672010596588562 0.3530826939594842
0.7409185613186186 0.6038576629972733
0.49293039519114756 0.5820371666402827
0.4680308577803758 0.3796905499783372
0.300437556689402 0.46631740407372435
0.32485512272262795 0.6648676852913664
0.4583079993510827 0.12527184858754614
0.39226727368088765 0.4552319072700459
0.39273894363514306 0.36279822068653633
0.6028741636393997 0.41193007875828735
0.5109976659244825 0.7380179889432669
0.19106413245416443 0.5793557050861646
0.5080793164671841 0.6796769344402418
0.3875370687839891 0.5450014342778631
0.8312980501797315 0.5955926993714982
0.4965361196501583 0.6273039071913015
0.5938748817551388 0.49821317678871646
0.6921150387415975 0.5091592677301746
0.7088460086066768 0.3846773902810512
0.3962417973301572 0.3602186992105808
0.34670434044800913 0.5644752573365728
0.5874243991153016 0.32685773573154453
0.3855876045520302 0.21892139804845434
0.3033952795237761 0.5309129667505472
0.19819032471852938 0.6446826511718169
0.3293420633922678 0.5542385521976574
0.3249286380704345 0.33375281872967644
0.6050828136066514 0.6877299567082951
0.45064635928859764 0.6800282485927511
0.2561397068962613 0.6707772011464791
0.5441278458966468 0.6585762848947726
0.4151970422739124 0.257178863366047
0.6027596761414481 0.19784531407961314
0.27726390314420746 0.39562203746319724
0.6444836413479241 0.515598487145311
0.636264275770903 0.5583640588640413
0.49918970480863345 0.43281907158626387
0.5934492429494287 0.27071790278908003
0.5276030399940599 0.2107480267098596
0.25352157770148853 0.5722909436773485
0.7398852792128827 0.7463593612898759
0.4363293171081847 0.7163407731431359
0.2598888462848309 0.7097073022111396
0.4987963378235146 0.16516271717340159
0.3944013703770962 0.31176969346014916
0.22530329397131754 0.5437198144886404
0.3880923513589386 0.45041928829052735
0.35773521642644157 0.6406178817163998
0.743842452392913 0.6229953505991456
0.5506390197656267 0.14954477946809275
0.26894046915796854 0.5316364905633704
0.1355530573806668 0.6755582355494241
0.5288998520196326 0.6493410346290628
0.40809662338589847 0.3706108559921021
0.22813277179397695 0.5954602001425051
0.6817114008405434 0.6393636937840445
0.6140272951114153 0.27244184935297955
0.8549323583791357 0.6918698839002512
0.11608227565943996 0.7307691061396333
0.4570109701940941 0.6335203938128645
0.6615464374592942 0.6298471573000467
0.5244839382868769 0.4555756848123149
0.5043801609649609 0.1357207134397701
0.40710753582346426 0.25199403644003593
0.7399980725089436 0.7168426605469409
0.16881618521807207 0.6661999524384608
0.7699361359681204 0.6825590542081417
0.11626931220580627 0.7405264266056594
0.5292395516467139 0.6755889726591111
0.3616683130614795 0.5891663922467185
0.6034957662729896 0.6813242834802566
0.26660829272811937 0.4243326119191355
0.6945348594997791 0.5093607352610553
0.1838051493014934 0.6191125256073713
0.13072800703777065 0.744280369763263
0.3979878366953564 0.225979693062215
0.5202293976929535 0.05131518766002796
0.5814089055665486 0.7163391134785042
0.3530762972550987 0.6622752497273163
0.5154882074475334 0.6552165785919425
0.13514183892771992 0.7059571460745283
0.38071654345062156 0.7445716224439723
0.3984876493539756 0.5295858324422318
0.4125794850360216 0.20260846863664073
0.6559425383535494 0.6503134604783384
0.3167984923981858 0.6001560002413334
0.2827125944675931 0.4213956849968422
0.46330716945928674 0.654728348292588
0.4722403140558473 0.3301126296822522
0.35150510341746066 0.42334266058454717
0.7035712834283963 0.5655041929715299
0.4862100762807776 0.3316792873591137
0.31183151543425225 0.5122425199010742
0.5680512468177112 0.48062554015645975
0.7690089761677606 0.5167544274404953
0.7372771772915823 0.716075268936867
0.6154563897072713 0.473290209289534
0.42157552688572253 0.4547375967836744
0.3716223290597057 0.6869920998082495
0.34971146328327707 0.5713592610174084
0.4470567632969996 0.448430933230742
0.3524272163705906 0.3528999355982593
0.6382040394486467 0.7478329290370188
0.4706630589010712 0.3712560950834135
0.3393796548127247 0.4714987727613347
0.7330623331539831 0.6501596627654158
0.26946998076533357 0.5471224504766918
0.40853070004873615 0.2859788226075397
0.36498312252611553 0.5156714721449553
0.5740204433519275 0.45905209253460766
0.5818616576268678 0.5572765468005718
0.5693132812836331 0.5195103772386546
0.35860140791371997 0.7107529362188205
0.6186899866858142 0.2925996366427186
0.6779328109476246 0.5116776368613989
0.29592129920831745 0.5124393637347978
0.760111387794429 0.6299054184133558
0.507661708939594 0.7245428636618677
0.4695842647006402 0.33994573275373496
0.4969301309938772 0.14527944920433633
0.5747340802637784 0.6396890319580751
0.1801582976546533 0.7165518502356598
0.3513185168309748 0.2868593416116142
0.22616332508144388 0.6900300682305037
0.7731499341028064 0.5622884834135107
0.3510711793629461 0.742285522669928
0.39966345442609796 0.295098773062912
0.5720921953460448 0.5636506255288561
0.43056111770460925 0.5323760748346076
0.1749589262693355 0.7071353415520917
0.5079552934861001 0.036994608563364895
0.46460000423093406 0.5835430929174563
0.5581669465173003 0.5596330078135692
0.7094426952329972 0.4614199769204982
0.47635013987723274 0.47825320201655286
0.7871131322445966 0.6772759956374108
0.5624683131865573 0.16754111031812013
0.8596914872427793 0.6288598184364769
0.618748975215674 0.3944384666002605
0.37208215694012015 0.32395937283914733
0.46551850149948204 0.08087675568547914
0.39012504625752 0.7025716950836852
0.22327959608672765 0.7070130683750728
0.6541955292190835 0.3583128974314157
0.5087108798761142 0.5757660534411586
0.3648944278067756 0.5254569977800955
0.855350986220548 0.6349260020690226
0.6305870101710179 0.2947075124878098
0.4829609638189425 0.4709556709516789
0.4640784729609786 0.6036526952986231
0.45508053349442634 0.12967011922420502
0.34612015825673137 0.6848614288149765
0.29234790698735125 0.7475539419177012
0.771929528142854 0.5693721695778099
0.41656971423157496 0.18882521019295817
0.291311690655805 0.6615054563376842
0.6276626324230897 0.6202632152937827
0.3306984051786561 0.4167326427918645
0.4535699363279604 0.7144835772808815
0.5063812543867156 0.07424151146437741
0.4500999291453375 0.6404736842651
0.39454766267098285 0.5334699462918532
0.8115353245743222 0.7006650376370944
0.5018653212392034 0.3306542752391374
0.381100226160906 0.714102804533374
0.4377061534620471 0.6968601174318869
0.4610663826071638 0.49993006543423857
0.7126280216245765 0.7174828306225511
0.44723150463750916 0.10345677898790717
0.43012742879654375 0.12474381786810496
0.41768298139843096 0.3442000485666882
0.41559296700278825 0.5082713146630582
0.7953640723013302 0.6897647257348453
0.6470011311835081 0.4671809520037973
0.3219629268041567 0.5635475272348326
0.4574271140826791 0.16078498641212946
0.28897989002645685 0.6073935167375666
0.4004464686893807 0.32493193515845653
0.3552332760154835 0.6989349232582293
0.6318023034708865 0.5128217778795153
0.583847376314771 0.23022399582995556
0.4130855598709967 0.7066928723269809
0.46344993315031036 0.28205452957975985
0.6430558291430786 0.2906990303667828
0.6258181931843018 0.23988446802997676
0.5488352404223151 0.528131767654235
0.3552781531735596 0.4703562044891346
0.19613053543635128 0.7232933271314639
0.5511201034861527 0.13493594044459034
0.4675148546540221 0.5458825926125477
0.4669806454324227 0.06915744875619934
0.584758111056043 0.48630474912677324
0.5177021099062997 0.3912055970834525
0.7327301353308439 0.6968029285503479
0.7495539911688721 0.718552521963855
0.4191865738612456 0.1406407006864514
0.8466773564305915 0.7465605181611329
0.39368892685611423 0.35414008542199316
0.8126086035653182 0.6651363634038361
0.27896268841274396 0.5871934875496199
0.605002965472457 0.5511775427147808
0.4976259706442506 0.3797081206214402
0.5738506695367056 0.21099861799855424
0.2002865933288105 0.6039556823632782
0.6987428390662943 0.6444824356688779
0.6475037116565412 0.6674392739844723
0.368612737864941 0.48255516996197545
0.3616702562502049 0.5305102472286027
0.2595715077160423 0.6401424902287794
0.6387069253634834 0.29035953235291767
0.48703241283961907 0.21183915525359165
0.6193783372718509 0.2546892741835909
0.7714133532378757 0.534377437753994
0.6948459440418112 0.710564812737814
0.6667103267435003 0.5007976140784731
0.37315993275304493 0.4441905922286089
0.5366604056564007 0.5083987164808736
0.6295633025124384 0.3845075738894286
0.620067336842379 0.29764169563239573
0.38003748943460347 0.2702358650369824
0.5623512576645109 0.278784226102464
0.4498225019844546 0.4149797790994265
0.1992507613943073 0.5684723496274581
0.2811601832347219 0.6813996054555758
0.43887891483595065 0.45244161113627046
0.840862400940297 0.5910891510122381
0.6184050691890958 0.6554522425139825
0.19801749416551062 0.5649063016725592
0.5176265426571298 0.5643607584468622
0.38101173171674707 0.27437589370655047
0.8109575163240357 0.661903370731929
0.4094834025137908 0.636704574588405
0.6187285267270741 0.2290155025175803
0.4396746746472281 0.31467741113722536
0.4924934474423006 0.6507885123056004
0.39923857563927645 0.29416844176489376
0.4458978526713322 0.4308694600708929
0.695323582699209 0.4088146369633182
0.46864375480303855 0.3105879148657871
0.5128364630872659 0.5698624641400525
0.31129988890048677 0.600231108191373
0.39989267854248367 0.26067883908793743
0.7730663229004199 0.6048779062418421
0.37423280628372313 0.5683156974034592
0.45497880750984376 0.3300176086767954
