2 1000
0.6217058822288846 0.5056025279053165
0.5854630428941581 0.44383109372191243
0.3634161003304264 0.6212573348426483
0.4916251563441407 0.43711973290332584
0.44451403083168894 0.5657089759459005
0.3584913995645148 0.5947365717966284
0.43323089651335533 0.5677770877120069
0.5353835614979412 0.5502873175913514
0.37868139836257664 0.48543106670877845
0.5166129517684057 0.3446856091988165
0.5172472275436885 0.3389400743309958
0.4369400686477296 0.4259147201544381
0.48231549654898287 0.48501390210645257
0.6095985153239033 0.5831808682114915
0.5834193783602702 0.5386206414556582
0.39364596193113566 0.5894321493873885
0.4649472365771934 0.5511114936884562
0.45015533855025913 0.3821155864679776
0.3938886204704113 0.5840567275128353
0.5273032454659093 0.3270043191382185
0.4812172050457111 0.539431026775577
0.4743117605074024 0.35134734561352265
0.5298101530530261 0.5716513411582699
0.5340455812186634 0.47511511401161444
0.5287957955060582 0.4478403251324756
0.4616329754880665 0.396291351617029
0.5584808439231448 0.5684083081032766
0.4679227858651269 0.443900343921214
0.596623625526106 0.5361338904164374
0.5448489286407922 0.33437961673445427
0.3051738395423482 0.6008209110183427
0.3447767137563704 0.5710081464138203
0.42983409441061216 0.41770228069125015
0.5321085794397682 0.42380328639405707
0.44621737847161436 0.6018000458023508
0.4279681206762799 0.4928724323136885
0.64968247810452 0.5129254602667881
0.4011112422577805 0.6064243360776663
0.42892540398876955 0.5169243015400325
0.5503253219218486 0.3740110035701125
0.5095984630741616 0.42708764313182834
0.48057995162402145 0.41561013951671044
0.47158400798711597 0.4140983331741437
0.48934195603147734 0.5134935543174364
0.48155110498403353 0.5670984787127256
0.5353011378898622 0.6144057579912927
0.6093029862507129 0.5654526673494042
0.5372359099085043 0.31708308137136443
0.33841353885267855 0.5319156160419897
0.36489759821969314 0.5510026938418844
0.30843668783980005 0.6136040585343214
0.3755863566319356 0.6026499187146765
0.5135903788643836 0.5049517785139164
0.4988699161137198 0.36046289598705306
0.3757345357793668 0.5251883066798474
0.46549552502725056 0.5508148204195317
0.3807213107501374 0.4643833519263215
0.4261211741848764 0.43852429368062784
0.5200368458670805 0.5441843560784455
0.33110437700814177 0.565953455106413
0.5792885146713671 0.43149574409085123
0.5347491478692479 0.3113121632435192
0.5778330345369886 0.5051532158003091
0.4650729966124211 0.3752366675228678
0.4674390938505144 0.5255963861411469
0.5415035092589834 0.5466304411574593
0.582317261978632 0.45185631241384216
0.5654884152467433 0.4235995180821459
0.4023486789249626 0.5490482309470278
0.5140669104543535 0.2852380464320966
0.5147921724273681 0.4030951427876772
0.5100025056184239 0.4261339548797237
0.6255140021504096 0.5813180453737636
0.39133964966823276 0.5934663335026771
0.3975080450958627 0.4389960669451273
0.42232339431361143 0.5428819342204309
0.3544055144998345 0.6059215632540897
0.647876394239312 0.5284328450047835
0.5589632786411304 0.5019987649530179
0.4173484718751682 0.5626564642421815
0.5537004686473558 0.41832448245002374
0.43289417563288013 0.46366902488400785
0.620377640918998 0.46253678656139563
0.39917263693190064 0.6114542602674906
0.4020069766543254 0.48697758276432856
0.5857827001385594 0.44247689665563594
0.3196318733007931 0.5777753177198365
0.4345470474583565 0.47742305943687513
0.5300901613263413 0.5474927523263422
0.64519411540198 0.5569059783974323
0.3774761326137718 0.48236267266982735
0.5732568632803393 0.38927334673297487
0.2896926578660104 0.6177573308806841
0.41728459152312225 0.41194307360505933
0.4722258052136379 0.5121771176019049
0.5001029752768683 0.3184018542300263
0.6102612392797355 0.5161843037034816
0.478444987344964 0.5575197464642817
0.5096166279633675 0.4891754117044216
0.5724973337896506 0.6054085831020216
0.5960075566844277 0.4459608006788107
0.5316427302054352 0.4182664486030875
0.5842716140386113 0.5555021357465746
0.5570195592959577 0.6130693412197823
0.6391069937175955 0.50011500707241
0.442451682459307 0.4553579014004522
0.43299515555391377 0.5023390620320939
0.5045139257998952 0.3066242128219634
0.5949876437858876 0.43543943488324777
0.6359618676013166 0.5926229138553105
0.5224139126860089 0.5273497278584288
0.526815124942726 0.31649990794508
0.5535531857438352 0.48061675894511124
0.44971391659754645 0.488764378006724
0.5505750156001268 0.403385827119203
0.5370475903562445 0.3447385387460613
0.5532075857075448 0.484468236461743
0.505858861403533 0.42661407665552453
0.5798175158275893 0.5899209842087898
0.44794155826633153 0.45783171617518326
0.631821459818644 0.5378841076294739
0.3747348235455017 0.5021209312859147
0.6003021323462467 0.551291274531034
0.7088257010867812 0.6190083903803368
0.5448101662169553 0.41441879094838097
0.6026921301954904 0.4402336280072825
0.47891066531108073 0.3850865907207086
0.5288973687635505 0.46913116489289275
0.3874460664872087 0.4943715491893952
0.5093386525728479 0.6139966503752239
0.5498219373712534 0.5138629904806437
0.5202819566438764 0.4928726259696624
0.47807674495895247 0.31000630026418785
0.6489048555589378 0.6162986493434219
0.6391633291554984 0.5194320416815408
0.49946568957240733 0.5082912436710856
0.46493197564418687 0.40603623968106417
0.6230196858818641 0.5924790014908088
0.46649678448085286 0.3927653370301851
0.5076126076373444 0.4254194950909993
0.49277960891630257 0.5924278596031882
0.4931375068128181 0.28155663297916234
0.4917578031806219 0.48500662299701347
0.464841101399618 0.541321597124849
0.5022443449460179 0.4379563710120543
0.6023980551892947 0.559434468690726
0.37502527292305177 0.48519830754057613
0.5304960298042686 0.3921242155824186
0.49110236251340733 0.42629855766740543
0.4814746253324753 0.5375362563031593
0.3172785864921278 0.5768155391855055
0.39857591892945066 0.5277106667167165
0.38463409314222285 0.624650439375063
0.5231770211963371 0.2989777437651051
0.43241609371901935 0.5264612024868107
0.5371099850652019 0.5435917398144025
0.39093252741980755 0.5849564176809381
0.4954164011634894 0.4242323016090497
0.3546770512105649 0.6007736714870513
0.4608663685375699 0.5106399905402804
0.3691433968739206 0.5496090070540216
0.5502931628995649 0.37122099145021814
0.5800813883739273 0.6126628415258244
0.3848284741401683 0.5646236378090255
0.5720805707264445 0.4138352487491481
0.47106602047275103 0.42493007461462995
0.5829938869345515 0.40201860091462094
0.43580109342799367 0.6140858967749028
0.5398026531177545 0.5374552034389287
0.3589583810738569 0.6085111697367891
0.5178023158096773 0.5239194021503659
0.5183834639800602 0.43259692559027374
0.39633531117441856 0.5758268254816861
0.4487828371403062 0.464645704850971
0.38077470408618486 0.6108037700242284
0.6386333185557648 0.5170426043026485
0.7071208686331881 0.6110841354160302
0.39502677059743985 0.6041602887923164
0.5437825578827415 0.5657047781171198
0.3979943858818926 0.5083683708157957
0.5705992343291473 0.4100924855742786
0.477285779303284 0.36127748414553096
0.4719128692189861 0.4805546146110684
0.5928610615641227 0.47914979987166073
0.38498621182943715 0.4933162202616851
0.564159789242632 0.5595750142573158
0.5570615642373136 0.5269241467663753
0.5129407588065086 0.3815691330989792
0.46072768632121 0.4370584644231338
0.4703195583216935 0.6110499642592121
0.36545602460477056 0.6133406547838114
0.5006186880747471 0.5677573756619897
0.5358342602133471 0.36236099360261975
0.3200677515354158 0.591419304217561
0.6676933368969521 0.570791285604075
0.4984237854549749 0.36969759200071084
0.5537487823674275 0.4160629510735605
0.3150540708026941 0.614727523095016
0.4970934945594001 0.28086368348564583
0.5728459203550542 0.3977763290511922
0.5723598820270819 0.5948550585235374
0.35010314236244655 0.5892867320361256
0.39499163265610937 0.6105807915322106
0.48774387233335803 0.3593261745209837
0.5595554417385198 0.5742300171678242
0.6869562806652775 0.5904143587058612
0.31905773312162966 0.5957534209953605
0.5164847946325278 0.5457606577199348
0.5996445830092185 0.5432613884142634
0.5159754581726056 0.4779669747240952
0.3718268771125721 0.5698316101535527
0.5401658592651734 0.46901400944580707
0.6574193104062618 0.5288876874845178
0.45070628775315025 0.5193599493608358
0.5986562426294068 0.5329981010223623
0.44495089865685034 0.4100564617103728
0.4724203541262082 0.4804572276108008
0.4226359785892253 0.48180668403954274
0.30209559513334894 0.6094113936032448
0.4850745026491041 0.40466492851515423
0.3985652567043758 0.5941238973714635
0.514526394589378 0.5274650306640611
0.5246982406998535 0.578311551988043
0.33046754073229234 0.5877354242326809
0.568005669384347 0.5679657874762145
0.6406225586857367 0.5338121637183479
0.522116447374267 0.4225742637960178
0.46931992536632383 0.581915240093354
0.540776743305077 0.5186223481118449
0.5330368234183746 0.3210251475942292
0.6790727244832103 0.5841740060655599
0.6150835566411662 0.535697902280939
0.3389078896543152 0.5474279516432676
0.32260330674854953 0.6107381396243076
0.342255021189666 0.5949559628053832
0.48871074652037094 0.5002648513479859
0.45076621042616605 0.4791007213753541
0.3789427460134276 0.520725709627806
0.37513077877997336 0.47235056129255315
0.34430951340347726 0.5457156054948153
0.5453573368922586 0.5219180165612043
0.433447644410061 0.5435359714707836
0.5515029146959085 0.448610639688781
0.4662302924150282 0.4801016909764231
0.5068241503198959 0.42532874880279925
0.47523350498146133 0.3528843755791028
0.6234965261745327 0.5899754364911542
0.5218469450708535 0.38793967051567935
0.6248543392477394 0.4764221668086559
0.4798521968077374 0.550535236214527
0.4868644302587374 0.47776324235243095
0.5687882957732305 0.42893297064465596
0.49181473728895053 0.3291967627884893
0.6254822606806196 0.4905619319982437
0.6441114845329556 0.5945950080547231
0.47735874282025315 0.3855796675228357
0.5144665562033279 0.5554066924255585
0.5632349588715381 0.49397725378076474
0.5069656794638636 0.38683499653135456
0.5737393663731932 0.42423034255578673
0.3613807720354645 0.5886430973697894
0.5727656655342981 0.5347909950602993
0.5758938111176835 0.4109441458711022
0.5797900476244917 0.5911655723345157
0.5746624879298774 0.49133888999345343
0.6705509046658041 0.5537121569658896
0.5557218670264924 0.5634408271432455
0.497489662087929 0.4090235717299556
0.526510071856735 0.32668659372755027
0.3971671264572386 0.5682063440102939
0.4548458885446378 0.3526145360453906
0.4969538440079776 0.4122158591968924
0.5793659919454016 0.4856404939151102
0.3210321464254676 0.5649227647772546
0.6083305006993237 0.45234978661379555
0.512964057614381 0.49889657146227684
0.3944301436904075 0.6045823406495248
0.5182317520791287 0.5825929250434848
0.46030298341885767 0.4703733003341597
0.5810010520637323 0.4814607998318021
0.3777800932748966 0.5051639093698186
0.47933018366121005 0.41991675736978473
0.5524614490735579 0.6247545385109405
0.3963085193429353 0.5611031908324178
0.609620150693176 0.5161498725882073
0.5090939261448958 0.35270626743601774
0.4624943609608497 0.456565946697598
0.4156237355546588 0.6042538165151141
0.49943715016290446 0.6238518222813874
0.4717869308425643 0.6210394043038643
0.4795015133992193 0.3568199928144733
0.34793600365109023 0.5585750256793429
0.2958522902945834 0.6190726045094251
0.5581826769129674 0.3543438706682165
0.5632447916416624 0.3626188031703216
0.5708114562609169 0.595945156557073
0.502645778657371 0.4813001543364078
0.5087733194005096 0.37634384636584084
0.5693407677578363 0.447001518409226
0.42371323369013625 0.5694392024810047
0.6547236852944834 0.5211826247935385
0.48244927779067803 0.514869887906413
0.4281929278571637 0.4654934555034943
0.5523630048085854 0.4192147033105238
0.5332534861468203 0.33856521073170576
0.39128148711603183 0.578639503204041
0.5049136164815289 0.28797859749320065
0.514734318233689 0.4072230220939542
0.5273093149990388 0.6173838997028528
0.5377617884340656 0.4740651328856502
0.6211400713508399 0.5535975896782328
0.5431310636145585 0.566943620661464
0.5743771133453281 0.3800126674128902
0.5378920973913671 0.5691041064634297
0.49284482876073 0.2756860065748733
0.5251119312694627 0.3140597696198316
0.4556652745366693 0.39570032519540355
0.38156320358962315 0.611024607867513
0.5168295254739906 0.4815167658855193
0.46841895664307787 0.36980586303516183
0.5641046385849436 0.549686175298539
0.39632672017580006 0.5486794490696266
0.5528282462580759 0.3896356959837425
0.43776511353461844 0.4882535148086624
0.3124325737865681 0.616938280860108
0.567176596016204 0.6123758972644164
0.6567000899884168 0.590556481513615
0.3204397162916143 0.6206929123341677
0.3155788643622821 0.5912650673481977
0.4799398999474136 0.3765102366340243
0.6311058433685925 0.5816461973658494
0.47898773053535637 0.34575701118423474
0.40438272607889747 0.5525661037222787
0.6538539016797447 0.5693191242711546
0.47819395460047587 0.36141755505183204
0.5124839979346548 0.4336598514300092
0.49016624857437563 0.582824524912648
0.4883875274364875 0.6061682255291396
0.39457265609641345 0.6040140912626248
0.49803719671795654 0.4511314366751571
0.4949387298579907 0.48070591726163125
0.42917041316385474 0.52091061027396
0.42685371935213023 0.5568347503504342
0.5576190947284944 0.40387791767339987
0.43279564645652135 0.5499457980330756
0.5585848351138826 0.4814260720584437
0.5388845776242004 0.4391040635071287
0.4260630099168051 0.5515698214015011
0.5378882166191535 0.45368074752655774
0.37428876368190944 0.5339246322005752
0.70416512709704 0.6064868237660821
0.5908584040946618 0.5324372967330624
0.5941230292744332 0.4169412723690733
0.587283673590999 0.4722682831437016
0.5451108502977986 0.3526503695417941
0.5223259452834105 0.3513275986774572
0.44921095423305535 0.3414045817375625
0.6417208406822187 0.5616710478574163
0.4237489321045619 0.42745521189408964
0.623725087101591 0.6219722573814486
0.5250777165489081 0.5199285851248786
0.5027084945106403 0.5751892018586615
0.5849918172239655 0.4047115981067454
0.4679528973975874 0.44713420391340797
0.47451953200275687 0.32231007029070136
0.3430868541007007 0.5614826972136705
0.4658753106802437 0.37568926056945784
0.48067384943411484 0.6184576600820686
0.4814999244539552 0.6193990720110526
0.6660162469757904 0.5839219354090687
0.45136032914842683 0.5008950245994332
0.35661865859220987 0.5941509940608314
0.35340558080016804 0.611244565528085
0.3368933093404076 0.5893237195591591
0.43610728164656387 0.6027931295995222
0.585942794684785 0.5592574623418833
0.36127428389826155 0.6168094408634185
0.5183189683001711 0.47550682688199153
0.5296723322959648 0.4176819557647241
0.31754215644483275 0.6055845040803942
0.5870827636090387 0.45547748496624674
0.6756884450189907 0.5620488546169644
0.5695864244683296 0.5320308753708229
0.44389040440727434 0.3911317781686263
0.5300199952268032 0.4240933432752243
0.47825160752571616 0.4237743714415684
0.5691512028850151 0.4228365695683234
0.4432185981733482 0.6109625054176128
0.5053883543520464 0.450869951938102
0.41143953230509656 0.5777646172020899
0.6095668264642133 0.5453388156727142
0.5851068110460342 0.4577960616033443
0.4553965947513354 0.36255819675495304
0.48471959336140236 0.41908516178543576
0.5887339335494017 0.6123114991075808
0.42488676746307485 0.3914964980992729
0.4827223166067718 0.33320263944524275
0.6874048867395354 0.5935877679646989
0.5945599513325798 0.4229840579956057
0.5086724048096005 0.3783568986574909
0.5094344888326988 0.6175156868468775
0.492077935176229 0.41456841136053524
0.5181681427100273 0.583902238286409
0.48138469826625385 0.5103620715594132
0.4569734966447151 0.44192579983184166
0.4941195325266122 0.4438617230224947
0.40954577045517015 0.4091840087238783
0.611214622378922 0.4426526650657827
0.5966387658830349 0.6103138030673446
0.3625719551827443 0.5926054528121856
0.5867603966789154 0.46037667534756876
0.44001714817158744 0.591808280039138
0.37467392773558417 0.5285226788654986
0.6174717223185687 0.5064837205723136
0.5069588208259891 0.3286988832115033
0.36762028348325193 0.5262779492874206
0.5913244761569781 0.562951845230186
0.46181124500339144 0.4757084432852172
0.5119522039768707 0.45840120580103016
0.44201958683246 0.5586356186603227
0.3027762040867693 0.610844762052851
0.4137107403570274 0.5964173054086429
0.48096714519251504 0.42396861779448336
0.45907485630339584 0.4728499173746368
0.557961862434902 0.3711567779539341
0.48439702602381185 0.46611146781476864
0.4254730253404344 0.4020355280882567
0.6355912109166509 0.5399942002205059
0.4735249715367149 0.30575099411669726
0.46138704245624906 0.3614755927745088
0.6589794951687554 0.5998636292340978
0.6763519529169545 0.5618985628574563
0.664515257699615 0.5760422202410982
0.38677107722684845 0.5734809576654339
0.5227145216958619 0.3658949340634934
0.5286759487267566 0.3573702380087487
0.5913820928430871 0.42584788877941704
0.4470979636747787 0.5222713592484768
0.466800539616845 0.43485222754930053
0.4388866608716212 0.4488501539070795
0.5847112148467004 0.5923315211831685
0.4836023290408291 0.43132037214727104
0.36428770199558314 0.49497317188301204
0.3390779665142598 0.5729842097039556
0.4014451423428925 0.5217138095349609
0.5113240377928926 0.5650021774749322
0.6167759295794242 0.5768863851203199
0.4345908891012962 0.4832886457033331
0.42655268411602776 0.6014457382885371
0.48262864640840564 0.4934465213667659
0.38396144637314056 0.5108127198277356
0.6172822139855486 0.4560572575157813
0.3818060957677829 0.49722979800075673
0.5026399708349457 0.44940170602646035
0.6428574221425083 0.596170572489003
0.2917601492441957 0.6160724760605276
0.3803835590844967 0.4867704777514861
0.5366707097001353 0.4657767647365221
0.5555509048689045 0.5665129968530079
0.33053202800606163 0.5916653468917554
0.6132206184875073 0.5264715067628369
0.4375948021729654 0.44269680604464823
0.5105077377371748 0.36256995855481555
0.4712751358093471 0.5028541531249833
0.3521887647293074 0.5599406927643975
0.487547172889205 0.3306276670498286
0.49298853019622013 0.41501377714963517
0.4347909602945952 0.4577653079313684
0.4885296880818052 0.5737657773344724
0.5950653923333815 0.4449720837260226
0.4749926402080811 0.3965958922489574
0.693023003062672 0.592682913754132
0.5608742387615872 0.5005528997350887
0.6801912257100147 0.5879226595560147
0.4064491121548527 0.5334419966267666
0.4959535354610355 0.266991440307212
0.6314077150921311 0.5447644450944337
0.3240734702051872 0.6087396227436201
0.4381374295719447 0.50968691505691
0.31714853525914777 0.5795271922358005
0.4424348370935002 0.6221944288015891
0.6733189742994508 0.6176638743711086
0.5376794494459566 0.4449718223517445
0.6179642870284201 0.624301225018179
0.6306519267879012 0.5834629806112228
0.4992000561414457 0.5898266866838541
0.532390654505649 0.4164979480816281
0.494407729150225 0.49603646379529265
0.48653864052679807 0.5255107849283561
0.6053455331063329 0.6134555701140764
0.43192126254240193 0.5843719267898897
0.44649872162785964 0.458499776838313
0.39597399106171316 0.49409508878173003
0.5220742109913248 0.522339614699709
0.4006680134923809 0.44385080631636853
0.48389159586093067 0.4158617320094198
0.5341205807518108 0.5359366716222669
0.6354160048778564 0.5872415033211683
0.43627905883819473 0.5136759030120938
0.3223153535644805 0.5587080325939136
0.36465819315286363 0.4859516262179516
0.5693972490883139 0.37069238491531975
0.38333932200125287 0.4927797838676018
0.4819030123546998 0.3643690435112431
0.4463884810658687 0.48571807269144096
0.5923843231347886 0.4933029258444228
0.48822991968090734 0.5293955974264989
0.44559795127067237 0.6026826167768086
0.3586193493294785 0.5418902848215464
0.37538575815101827 0.5186774109242596
0.5581531057336314 0.43037055163910387
0.36718675556269653 0.6007658507542402
0.6170009226757288 0.5470522042841147
0.4392890147328351 0.5131943037162926
0.5547219732745209 0.5799122242701714
0.4862703835721053 0.44276985835721716
0.6526951529292578 0.5558466382868092
0.5497322606805274 0.4657225261905289
0.46834165787569604 0.45871766275046
0.5323243967575959 0.5468879988647973
0.39092379998653637 0.5850444248685998
0.35812726251625737 0.4978413514457084
0.5408954607733033 0.41577712485988183
0.5929794671153517 0.5641875668520093
0.4202277529289661 0.6204346568147813
0.4073475719067474 0.6055033762256087
0.4456801517313038 0.39829038178472376
0.466028577591336 0.3398236499029157
0.40747620620726677 0.6061532241404067
0.3075725369472462 0.599589912918536
0.6550725770003378 0.5807630733499984
0.5240697502253813 0.30535028110810236
0.4899838016799203 0.48352358677624174
0.4892347861169999 0.5801756263063319
0.5279811389547018 0.3743754951985909
0.5566876353900946 0.4593713694199332
0.5572189818721192 0.556046094998025
0.540556797851662 0.3494617664030827
0.691437389906486 0.6086850398004259
0.48758600214067327 0.6105453115225643
0.5662322624120485 0.4616507020558427
0.5346856561938215 0.447961948102786
0.46176667275920513 0.39264890168946487
0.3859856623084471 0.48351629719130473
0.5326639206320388 0.5418777208434843
0.42053733180620856 0.44221934181878186
0.33201664606435266 0.5699359592462979
0.56155146696206 0.38285312778818814
0.40776695511096583 0.4542774410282904
0.45605904644334405 0.37536822035509554
0.42214096842511095 0.513721480581692
0.42269464319737504 0.4639800062740641
0.42134675018193424 0.48205559785480256
0.36122899736718195 0.5294124259848155
0.6901381361462796 0.605401515848682
0.5680625647897481 0.5318407833271473
0.5951278631462914 0.5562886223854869
0.5760628632324801 0.5346094659815919
0.4210453416905612 0.4311742414152929
0.6024231529596764 0.5551560559978281
0.48486858892359086 0.36445989481824725
0.3752984494327384 0.5177898852007
0.3528019882941228 0.5446808406450235
0.46326624432701347 0.5245137369152707
0.48906170851214614 0.4531082486260387
0.518417760096156 0.45187543438550803
0.45029498891255026 0.5416403631665491
0.48797236561094426 0.5380770173110728
0.5157701283210417 0.3417220109038449
0.5741901784480934 0.39597548105794744
0.43518241400774915 0.5264893168189794
0.6189239593223319 0.5377331015077884
0.6236148533113102 0.5123978461050546
0.569813509172636 0.49601311221182176
0.5808483400709461 0.42432858892622893
0.47142400499508785 0.3109527619835265
0.3789577849936896 0.6187362224141565
0.6757087856927859 0.5817136299865543
0.37445420995168854 0.5410552108197234
0.5309764152683955 0.47998912897139956
0.4001454483017626 0.5185256783973543
0.3749099432409291 0.591849925250694
0.5560826605328015 0.35802312432760763
0.3574646177256222 0.611296929595335
0.4754976962393018 0.4487939219070397
0.5979799802620702 0.5940215495529223
0.6312309533578068 0.5372607611556695
0.5642704783823608 0.40515720202817296
0.4847158904700115 0.4561587729161465
0.5655283234290965 0.5586836057725925
0.40609697188091587 0.5792300348827094
0.5767027644045648 0.42831196374058644
0.4410227612009241 0.5780622375696267
0.5108470449614181 0.437866933655506
0.49332530916330586 0.2621719625851162
0.5043354388484861 0.273527022069889
0.6308940648686546 0.5107489087274679
0.42455069335951123 0.44419331746370516
0.4174386121531476 0.4091142255685668
0.49681702602797084 0.4845740241111427
0.5549381232025947 0.4746548057241655
0.34234761955600024 0.5742799519934088
0.5373075604900847 0.6200554299022975
0.46620164991171 0.4689545238541951
0.596940230879227 0.5897963502099434
0.48406594937910263 0.532721381796378
0.41866106170582496 0.47955995954302055
0.583970279317813 0.6152165883441608
0.5184115068626023 0.5129152181171683
0.5825183234337306 0.6193346669265893
0.4242252162929826 0.5873667118715493
0.6347101084947144 0.5582197617829756
0.41305582185305556 0.4574428711057009
0.6095679040201143 0.47952578516432787
0.618337853033737 0.5880065778525697
0.555863841754785 0.5233905644826586
0.4479781694499999 0.5716663440679712
0.5295591165886483 0.42561802380688407
0.5768126785320373 0.5661319136942056
0.4013860976632331 0.5991031317399704
0.6316047047937887 0.5832924982185836
0.41813712448448104 0.6231927124382839
0.6710070353008452 0.6143366858452396
0.3829359457040592 0.48762694152544483
0.4378809659504921 0.5573010575504859
0.5022371577537914 0.3087106465595355
0.4218585478321437 0.4713916982914579
0.5234299992574275 0.44750382820566703
0.46911918556660825 0.3907827551031767
0.4929807821570298 0.337063376270632
0.5108980646853954 0.3964459686358216
0.5302153489673714 0.507006326348047
0.3951748614305145 0.5567672662864599
0.5331636231787844 0.5941817553002952
0.5994564576876864 0.5428910773772381
0.6792574493771663 0.5813004101296518
0.5191785274455493 0.377549022046095
0.4164143590925077 0.4085684043537553
0.5760545625854792 0.5538964269446296
0.6091110741525964 0.5723445619770948
0.63692838184006 0.49296122056470737
0.6139418701816454 0.5950278080346382
0.48336704673739717 0.4345658256401128
0.5527237226066832 0.45296902093654046
0.349558394644332 0.6237819391007965
0.49232713041062204 0.32154398983713994
0.47174425272563913 0.548433802833543
0.45055672860798435 0.5025501359447432
0.42382317654446444 0.40312055225925403
0.44392981346824767 0.6114423643914405
0.5646202516452911 0.5433495889056178
0.5171895862828826 0.36147607547254723
0.6086499613942499 0.5111548864178312
0.3959584427238714 0.5077819169101718
0.6352118480851294 0.5443011579249896
0.3048088569736135 0.595314608012243
0.588313382869111 0.5254335262270698
0.369357089044819 0.5101139986824711
0.444568017110617 0.5169637837827737
0.39006471456509983 0.5268884572722757
0.4782972607048597 0.4504629106840654
0.6624871628573011 0.6017486602653774
0.5291638205467049 0.3637945655244317
0.5157757619045894 0.519244564533756
0.4394344361437539 0.4114079636334673
0.3627140883487461 0.6244869651469118
0.4244765046979303 0.3810797384959682
0.5957949719790794 0.52836503176726
0.5018538076909224 0.3162113356781727
0.668439035255026 0.617131145624802
0.585725928566711 0.5046257091276429
0.6280198330544815 0.577438955956991
0.44422242932046996 0.5731234919325737
0.5339111328943514 0.4545516349932186
0.498747422197118 0.47433962990122736
0.6077019912288742 0.5771526505937193
0.3900865554472104 0.4530180743359097
0.37664177528881015 0.4800804147006671
0.42718004406409293 0.40980071351608505
0.5421764847929824 0.4062613795069234
0.6301000336113778 0.5589173193718237
0.5085287565261203 0.5460288390723227
0.5888703260158807 0.5493540228526512
0.5000514262361152 0.43640779102436655
0.372914977433328 0.5471840018540651
0.5220192631295075 0.418305976024578
0.5012959481754998 0.37292577248867076
0.3695764751183429 0.5897490934655275
0.38948839281083947 0.4514639361419166
0.6222857995791969 0.5644885075459242
0.36361997624465203 0.5200027874047543
0.5902256083340708 0.5662340104316885
0.5038149969942386 0.3357115037456443
0.4599406938718552 0.40439956244928243
0.6539554303498922 0.5536758112523424
0.4967778314161151 0.6002407986952198
0.3723148237341696 0.565754754332434
0.6365631184413479 0.5111488244611672
0.481199554205592 0.47132029921260576
0.6314478510356025 0.6142464984366217
0.5066885626186457 0.3002057822882793
0.3861093698061937 0.575410740736794
0.5290923949369467 0.6119218194100925
0.39566545323062696 0.5832925637704858
0.6088950870984504 0.6017711954429622
0.5726396520381699 0.5215977176490173
0.4075481601490535 0.5994233511851137
0.4379303731339992 0.41487860541135924
0.5373603630391417 0.5055259285782745
0.6861715114176226 0.5907840255465535
0.4015799844842882 0.4962378662625738
0.5248922383731336 0.613591513361459
0.5226220940236415 0.5891928906896449
0.6488018882594114 0.6011716005307639
0.3775724680698177 0.5482478298825242
0.532856320910659 0.4438596597100368
0.5236362651800998 0.598780400313418
0.46652064712734753 0.3178991122206103
0.6119089201199587 0.5122829775358505
0.398571736458999 0.47534821862465615
0.44109516761626333 0.522894549077375
0.5522992669823223 0.3997448202673364
0.3289409620571321 0.5870781340114154
0.34451233249675073 0.5656689619721446
0.36980829502459645 0.5695345922850819
0.5370146737048791 0.3765992166012311
0.5218332678628003 0.5134141434097437
0.5270245728624626 0.5881326456638981
0.5337781879274822 0.3268899262731627
0.627099399976628 0.5334920358183584
0.5228978726648494 0.6064303370570954
0.6707900619147754 0.5631262035844726
0.4278916015278432 0.5146585067233038
0.5212283598919297 0.5831476798806889
0.5277012113246559 0.31875257341074237
0.5630441090765653 0.49295270312263684
0.39646812698908984 0.5515780011507542
0.450638599206285 0.4457826545923256
0.5531179859129051 0.5804465028556305
0.44297861681601625 0.4170432584548287
0.7023448427624465 0.6063804347902537
0.6358176493501059 0.5552445014443268
0.4191861035370078 0.4977829647004156
0.4833617257408409 0.2827562317180937
0.6140100889634692 0.5550723169539035
0.5762116561869528 0.5501457907456866
0.49870741106298266 0.3264323870043986
0.3955634716353148 0.608165149445944
0.6170398320715135 0.5349211459942452
0.4599477220052689 0.49364934868781885
0.579567822811887 0.42226513088976325
0.5384427008615853 0.39311212650142835
0.4910114537642064 0.5003154319957687
0.5984646215611181 0.4474509020360582
0.47607394872158626 0.6234843097323101
0.5135510395674998 0.5580157099803692
0.5336638245218177 0.4254378734418732
0.4491247968697919 0.346666163955585
0.39564367659345745 0.4384501959008782
0.48627286913155443 0.2989672836644791
0.48432082772787355 0.3606821773713311
0.5937630529858478 0.5836868888815765
0.5064140602147655 0.26218669640737313
0.6733183973653531 0.595163419216567
0.5857403470490178 0.4435417281411771
0.34834373027342247 0.5465093743262667
0.6218086109101751 0.5740159697636038
0.5991607928389916 0.610507845161288
0.5327866485974689 0.3331199007168836
0.4608493266767417 0.47135444146095085
0.42619711887278855 0.532833434570558
0.3222206315956605 0.5884265913250334
0.6825302630385266 0.5948832564804392
0.6157163757774107 0.5919122523776821
0.47717079092123804 0.4725818613698701
0.3725585955014181 0.5741172353205873
0.5365786458461088 0.495501506109398
0.5859138853146335 0.48041115473940166
0.5654949232290637 0.4536649477794399
0.535968979369124 0.3328970285184307
0.5294855775852576 0.4275183471148355
0.650514445874327 0.5820641968560623
0.41863481287725657 0.5460608421624293
0.5063346392616542 0.40113810414846307
0.5670553633612897 0.49230838194705395
0.5450270128500238 0.40652842501882214
0.4849780814085556 0.2805815488353385
0.538055272217702 0.40467798801545596
0.5184351531584488 0.5243226514211025
0.43418545223184335 0.5364338501911574
0.4450326081916067 0.41264975487748756
0.4905288332495178 0.34848447499650725
0.483526568200095 0.5571176358850574
0.45271455253340953 0.5706312054562637
0.4628486576953249 0.42031979511930384
0.5087934441737796 0.3434726774404999
0.5095595770956791 0.5413954449942687
0.4377559582894347 0.478749534908386
0.41844837158060333 0.45577286313628673
0.4678010649523645 0.6078454361830838
0.4578184437642946 0.3670970326460328
0.5728330168806534 0.4148346332967645
0.4999721469429219 0.4007207743537674
0.3674337463411358 0.6075539192974819
0.470433873873524 0.5772551538147089
0.31004157680355793 0.6105387546284097
0.5495159604323374 0.4311519292997622
0.5806835921934833 0.5415303494833396
0.5155324083564324 0.3680865169673069
0.5172518379360833 0.3606778539998432
0.3635604345827208 0.548361596701504
0.5843064275305911 0.49654276811280484
0.489569478898482 0.4972480543033746
0.3479555315512547 0.6173956542330656
0.43818437344455063 0.6084833521502799
0.4761428145041182 0.5736685207776682
0.46909914510745676 0.4350903554909854
0.6262693926372664 0.5464757081320952
0.5712184940034661 0.6218523419096399
0.48995591837250874 0.48374356521307327
0.5367726838374985 0.31725909128914687
0.6002286253496139 0.5974110832579026
0.5720234736447526 0.379562740939945
0.49440189719865324 0.43932992554730255
0.5922858788734828 0.42328015871841407
0.4946018044435748 0.407584615622702
0.5228408440326834 0.32413960905489325
0.5636718880008778 0.5909427339923695
0.3503126230817336 0.5570041482176344
0.6090302929380141 0.57376496286001
0.5096455306961898 0.30779758482475217
0.6161295242689104 0.5846532224646602
0.3763504947198619 0.46553650451248196
0.5682999881465293 0.40024808773092013
0.5579016619576269 0.400843608596993
0.4284787630227911 0.5871483352490827
0.5877114607630822 0.48189626823733966
0.5067424286169973 0.27880881062873253
0.3738799183398639 0.5553898074774076
0.3651628053491839 0.5653790023043077
0.6942378534501711 0.6162225458477525
0.5559564231477296 0.34989179826099903
0.6136524675408759 0.48027173504524967
0.3055912731858331 0.5937047210837546
0.5409790866646397 0.4154795482238891
0.37513695343680076 0.5828761747350881
0.5918384307113708 0.4881531936003838
0.497549985454646 0.2943350961306337
0.49646408046723534 0.5457846024403031
0.4228583058022195 0.6132117981916836
0.4514698251001771 0.41980605288257855
0.4716188866140716 0.3291136307782554
0.455017097495921 0.39006674476164227
0.3477642955264034 0.6106875583859009
0.3298827301472951 0.6084246214407949
0.4640302945801966 0.46780240428992437
0.3777891886216831 0.47485444557703227
0.39743115168904086 0.6165611884623691
0.6037171341398667 0.47375957925796497
0.3980110754014361 0.44604163722799595
0.47907767079383945 0.33207820491032725
0.5339975225195553 0.46185364638978477
0.5580474661702362 0.3989175277834144
0.36921295719324887 0.6170718030415846
0.42557951362788093 0.5704301563360381
0.4516024304998095 0.3413035339079029
0.5220469604308242 0.3172542856873475
0.41517820023115326 0.5984765154262679
0.6075926817907034 0.612825827797661
0.6180785354907672 0.5694318411036008
0.6071145048847025 0.5578354366574054
0.49077208705913333 0.5136896202132423
0.6944132462511375 0.5937257343627458
0.4769365841305001 0.5932859600791154
0.48405116831343675 0.28243492440618057
0.5123083572360743 0.4768827226709661
0.504189260487543 0.3314907471563119
0.5190723521490251 0.5287037506709105
0.40448618315396334 0.5063464164709731
0.45289572181545046 0.6023577299588558
0.47640493608174017 0.5120250980548333
0.487281131518571 0.5536019935780245
0.6844172389893399 0.6088512592099425
0.4894880364164774 0.6133874402262334
0.38111959362634484 0.524646538582266
0.47025782772970415 0.5267062125172185
0.551304674323963 0.48177971084411375
0.5714363648369887 0.5027466339214255
0.5000672654956646 0.5637895082973255
0.42479076025695717 0.3929612205370373
0.35713855742580913 0.6178530420610965
0.5550944325834989 0.5887850421125029
0.611904243628067 0.6188955329552254
0.6575991531498189 0.5332773531100835
0.35746942529382153 0.5596965730126126
0.49572563993536956 0.4642817710819752
0.5360487131614349 0.3416536747799457
0.49348548361495237 0.5665193150429616
0.463765560535606 0.553577025869004
0.3381141224861296 0.6204397910344724
0.4111031016325214 0.4881437292375097
0.5818992371887911 0.593991089556866
0.6097536331237491 0.5104378136567026
0.45291673933786636 0.4078489652988494
0.41760357105032064 0.4111400772236614
0.37830533711334113 0.6037183888627145
0.3894585417848023 0.5336887394714765
0.6508284611137146 0.5472738855811268
0.3688918629820318 0.6208565516020773
0.5517681671248124 0.3788391302668993
0.49463466563677594 0.38780351714196104
0.5362563326519567 0.4673910812995322
0.6224715072994761 0.543035156803465
0.5897081019592703 0.4906880633551254
0.5067400828327417 0.5347532235719364
0.602562846058349 0.45366436689761036
0.4605440867430318 0.4507967363949451
0.4832424236412892 0.3388366041108086
0.5700172178232981 0.4497367189300109
0.5524809218934275 0.5309282746957763
0.6074507596666888 0.4802201640689754
0.4262739824413585 0.40129604108095707
0.4878818822142842 0.4180224457660896
0.47589459745253004 0.39796968215686035
0.5347009670652422 0.31720312655912497
0.5126318557900048 0.5945216065381463
0.494487441688233 0.26124830488025663
0.4699055688750904 0.5381324751187356
0.6905622505954923 0.6039363498823888
0.5642385780569253 0.537687031074369
0.3761969492083679 0.6243729496538987
0.6934596952942812 0.5998897415348725
0.6745417472303961 0.5677500494154009
0.4431259654032015 0.5279830086307302
0.3709030674127004 0.573295607914481
0.3485356382348028 0.5231244340962596
0.3800640016665616 0.5994403275652184
0.4670755463605214 0.5898482340652182
0.38490832162044164 0.5887942896196823
0.4939223896354541 0.2700528419377942
0.43193193090605797 0.5086978197267694
0.4555083037523572 0.39123193427787306
0.5621206659740291 0.4130199898998369
0.4062760096112914 0.5002101180702406
0.47519472823690767 0.5705785079695141
0.4211286647433371 0.5752838331476364
0.42453892885169786 0.5206499319352138
0.40509347739668145 0.47720591182606786
0.5837695796269711 0.5060061653011979
0.5150779778813565 0.4388036856228389
0.5854686088712798 0.5286524726218876
0.6123274749653166 0.6054490941984054
0.41387239623942307 0.5956233275568256
0.3696447493433611 0.5233704173323727
0.5720817083371613 0.43895940362754904
0.3657018724347535 0.5959171462700213
0.35122243165547806 0.5516531913714242
0.6082965828272322 0.5314946582200825
0.6379954147395493 0.567991071644593
0.5801031503709728 0.4284066112519549
0.48197435095375485 0.371849205961562
0.5582496185750296 0.5696957454843166
0.6503449061021572 0.5323936709343896
0.4818674892251058 0.6082784159620395
0.4429780187568777 0.5404842105297633
0.49994841645851984 0.5616622659270879
0.433981541745297 0.43813755139133304
0.6280799362367185 0.6070306345192995
0.5014442549252659 0.4439216919995763
0.43489772514567715 0.37826076550743337
0.5181123950145609 0.3320128250960893
0.5598819039859896 0.3668312957488057
0.48629980920255356 0.4751299540818532
0.41286811481225993 0.589644459666871
0.4444014941495047 0.5896129173679806
0.546703339799617 0.46599035917942633
0.5562968984096444 0.46239227530357796
0.5490581815835733 0.5140865580034808
0.45129510032292675 0.5828160185328278
0.6327536471258378 0.48859530739170376
0.5082598042572055 0.5373728164245979
0.543542905945237 0.41171703157783046
0.3777462283388021 0.5605229175717219
0.6205582709301678 0.5481090926631776
0.4779022012720594 0.5628866514680605
0.4125996207587179 0.4386558677630036
0.5417893339896277 0.5627144142976231
0.45345011859555195 0.3825669526673051
0.4086077820425449 0.5727673255634242
0.5522253962123095 0.4719172526022801
0.4267741232560971 0.599893519755088
0.5443336601221097 0.5205318840731997
0.507131527717812 0.29722894172233927
0.46735992381159774 0.5585193989571382
0.5729380917637523 0.5518510877231816
0.3201257127397066 0.5998356308182536
0.6306291510816938 0.5819142557831688
0.3621358729032036 0.5053801840471083
0.462837303647614 0.4383222123527045
0.4689025138198142 0.5197587419171005
