2 1000
0.895577338016305 0.3528291513226083
0.8156104414794269 0.48404738911930456
0.20989908801086787 0.3270462696876828
0.16824428147310955 0.41846076619640804
0.8846935859086621 0.18146548603038326
0.186458017998816 0.8827240640273043
0.4854828444060354 0.7607042768778639
0.5570272729793909 0.9022044156182042
0.9900703621194716 0.7276139405760416
0.14777365295450873 0.04129888913868207
0.20815407160836985 0.25040359753062236
0.895212186683118 0.7982518951936788
0.484560675079285 0.9906525572077894
0.7928694575689819 0.4245097525442193
0.6247632446410772 0.0712110744329808
0.8660662481996156 0.49012117261057997
0.30311133952968317 0.9951114814387481
0.17576120385367966 0.08572819016131061
0.5468405833284621 0.8719737916270226
0.6180083216999468 0.14355052297414517
0.2702558872284845 0.35697850371172657
0.9513111989829118 0.2031531073375209
0.8943152449162841 0.06102973894374841
0.9901629077337222 0.3048857799593986
0.9555627489829887 0.3590020461549219
0.8060173681382434 0.038874802229418304
0.06467391168306746 0.24228080007273323
0.7686139775920838 0.2383971222896073
0.48169040283152254 0.9748202712584609
0.11366459962484143 0.47312084704297996
0.20269197818031437 0.46111933144738704
0.301962975088255 0.7538859531389136
0.11482319842692001 0.7761263248570094
0.035072892872087924 0.5792421420031755
0.8997672023302938 0.621709367468376
0.7283362071243281 0.9374821286883898
0.191229925688282 0.936581772356035
0.30249196296867964 0.9888960747158989
0.025504898553030064 0.3509336158024636
0.9675641343408832 0.9279817249520057
0.939291061945615 0.16342953878989663
0.1497522224508332 0.17384757789036298
0.89185373401304 0.6498449698260207
0.001972508098712633 0.10227915260004572
0.8083023590023122 0.9117983155360292
0.15039069682975115 0.13222889914216385
0.7262422650512697 0.8496508832622587
0.277610463398683 0.3234853813730709
0.8698470466957763 0.028465682954785798
0.8939522113628919 0.4510886370801134
0.0013868110587107463 0.13636013459386243
0.7795641901168803 0.8202226384820573
0.9299023842777265 0.35178581296785705
0.953457395294042 0.7227385779598409
0.14449986271469473 0.42273643272502737
0.2234708178933903 0.913439402082586
0.7354283183742647 0.18884014531426652
0.661839397185346 0.8937134443061294
0.9957588136480203 0.6626855250425246
0.9974733901212659 0.4380170905963028
0.04022717133560061 0.12209149036381672
0.8146991377573631 0.5030541392340752
0.04349204115368033 0.7454095092667781
0.558891858716944 0.9532774908580866
0.10079385210042713 0.22434693684785734
0.10571217259105958 0.7807930414065224
0.43843748260139226 0.06830269570362146
0.27554113777586287 0.19059100770810466
0.6192830868912143 0.049189744753746045
0.9245389035322185 0.5137082957747741
0.22418216472197794 0.8310799866422488
0.9117225254632543 0.6847736235724434
0.9833880465373728 0.28767632896340734
0.14735182049142626 0.3170236908543559
0.755855503847709 0.4288361178788235
0.16823130435415812 0.47796121035515726
0.6590492127163832 0.15000104564737615
0.9613150580455184 0.20013249239315722
0.9003868686417484 0.0020124041273890114
0.6725830577476308 0.04665523329976273
0.3801422131795612 0.002666362406748002
0.8302991753002343 0.2649398584442173
0.8813918085469722 0.15126537037783905
0.7053417641055449 0.9561950191443502
0.9966370428561164 0.13633324486624332
0.2638680030152205 0.9025823653339846
0.23617158015741457 0.17892537642280437
0.09596584521090723 0.41950620531003524
0.2313164807016581 0.08450659099429825
0.18098871194582566 0.7515152604567897
0.1288878555089905 0.9866177177432075
0.23493047587513238 0.24731089872624923
0.32953288150371207 0.2913498470195147
0.8847748797640019 0.2881921340312167
0.3632621491966709 0.03547503342042302
0.3652864902440657 0.07212985209807332
0.5481164544452282 0.05590708770662034
0.7258585018141492 0.9764465334136734
0.7505939468171101 0.8716088887585531
0.1888615538859436 0.836045829063743
0.04588677176713818 0.7468054255830906
0.9987647283957014 0.6693130682146706
0.8447949018320463 0.9668102883539162
0.06904535594863326 0.6399460828801256
0.6742207699959814 0.21644405866123007
0.047570390581277766 0.875474967016838
0.22755687161727933 0.40849247238616027
0.7631946588324544 0.8148078452897523
0.33471028370148015 0.13372788253445045
0.8416396445596537 0.5744229386879537
0.02458603698652062 0.7457748518115659
0.7587930972337161 0.8482436573604502
0.5732718176818262 0.11523374603758973
0.5725420243931444 0.7736104480428421
0.09887992550353941 0.1512647424043858
0.8536019206728568 0.13824003542576313
0.6101956103429305 0.8844309773830221
0.5297518812124685 0.8330781113276956
0.13050123315600415 0.11745212334700539
0.903206493712072 0.041781341017874785
0.09992608451107399 0.7594410336771124
0.43769442002714565 0.03080521353652732
0.6746164878120243 0.17104505134481085
0.007230679224546788 0.8382318372602976
0.8926184381570116 0.16164642785434014
0.2826216162328833 0.15866727481987042
0.04612284573359626 0.4793019447202316
0.8813449807855355 0.23157892623949816
0.7719599929303537 0.9141670358149075
0.8698281358349619 0.4573845403823946
0.11776730805504287 0.8982735429744652
0.9850659432774687 0.9945414402917492
0.2415259853228402 0.4209725609953726
0.1313657231806835 0.37173421009669105
0.9191646029670927 0.7887021438497037
0.37215169381241653 0.7681946479070643
0.2832877647244221 0.9235224313478363
0.07585210683577104 0.2294583693682839
0.7825992473372694 0.0448827480545233
0.1263545531630753 0.15111238223381296
0.1267525204801505 0.5339763173031455
0.26146245919232136 0.2507279212790612
0.9309770477372882 0.37631878048876655
0.1510287296181153 0.8535322013791654
0.23029944120198076 0.807998795241775
0.9593776868451939 0.8060885864141902
0.379890755313952 0.128629627566073
0.009245991142718846 0.019736321425053105
0.705184085755264 0.13936568490079693
0.9554754244833391 0.387914979805584
0.8356617489845247 0.9489093532378087
0.014331988949852437 0.08560552490169093
0.9723769663683012 0.7201619146193484
0.5458150376167079 0.8723816884279157
0.23574540654328258 0.9427620768076126
0.05698283403801063 0.5163902864969301
0.017020070753065553 0.28293380533682677
0.0689338195495447 0.1513201495476344
0.8982189633755255 0.5085700248467114
0.22607992437371338 0.22703730272629397
0.9278556480363089 0.10007371420001898
0.9060556456429983 0.5613744383055459
0.08308246526161112 0.2615165340667842
0.8079059610891866 0.7674556022510132
0.8936020721653578 0.4360475366047377
0.2960774193944038 0.8417825971617137
0.07623206011468198 0.30518894493890736
0.014419120505081873 0.49548647307572635
0.16465202906302523 0.3327355195983879
0.9547969980378703 0.15788799895378847
0.8734041449730072 0.5562079217370786
0.0411664313093818 0.9970679937916147
0.35397995335673127 0.20821086536181777
0.976899679957336 0.001857367264342602
0.19920066847666784 0.16694862073000938
0.04880910593797816 0.6620696150657676
0.021689483964484668 0.06669093381983893
0.8216730405321723 0.17394412305407136
0.3777553323330455 0.8715235451491316
0.34583301710711134 0.25301223328371103
0.5281798844595608 0.9147700417641677
0.10843164287261675 0.9550393280107292
0.05248150090364878 0.007453128542547094
0.376478417451514 0.04416167703771978
0.8992301335626538 0.5522273264071006
0.6126863418668226 0.8439307962535152
0.22555733233840813 0.15422000762976418
0.8827408893554011 0.11938396593538758
0.37173373722327696 0.7520622693543652
0.7663112724441629 0.19339929833037295
0.3662558454842181 0.7729895380364802
0.011105822195539239 0.6148755031691829
0.8023509234087395 0.8551240955922975
0.7997772862845361 0.5097641693577474
0.02182742175466912 0.5926868816459232
0.08792880322239705 0.39823843131770675
0.09269730591175007 0.9030401380310502
0.16323058044381655 0.4129899105654644
0.014000409866143149 0.9227016625834779
0.8674670975330542 0.4650453240746273
0.1909317664660255 0.8635731482707808
0.24384009566648535 0.9365812206799266
0.14516073030465348 0.04701805624997979
0.17199144419457568 0.41957652981207294
0.9596936353930927 0.37731081638893094
0.29810721953970076 0.8518949510135505
0.8959210774593647 0.9311349856819616
0.4176197321555257 0.9458993344372266
0.13629956174747593 0.08080295809541505
0.27498188082647024 0.787397997013335
0.23980984431907737 0.3046473786259988
0.09641195345534337 0.26791322598526257
0.48191108141181904 0.9904702617075007
0.8843899712674816 0.47396328601252513
0.20908206439041088 0.07365569049768961
0.1712370573999329 0.1608992682466618
0.05613257970694763 0.5479287475039472
0.8277402860618406 0.9436260680930219
0.2732279314933348 0.047229694334141925
0.33676438158819966 0.18210776703146636
0.7575897812135375 0.18467237266179748
0.12400216540180864 0.6424470919222048
0.611051800608534 0.7794685440408157
0.1253165830932399 0.13954873603956341
0.3893542661890773 0.7807357869870358
0.7252972995655494 0.20034682974188356
0.6056037355165806 0.8175997058871576
0.03209315236360566 0.2525741013364782
0.2616055596739829 0.08221299970545659
0.959725885348662 0.9198035622736819
0.8795051999137731 0.015495007611691314
0.22588358559914934 0.27400731807655243
0.06236690534286404 0.1272580758503874
0.313939102040932 0.29563912857706787
0.32064302713452675 0.17692015494213098
0.3846361084242419 0.017632583356655074
0.2608791602090734 0.8128834342794407
0.11590305697089709 0.9167526240390633
0.14987743063481918 0.131594537828001
0.34214930999771154 0.185522610227837
0.5235955516443566 0.8628528188966443
0.10984881117608414 0.5532911682881428
0.019170679210796737 0.6088296104805171
0.6342644443360822 0.02083819024676603
0.8991193001623728 0.9620886213922478
0.02695322939940603 0.4321840677533165
0.32755358932131695 0.2083068961155986
0.8761945363393541 0.5262818150585497
0.8032561465494066 0.2907482826315855
0.38892884078493006 0.8774778774262368
0.8484741108039717 0.059186771572948826
0.9344862149164814 0.20949659846724622
0.6556014826976367 0.8709839838266367
0.18716314788453603 0.2034783287491726
0.024216874290712953 0.9038015966913152
0.9755468855800056 0.09043642162385479
0.7208483905964822 0.3165644265760744
0.4369735081945907 0.09609778532609758
0.9170782919971461 0.4966597823320966
0.05232359091831695 0.05559803892830939
0.6597165103054164 0.14020426219767657
0.8828782963714016 0.34238366880506255
0.8279616735376357 0.06146082121945884
0.13579254356028936 0.970377934506206
0.8418103297808937 0.8325113981240229
0.8930959889356711 0.34394777263534326
0.5934786124926642 0.10165429628375033
0.13851501428665025 0.30627747355883217
0.07715444270457583 0.4104514659278138
0.27416468882097456 0.32782892236309513
0.4123652419671977 0.9240668624086246
0.9987156260727237 0.6505114757647193
0.2505698245050464 0.35606140048980195
0.6809808607492923 0.938984574820437
0.7690625026408276 0.7736341667379725
0.012175661448732056 0.44179984317862364
0.6479872941024887 0.8074127633603585
0.8100253635193508 0.7525914931230882
0.11238365589196919 0.027812623066954312
0.9279612254114343 0.7007014481428796
0.6923941286979974 0.07832024319019859
0.12282130509850742 0.05428577116332389
0.7813736367992609 0.9498990415887437
0.7999251751977173 0.8625982545966913
0.3127635535354474 0.12686042590763236
0.7485967094242193 0.7897210560476673
0.1348787028103855 0.009568477018704669
0.8298321730479475 0.2586139714921095
0.850496691491516 0.22009951039044928
0.03932868848133142 0.6078151714541428
0.07378692977165802 0.899077298527877
0.5262090000124723 0.015178153248124215
0.34415284622516173 0.9211570805314919
0.956080452862119 0.8654949574065147
0.9086834357483661 0.7979738579283627
0.2674100159171058 0.19542673955763656
0.7409723500168315 0.3555954152357145
0.16019303110692873 0.1781946227824336
0.8812327376265245 0.6085545032264829
0.9569053462005226 0.5631081626098877
0.49883985815841736 0.8511350621664182
0.31875762795362417 0.8273245148530279
0.021680570810297617 0.0913538139077209
0.11947253503141386 0.5065856767341159
0.01849454619429114 0.9486529663247161
0.8245208299880212 0.4635960985862634
0.9509436818428606 0.5221058834552821
0.1780827253653221 0.3288670142263772
0.15621113598989744 0.32477241670928003
0.3816798972078974 0.857441419128307
0.10391337871651574 0.0618621963693653
0.8376824900867096 0.5202651097886477
0.9611347859895075 0.6462402623704366
0.8790198093415906 0.3800214914337662
0.6939525006755913 0.2707981743562893
0.743745354924247 0.8364531974438913
0.27160124482535253 0.07504038720400585
0.23297732650256542 0.4576090341943253
0.2046391270668303 0.2599120603533076
0.3033749926679885 0.9187220348299826
0.7707393143403762 0.8033115927726016
0.0771008479833275 0.2633364383573569
0.14574186527280797 0.971646119823276
0.038739351238935016 0.958851104375461
0.9772045656985096 0.5261979568338965
0.3244198624564222 0.8925397465403492
0.5659079714076994 0.7747308239353886
0.9390503282171071 0.49059368959854965
0.17221975593282468 0.2961459781436736
0.6498848520370083 0.07335518162901566
0.6920825888050987 0.06028303535950008
0.11709851082030698 0.7768783824267311
0.06069638015028944 0.5383778072010862
0.20220458676539177 0.8962774037475771
0.9357574731179754 0.8560877858900443
0.17116160329834584 0.7623805027612957
0.4003674552366876 0.8761574526139186
0.8427563700632824 0.16924305665090422
0.09262247918467936 0.37865450592061667
0.05307158005024115 0.44051589796367163
0.24367888354570555 0.8215219132738718
0.9316554332921301 0.8411185469824602
0.7652779117328411 0.30623278329645454
0.4516862311752148 0.885808029263332
0.12771133173839677 0.42332569511943574
0.8415137045353692 0.22092967100575456
0.1379974311428187 0.3023577993421006
0.01219072565341206 0.6378268405828132
0.8212759232405096 0.507005559367958
0.34208190950579376 0.20066252650226846
0.16784992934884257 0.27552254804931575
0.08711621408731518 0.6312590287633049
0.8419639315861345 0.047534884158168755
0.20704954299873535 0.49839827692142646
0.08122459831840056 0.4087123924920648
0.6380150171269748 0.9065900630427624
0.13117202115573456 0.4739238311510777
0.9265703643018627 0.8801591845070589
0.8632226411417082 0.8084733272826414
0.9134761390970705 0.3807618253107339
0.7316190391865272 0.7908058784293432
0.8198117322084743 0.8705962000477483
0.2993344299546389 0.8490600787413861
0.5048100518139048 0.949301748703737
0.8679523635301913 0.46574327227299006
0.6489598947432728 0.9416193437574248
0.83718379105436 0.546882676390201
0.6345084508917147 0.8444508557418993
0.8064203361741853 0.9340972794444642
0.7340015733425697 0.368884131978068
0.7056658258677961 0.9680849641185897
0.29396926064559015 0.267442338589171
0.8243777913158123 0.3188277751226123
0.9568874699602397 0.11240652508774562
0.6998079465423578 0.20635994200193297
0.3117393426792556 0.8388527239832942
0.26085605909503606 0.40509401328170036
0.6097156817441469 0.8590337836315839
0.5656246371523254 0.7796776205471005
0.49352032678628777 0.8345758426464596
2.7890702395838574E-5 0.6896817738226675
0.8766543534202116 0.5214234712776475
0.818720062649473 0.19521620825048625
0.7022865556059052 0.8996503761448812
0.039798893948247094 0.9906786197401015
0.830730269177194 0.419842036975161
0.9786859376604151 0.9442672892926234
0.9615683533613661 0.10033832106105212
0.09786173601856218 0.8898797351777609
0.8099774684657517 0.987148768204236
0.06057670017831773 0.8175439743611953
0.04267930835718092 0.9240192396555702
0.9553790836075721 0.21205968118770624
0.8522894642150864 0.19639777648460366
0.42927074304574075 0.036026365470237964
0.3975329071977983 0.016536816946907007
0.1912816186271702 0.04390128290627948
0.10503827718789349 0.6539223314591539
0.24581684707131102 0.9096245371647494
0.08792982980158015 0.552669662964307
0.13730464718215585 0.8214666075791602
0.6815171288493412 0.19284160929696093
0.07466818467711256 0.27305103468736547
0.3207865167186298 0.2785055388187031
0.12348689574297023 0.8257187647970785
0.3380793719029547 0.09828922578756194
0.42116931264648827 0.9788936439030179
0.7074315799561391 0.9431510909558256
0.7373951724001323 0.2633557118905906
0.21655552449289617 0.06355331950619081
0.9209392406167242 0.691880360539511
0.12013862426955524 0.36546379269205953
0.7928264825532221 0.3308451367578956
0.04485766180761175 0.29978006971033677
0.23643586706882758 0.21348605074364468
0.6662394603100292 0.7600973824745499
0.27007108898758847 0.07175668361850007
0.24211150644502788 0.7797668709827759
0.24735015489481593 0.022733010692879696
0.98784611869558 0.992907410001386
0.3152806289765777 0.8556243356926557
0.7269912627370979 0.8579436367803384
0.7312935691090773 0.9954006838361663
0.7822300162384836 0.35818721731934755
0.28280019613016827 0.012764850951091589
0.9974978527787978 0.7193293436984342
0.23343182616314917 0.8781266579552778
0.05193007697404095 0.45793644843019976
0.5726133294630166 0.9998848335913878
0.930924311259542 0.9570951360945119
0.5392173805650877 0.8837635403912267
0.955075015258147 0.1792953437576208
0.36025154325426 0.8332489605114288
0.1032674185968987 0.5034674777840342
0.6938887257544757 0.28136990260824646
0.9955320808970103 0.008016451143666892
0.6162059856090724 0.8596843080829709
0.06262080975023043 0.3790468742886418
0.8405528447379452 0.1781657815196055
0.40304754100127616 0.13915438394893187
0.08292391014858391 0.19532141992075291
0.1724841004235136 0.8331856339169822
0.8568230783284692 0.5583009057435259
0.7104548473512551 0.12633339235196173
0.9024749229940945 0.37151368923853223
0.3049047722872654 0.007314022738977188
0.05508038258455361 0.7810052069010441
0.004758395787221481 0.031024463021055104
0.9112261158280033 0.0570550806756821
0.3006849894973993 0.08682530248920184
0.08677494292063737 0.30151083432511405
0.6481134465541821 0.1780541961285207
0.6548640670939206 0.06476640501035824
0.2677157420879601 0.17052020538523238
0.8674889195024009 0.2674274398646508
0.9326981082968099 0.27599347282459197
0.8561687725952596 0.9471106781832248
0.1120016581083485 0.025480237312053622
0.010441526104298715 0.0055172382966162115
0.3120240753282181 0.050482085531634135
0.9424440968240989 0.01326836724493341
0.858066386857606 0.24204936787046993
0.8375856887073001 0.17886278684023627
0.6196288471340763 0.8343696708899225
0.9528377535612265 0.6324955522671946
0.9564699215491914 0.7383751735627371
0.657387042465685 0.26762949531099167
0.9122619625241315 0.5679909745465719
0.7754389829725684 0.8390526773831983
0.3214656364226136 0.2954123991355718
0.9587915768772376 0.1371632762480739
0.032055296510600684 0.23203576415519045
0.7868681076382448 0.2212629213598244
0.7132201414298093 0.7961426854469835
0.11995624669624927 0.9442287807804612
0.9434291850513982 0.6824350237962145
0.3458553051722908 0.22383238853062526
0.32663685539756016 0.7870712320884187
0.5643061820147297 0.9744444952901959
0.16577094621600486 0.7712731799664877
0.4682000697284371 0.025806552952132744
0.8574614508939304 0.22140825114333307
0.7692176111419596 0.14428055079515212
0.004959414525067207 0.7218455718285971
0.30528370417463535 0.09840871982881794
0.2570760434132485 0.08564552393957703
0.3994162593718864 0.1503353941479364
0.35665594164969516 0.02372185721374387
0.8824754624869793 0.4120769111469289
0.9362129597952237 0.020866405417194867
0.10283106303485512 0.4531344334730617
0.10649447740648232 0.8088127287582293
0.810520754284839 0.462291376444265
0.2282284895557284 0.8823130955064191
0.4335209392883185 0.8904962574055597
0.9800001383079509 0.80089216451536
0.055483855419170225 0.2521670314609986
0.025379746623158783 0.36146096459516364
0.16130210869713568 0.2777009899613787
0.37492430205997207 0.20026836725566488
0.020965428774141093 0.21273275968942595
0.27562435628429693 0.9409599425794433
0.9542437458743007 0.6235317869263999
0.8092984705787049 0.38560400574219067
0.9567828342024938 0.2914096359722237
0.5505855030879727 0.041996767125296874
0.04663567833066529 0.7303282187370279
0.9753801568847601 0.5638107909497834
0.22832640331660248 0.7880678178743522
0.23365313760475037 0.8390195495142926
0.6363542049319413 0.8744804606890231
0.7119052832230403 0.9044854042839074
0.09069591389322262 0.28214955035979317
0.19113925580586022 0.26273200840679367
0.7401615841443632 0.33927497636153514
0.9968762693853783 0.22350513638403013
0.7819919000211446 0.8390433475086362
0.8444211362866909 0.01526622497650898
0.9848020305212518 0.0029868957796426177
0.6378114312935178 0.14453970781204084
0.4844887135083846 0.7645567077927657
0.7275319886307977 0.906011788744402
0.7083748905033327 0.9739135637649301
0.42160374983066295 0.8015904495539824
0.7017679450732289 0.011508253173390326
0.9518215065777239 0.0028140969496266433
0.5191485336135385 0.8169438580527382
0.7825224740315141 0.7656823105449369
0.9578856284331279 0.7455716747383443
0.04029420216942503 0.9959349187973415
0.06095312073031933 0.1718754915526497
0.09629896388897108 0.444352145434015
0.8016769046168652 0.9259748548306062
0.07204793945690413 0.4667915509042422
0.3017795498492175 0.9348088971875632
0.9743693717046157 0.46237090291951
0.012645506271943274 0.6970757871953421
0.18771914823503455 0.8644484359176496
0.6522200166836402 0.067982100268561
0.7578149063726781 0.4124529366073214
0.8227598462474847 0.5426029109504606
0.24428260420317904 0.9484816333749831
0.9174095504417873 0.05541358128243612
0.13131812291593103 0.627195034592354
0.8371571626039095 0.17575846208821144
0.25654444375238084 0.30488784451273876
0.9504142955975288 0.2622534407079288
0.991592311619356 0.7574438916609493
0.74229995720439 0.14603468388515428
0.8754532439675775 0.8413273544422902
0.2489885537821005 0.9276875936169827
0.8786503344515195 0.7757800168425198
0.902719339491254 0.23067128886191324
0.9786087324429049 0.80438087843831
0.09206020071952392 0.4429419996034991
0.9382848493203712 0.8993126779348156
0.05049834485782445 0.8089105904119821
0.21515422218153646 0.3388816425059843
0.2550990982759058 0.7788132903559271
0.8166950647614487 0.9778275246583743
0.1542682618448442 0.11492404050482519
0.06320621882419886 0.1713969138934408
0.6609862122073126 0.7576795012416899
0.037278242942581086 0.19076281674487938
0.317468813266632 0.2698715479300069
0.9862677181366918 0.7064394648191831
0.017373530633337464 0.5856417256918396
0.975728948271955 0.23147566378217055
0.14339563216094842 0.5968680385454272
0.27100280421767764 0.17470692625214823
0.46742557626635906 0.8692890995240915
0.866868117004892 0.1214274233822299
0.7215012645875203 0.9976104354185508
0.8705213758286077 0.0836601973765122
0.8928203320558046 0.894474167253278
0.2412139401534853 0.9889647245425363
0.7167920715951341 0.8875267914893978
0.39782260635445543 0.9845319651683742
0.4825885830372284 0.02456047117408866
0.09353414386701941 0.1112798521249756
0.5706596438068927 0.9458700040041838
0.1433565232703231 0.22584556970411263
0.8079436042814353 0.7549980516761792
0.9966295178368738 0.3162507784012839
0.365056394193493 0.954747887066099
0.033882048375599605 0.1390844483762591
0.005384281421624837 0.8953764425510816
0.6858121352336463 0.27310073578639216
0.1966985242495738 0.887926603970864
0.3385272042212758 0.938005578487935
0.7276369387240424 0.012772503947764635
0.7698160356064059 0.12695836520042392
0.8164617441214552 0.1432117680981162
0.8271209107291129 0.8056984180274035
0.9942589214856465 0.4030787797236075
0.6960087495446073 0.2747165387641819
0.2841117501927021 0.7599684640543783
0.7185661343071678 0.25372525861179906
0.28292931436001556 0.2364132412446649
0.7291138514449262 0.37914474450142754
0.2664225053610053 0.8586174183358024
0.049461770654410486 0.25868821756530913
0.6775680121998316 0.07617470306338414
0.7579575361040631 0.15388155924414904
0.9801442474164612 0.16403358719334216
0.31920839135803136 0.7974274016742671
0.9201013658981769 0.18627231874224748
0.07525736656574245 0.7794000923317165
0.8164395550901163 0.9395862130586888
0.38247663574163426 0.15852283160405167
0.3114116365015547 0.8181638974423507
0.8878556645427531 0.641844609651902
0.8460007717650153 0.2657751151932831
0.12210725331813188 0.1482083569686744
0.058854392937579214 0.23376598098173884
0.18817569009166524 0.8116014881513182
0.4838047663143875 0.7960899996998954
0.3128046436366422 0.9806683643453775
0.6247087105256752 0.1976392527482197
0.19685462615916216 0.35400394778764466
0.45222519594761323 0.8212186705656395
0.930124174630591 0.1595222681161068
0.7873223365593782 0.28690240426104585
0.8523086035749396 0.45869214460547825
0.21849045531002964 0.20407749185948332
0.7757183911606277 0.9099069438809747
0.9070888376845716 0.9700044618946325
0.8641516149627365 0.8080169942293463
0.32963413390512886 0.023065284215340154
0.8408006273675014 0.7563450536251265
0.15302212136703053 0.00352074080625131
0.7271790167892697 0.11932631078786149
0.655973301718283 0.13761648777143098
0.20622963097108904 0.14516176221031052
0.5440364199482487 0.9192189377120452
0.6501620480274705 0.14313396132300404
0.8259408286192416 0.2657298032324573
0.18454210427220452 0.021862031714797614
0.9915209029574049 0.7556173605186737
0.9156147671548691 0.9452700712319226
0.6911806568751665 0.993874893945112
0.032295272744531034 0.6503573385109533
0.5956359773144155 0.8021896372547943
0.6344077597591724 0.011898161599930401
0.9640549525000696 0.586747938625809
0.8758733079721992 0.04478515117118098
0.6029464146065712 0.08088835995713739
0.5258586351643968 0.7808825083318317
0.05001231299986908 0.22182752267261807
0.7888564292348139 0.08266359929853895
0.3155854103370703 0.27071411703926196
0.027284443335354958 0.790770051083772
0.032978895605538905 0.5586669460428718
0.29094927889865563 0.006997005271845325
0.23048443589948286 0.8857417140904528
0.8241314091624252 0.8341264232881284
0.7919571558677253 0.33636281882340213
0.0864859851381492 0.6465764403395122
0.3394244691437436 0.7758882238694669
0.4713241747405891 0.9080243992607072
0.06228492022346599 0.6072626465031837
0.7803920607108977 0.15560724865359643
0.1627525542945718 0.20375075841774404
0.2986177617457374 0.2594570802454914
0.9957184172867792 0.7585390980606489
0.5886925329276754 0.06267341720624209
0.06887303717982485 0.16986527064905
0.13761274375032073 0.4202420212282737
0.9463021769038646 0.6806763683204959
0.021795364534490935 0.16856857207505827
0.4772067225609349 0.7541813098830417
0.2794848335873229 0.3812465638305098
0.2523886932246481 0.4288528064222972
0.272125015124135 0.1615897926112766
0.9882385969842815 0.9104649416341845
0.0849307588415329 0.5129693634387316
0.7524729929071542 0.9981530476488278
0.7766234802906022 0.24025282548780968
0.9957239301673632 0.27610716094060506
0.8072497560085586 0.7689738934363837
0.8145349898227721 0.10130739975675473
0.8093853906200731 0.7565616175091743
0.8909435905461497 0.6427426058809288
0.1261290440121534 0.45567285186802886
0.6365056170517797 0.8161976917559001
0.9369263545407689 0.5883365073866059
0.7244284306944646 0.8499648025638783
0.8812962964537745 0.8966237881508525
0.18948065354383048 0.7711873431013054
0.8915138268794505 0.42277042503538853
0.09004629302923484 0.021495176570166197
0.08451642386917069 0.4335740783505855
0.8946975943464383 0.2765557829368471
0.7765667933747237 0.8683840026398864
0.06262421254945694 0.4764028643174202
0.25248892134346046 0.9261860494945497
0.19070133187022598 0.7840284224206845
0.8584699958068457 0.5070797870541504
0.2543859473353387 0.25679296691965203
0.9953356129984684 0.6976042606126095
0.7303675516050722 0.8970488113412942
0.9645280160957928 0.7845266240873693
0.6226463641766102 0.054103849511069724
0.1751779476291414 0.2506037634673225
0.6778406244169218 0.9099745720644363
0.27256637837198183 0.24321493598733646
0.9108499646235932 0.49384192399455096
0.02039193758047919 0.04183445629887317
0.11687299434719922 0.9335350314494972
0.6344664674917488 0.1738966653266787
0.9273986391769665 0.29222795177767247
0.8377753573931841 0.228622822470675
0.554221613404479 0.06239951287236578
0.010979339766532537 0.5263226442710215
0.003517266305492317 0.4297650887096952
0.9953970231692957 0.0073117337139816385
0.9675534427282949 0.5139015354594644
0.7890073461103003 0.42532697375044415
0.1229670543245529 0.4830535431936477
0.3683482994248397 0.968542719390388
0.024792319851609124 0.6395382146340611
0.3978044162663098 0.1328569071355502
0.922911453092679 0.24771433937843534
0.6376434603919535 0.10991561620879309
0.5448397185379361 0.8215001908903222
0.24205431758684048 0.8873094411961964
0.0559505602607725 0.8739747731888937
0.30727327430904317 0.10560168832027517
0.41611153978688076 0.8812344233758909
0.05437502791887738 0.6125484858482226
0.1773534773246498 0.9430969388625694
0.317711292902885 0.30083653758104556
0.8910279015066256 0.6432946269826693
0.8396826065543813 0.18942853220663425
0.9025753875214668 0.7689339745117948
0.03200993609803304 0.6977631724333986
0.18694229721133104 0.3712684851056902
0.9537860862535459 0.8671703564062402
0.27483152098948804 0.3465859163659114
0.14119678040510364 0.39933636796523775
0.28808340150823697 0.9596515134868686
0.19969972194076469 0.15088742206850425
0.02045577616488392 0.49367709170508967
0.6246905660885159 0.9445027805821116
0.9901149841852115 0.5461960164375657
0.08415806072115639 0.9218353033871254
0.2926454321894738 0.014511151589373217
0.3153644613542985 0.8190551204607912
0.3201809403030532 0.26880234836509975
0.5895483692958234 0.07946435047863454
0.9147537554512002 0.6911100126439039
0.02740789896391016 0.7682012275793441
0.910306292392292 0.943627281932335
0.3263929639232984 0.22313457196545783
0.35377717076897197 0.9393160633760541
0.9578207544730201 0.8853441889102773
0.9628157246785992 0.03423364161936504
0.08538752594281074 0.18159053877610187
0.03324445162478562 0.8558932169768247
0.19695709054414368 0.22656916262613802
0.14254409227849574 0.8708824646006085
0.115739594946633 0.6629033604234156
0.02908926221992192 0.8384022461150884
0.12732996958352005 0.4497594319659973
0.4828191624747994 0.022553241174174454
0.2982912815126014 0.3278806001283233
0.8217716185721123 0.3495456898518612
0.2800089338917301 0.017903781544257202
0.06442252233513623 0.5467025591219485
0.3609108234756362 0.9707972097618478
0.17517346470905104 0.9084259347529943
0.060535988823866904 0.2718829993320274
0.07080867489577314 0.9247466013189908
0.8803281240797417 0.16476884846310358
0.028316898221905973 0.912783860082191
0.2838849368698483 0.16410216071239814
0.0429736739877985 0.08114600435796293
0.845624209339333 0.1289299503868363
0.053669372024389816 0.21418052073059113
0.8687532032188655 0.9197682433653545
0.9191769641439993 0.6158134239912051
0.976106091167132 0.8623692137449733
0.003684291568704201 0.13489232094138837
0.7235442295441219 0.9431285307887135
0.7411024312685134 0.7613123533666212
0.2575173481178772 0.27936688794308373
0.268458914384742 0.3644464264761066
0.7072667070933336 0.7830461841261369
0.08415901200614007 0.9312625331622117
0.7550070018046521 0.08864798325895873
0.23630533050553137 0.2621993463470744
0.05439578362139619 0.44940862329914233
0.9108044687135473 0.6556810645307852
0.8053494710504844 0.41717583867853514
0.11753036195769762 0.947822737706017
0.09318651121705401 0.4142820916669333
0.8047306260123629 0.8480072686233914
0.4274621977498313 0.07231761005989268
0.8738274526372022 0.42805174838787596
0.7938215490911026 0.9672160558281585
0.9509238231827926 0.20440628999741228
0.883140132068269 0.2702798831999509
0.8951559117567127 0.3578309736710812
0.7740034588034356 0.06863206258867038
0.48123801083798534 0.8190343897396063
0.7973905770435742 0.9152200102544364
0.04525922241089497 0.5902506745531213
0.6485229675611702 0.8341164457541507
0.71374160295349 0.17047785268545457
0.7573117497664577 0.9595968641620115
0.8454917311162664 0.38381195632520837
0.3399197281566808 0.019311857922153952
0.026590356672293813 0.14990116751813365
0.9851092925848772 0.6703762304277413
0.32306360115760646 0.9247179614962067
0.37458286393801654 0.19679050101466788
0.9674678407692173 0.36872960221120576
0.08022747563464205 0.3306806090473716
0.43809883890542234 0.9332041208459563
0.8663735430459187 0.5297566374481012
0.905188561549173 0.22233253024802568
0.418201002682289 0.0779004316531644
0.801438362399359 0.8130517838624771
0.2859871213011269 0.8998959650850944
0.12751246862698262 0.08547481406273316
0.23379541331090514 0.17179169839724096
0.1354746246485352 0.12091859472693911
0.28647561719725745 0.22501686278248978
0.9933831003077257 0.1935282471159454
0.7316384345054682 0.9342303016490277
0.9386435394203189 0.41660090647514547
0.9409121795214793 0.8031851683693731
0.9123044585227542 0.17604062901630757
0.36207374015007554 0.877585217079833
0.0801127988490965 0.14912809170100783
0.17745685482950158 0.1642739722919122
0.8882197181116561 0.8771140468557341
0.6415893934406492 0.751596469620918
0.035884105487658746 0.37112632388355626
0.17556807607130753 0.3613582611326782
0.01678297380265481 0.4791235299482349
0.5697467918784721 0.9057229781480288
0.23891196167970197 0.973254210545358
0.5465824278879832 0.9301987588993319
0.8440368303920402 0.4403107426958669
0.7773262373035095 0.9839049792023409
0.06864317933578334 0.40554899462026084
0.07858145357505053 0.19119019631720635
0.1373271473512928 0.39178374390611714
0.35418039103873244 0.8878865808091823
0.2184500219062443 0.17637615312705324
0.15401206488936847 0.23504393738051832
0.7965417667298325 0.8896843518271553
0.891364467021258 0.008666332393287068
0.6443440326590493 0.040196347371207475
0.27120271914415817 0.7786928818106323
0.624187739587957 0.07933490122252784
0.9297152165653758 0.8573109008915519
0.30844504850231735 0.9681861160569708
0.8738808240247958 0.28720521360400453
0.9536858277688922 0.5666797888025207
0.2971194081425572 0.7590702795763402
0.6115885052890394 0.007133800367017384
0.11670550618060138 0.5279847060670164
0.10375256049658188 0.14025997284868685
0.7706893363938376 0.3697728120653939
0.520548996874305 0.9302240759253512
0.679169732584979 0.09416643036362127
0.9229379442036404 0.6737578368221063
0.11865623045233475 0.8546148846389843
0.24650932863465558 0.7635186827140289
0.5717601059234242 0.11235635891086104
0.19624491942157518 0.3727818228205456
0.8801776141732164 0.5528078060486333
0.8417135680969254 0.8614283685821683
0.08696176374729503 0.7908315762945987
0.9124569896391722 0.37568293791365237
0.008921247850242064 8.80439258789889E-4
0.760838491137669 0.45041149961120386
0.9979414733136424 0.05011919994186409
0.6008289454254833 0.8460512772293237
0.5732217316442567 0.06728836127834625
0.35166317401887726 0.9597569075638351
0.10462304238958298 0.24625010795005176
0.7636451856446961 0.4208204190890268
0.2952066372268174 0.32801972363300147
0.841496121275442 0.9143588113008074
0.28762865976901975 0.2707718559155936
0.7932243880166003 0.8959963332980099
0.9062946088301395 0.6397985974948244
0.5455166950983927 0.9085519278824009
0.3016211650943469 0.7664233997568833
0.9027837539199629 0.039149996010398924
0.4089634843901654 0.9905030072981542
0.3410842316005893 0.05513384939621424
0.9307343101716908 0.12063108418685753
0.9275340746237147 0.9204182373596483
0.4458513718749497 0.9300307873967133
0.8364751687994646 0.8129966480387207
0.7349814527236334 0.9346216835040254
0.9501333142733469 0.14510158360498615
0.44189710450539943 0.020794740787654975
0.1547228624125695 0.27509014141770705
0.933782438639948 0.12732665996782122
0.18843846626740257 0.7992724692455434
0.17680897250289662 0.010094648583591104
0.6691299640410512 0.12492040941077798
0.669775122232886 0.24508564612238826
0.7183458251693551 0.8040166258365476
0.7724063519130613 0.454685867424918
0.834315342479784 0.9642154262099121
0.9272650511569334 0.5873415169710697
0.24593663423392098 0.7632443283572405
0.24238562903714445 0.21316001299904597
0.9114914879290433 0.9840387632762189
0.671822013380535 0.013256619613301823
0.05562295178374388 0.01941089341034652
0.7817649949579999 0.9869683594508561
0.38231396861075295 0.9609155562403286
0.9240542313321242 0.20510240895290155
0.2545583740252799 0.38080194697864045
0.03931068996473719 0.5324398928247506
0.298486783120294 0.14430308707893058
0.952107320928865 0.5368695993629078
0.204750300695832 0.9607718718256454
0.15340560415816884 0.8255087346035281
0.333105512267725 0.8579353337077643
0.18590592581030863 0.3266608690157924
0.12363313604057324 0.6023399388012722
0.9998193238585017 0.6686325310787052
0.9366025005297263 0.8286649234961153
0.22474695496483788 0.00825530809310826
0.12086055712367305 0.29234265635284584
0.9276012752477794 0.30902353266363836
0.27239603359655384 0.9351449850067922
0.8670916638695152 0.3524669086199186
0.39678986253716153 0.15108379242329928
0.8607250824516498 0.3610733056945439
0.21365808257722085 0.10451051742225803
0.5222003470836155 0.901649923878945
0.1482775445128508 0.43340385809731696
0.6212741407731782 0.7745748115285291
0.20975429909180754 0.44805649659336644
0.18721832425171714 0.4664693302579367
0.09722283224359884 0.69615596336185
0.9525858020144257 0.38884747172014433
0.8712452201218701 0.6299740886432817
0.3243282835974325 0.0051647881285266095
0.23295288854230478 0.7728472816328265
0.05521155792393995 0.2269100787544336
0.2659246534955547 0.3395527227705215
0.8495516814371429 0.013322761960390839
0.4887881182600642 0.9545647047762517
0.17624568543662134 0.31277124118110566
0.18240633274736895 0.2090984848483317
0.06176668130072116 0.41530155703546645
0.10843584471721712 0.990215632713
0.665105243402831 0.05381733475162287
0.5662530722411584 0.8846978333125266
0.8288828094962343 0.3988879048897894
0.723447145917535 0.3097332202954731
0.3094246611719501 0.8302622290237655
0.4128886642268851 0.8602802537501233
0.3309062986732051 0.28342818861578134
0.6822915468738308 0.22304189679049458
0.9564179866798095 0.5528899566013986
0.6191430023149216 0.13442480929084144
0.34985939752326956 0.15253242439474102
0.8530548666330328 0.9416370567162622
0.8962667092515701 0.5277032497918661
0.9675161407706463 0.13132492914385763
0.6218932825657391 0.8991409764218962
0.17662606339019082 0.3839377854149978
0.037237894113803516 0.5511596725463244
0.9486644383644947 0.29579749574463177
0.24783866446684133 0.12184426022120387
0.8198664683381539 0.7826372063947904
0.8857972090457914 0.2683688283544109
0.9545645658623674 0.6653194473205919
0.2827847090229848 0.10445053131170712
0.3128146464944238 0.22046054892398903
0.0035462964690217147 0.9994698078167682
0.8491990594357309 0.8181807704438943
0.7932772494775019 0.4322899677378821
0.7855050349582743 0.2928987878229714
0.8368520188594312 0.2232986986198081
0.6678059148035611 0.888990451787231
0.8653534644580513 0.4802832671409246
0.19042216053454586 0.3391537184990604
0.9715168050567856 0.3299143845792608
0.1468784931512498 0.2619096118325879
0.8280423822508293 0.5017287687951913
0.9776203620897118 0.7062550526857019
0.45095004621994483 0.7779195030939219
0.08986167857289984 0.5857895709541574
0.16859616924762544 0.36881775735975697
0.3351951314109767 0.02185962189797941
0.12791653716865847 0.9491289902721374
0.06580812924319179 0.7063028451757768
0.352480974976661 0.03757854524526105
