2 1000
0.4692360933833304 0.5979610207304251
0.42160593960031756 0.3039026303918011
0.5403900436172151 0.3091704502206858
0.5749844754310054 0.41619554511822743
0.32876202761501216 0.478572445355293
0.39347438542065016 0.628030678385485
0.3105688579091035 0.5215186536068068
0.6059764016520128 0.6281763862026152
0.6137609762141776 0.5760695421618364
0.4785502826598863 0.362268351745866
0.688741689501429 0.6634959280986966
0.5879832302876243 0.39943133696274613
0.64130272669006 0.6003241392920262
0.5494005259932382 0.6561546658818207
0.7115193268887255 0.6351309357927113
0.2956727412680684 0.6330959954057918
0.4780310050307792 0.5666047973290527
0.6285156653389158 0.665844984038436
0.5810187758115598 0.45481147378625963
0.577279422704932 0.47917504513819376
0.4301042192369404 0.41937357218699245
0.355287287914679 0.4360868873261522
0.7713976734509228 0.6646309553081133
0.6042753120537078 0.3682471875720186
0.5362318806156487 0.6324775303096069
0.5566372991451011 0.5494372983256011
0.3463010036167051 0.5260316647655072
0.5544004454496027 0.6228843676628085
0.7182866036779121 0.5939123055345589
0.7635312596700465 0.6542994458870204
0.29714462155860477 0.5848470723827339
0.32994263096249277 0.5531617971541027
0.46352572909528744 0.448530510272244
0.5424444584193401 0.4629630706398534
0.46895558915354707 0.30637198791153475
0.5239746959615715 0.4699923219660569
0.44199460998098083 0.4065342696540145
0.6609531995332204 0.4634222938743692
0.460838229100599 0.5258700696642729
0.6222755698523141 0.6044547955544446
0.5706352389788775 0.6431837596704977
0.6827196914227627 0.5802871476646051
0.5772255104125136 0.38028381068767436
0.4942857999625859 0.5976094118965821
0.5453938583094737 0.5818253768106392
0.5382997842650915 0.34619254201368466
0.46609004658714803 0.43083859070859865
0.5449316690604741 0.4770978969857379
0.6643237126122395 0.5098251781977263
0.4132573238696199 0.6424488057045696
0.47279776387358075 0.6572383387296149
0.43792998557301244 0.41861229862161375
0.6096053392414618 0.49588244106797097
0.5178002559582191 0.6035049480090736
0.31839644592132255 0.5181602852745388
0.7345738773146002 0.6009391807370554
0.5244352631356551 0.2900662055364447
0.577069362372614 0.36198866281225106
0.33572334662730896 0.5589971554053466
0.46780607582054134 0.4729754233437724
0.746824713201841 0.6050365860450262
0.4191734176409404 0.4589111416253505
0.5498564224395103 0.574431814375265
0.6058842521893933 0.3529124949898874
0.6522264026448975 0.5768455429649086
0.4936584042116454 0.5235110825249364
0.6096509401894973 0.40530553152845383
0.47609321838616414 0.49418509425285995
0.5186799010596671 0.23072272529794657
0.5232870468933286 0.27663242870873306
0.5309667416107614 0.6178402986517164
0.4148977062124941 0.5617122479492076
0.693796520109714 0.6549049098627
0.5070188307774787 0.32605684857134143
0.7405765584800862 0.637905419773408
0.5037155608080327 0.2122009905166271
0.37259705875216387 0.6558667789192684
0.45807375298529585 0.566271300643212
0.622885906889209 0.6626707674206396
0.736147235279377 0.6005098516780946
0.35606179599107435 0.5626397154890551
0.5114041261898471 0.2533486600659477
0.5080617309082285 0.5055101622577334
0.5352415311166507 0.3336779886072917
0.403131532150827 0.43315811615010014
0.5996764998761775 0.5219167841819781
0.5982327298780212 0.6551761288230049
0.3906898445313738 0.6066890509929924
0.48836075281635505 0.6084816400313421
0.5581200807926019 0.5249497623845665
0.4765931568373535 0.42894876169040963
0.5944543462629438 0.5959981134300749
0.38377316478756995 0.45707434877558095
0.39224102826708285 0.6518166766009731
0.6422514939821916 0.425039254431254
0.35216920090050363 0.5507072003796144
0.6054117488107672 0.6542063123134829
0.5712796061607223 0.44455061916885774
0.46509956883722003 0.34642061106001554
0.2849276349006554 0.5601092925654078
0.6151315838364989 0.4882691484844097
0.7294769748805671 0.5798239330584132
0.4434245818704059 0.3044982535113083
0.296701320784044 0.5336873305963176
0.5317031078900053 0.30656765296988575
0.5072721112680951 0.5904343841052074
0.6385414075929406 0.57211920685178
0.4618169673225283 0.3358917058424473
0.4988664255521751 0.511038973066586
0.3283311524843179 0.5944737231003321
0.47884911794201357 0.5931651492883518
0.30637321365145676 0.6435007184316641
0.5728743054992629 0.523147586018945
0.7080678023289012 0.5350439024740574
0.5210830795262715 0.6029001843731068
0.47010240534343617 0.65135056414074
0.5320524207629539 0.6664461680915562
0.25933535870366176 0.6428679947735514
0.6127070836936496 0.6026000700604077
0.649200051474407 0.6051692887001389
0.33488248183174185 0.6525482759375169
0.6621594576664821 0.6086406362896688
0.5552764086281323 0.47692923982635604
0.6052049648982276 0.6655884792205377
0.6810881825075338 0.5019412407264857
0.37376664669085014 0.4130114890250075
0.502950797599987 0.389648404685242
0.2931649016098079 0.6108791297752615
0.6141245112129379 0.46302862925551413
0.5067777540348484 0.4969177900404854
0.3063104934044869 0.6373861149195437
0.5033005126132652 0.358501813660702
0.698333104425243 0.512749721255696
0.44144243496249036 0.5892135473854591
0.3802643901762821 0.41848315351610255
0.324496712561804 0.4990838125773127
0.3755149321993754 0.5092819092863887
0.5842687665484191 0.5205902765253881
0.5174821507024804 0.2876645800922891
0.4174213521027632 0.6178122927340665
0.36150501637233234 0.4958164463557946
0.5377336885395864 0.4930506840611829
0.40743857119183313 0.38386460112638787
0.523581679546803 0.6506677503113824
0.2781738044591757 0.6038404157644653
0.47311003084766945 0.6188207036607308
0.47546806384819873 0.5001965960036988
0.5300776037341353 0.24475630209963894
0.5020709811433741 0.19220415394049872
0.6880665111207053 0.5926221590537805
0.498596643657392 0.543960760059848
0.6158453467736061 0.5767598399392764
0.5504127366424116 0.33762210118407354
0.525244941166498 0.3112877149066202
0.6200865361549264 0.42444723694229514
0.5322601821899104 0.5017895381397454
0.3696927356229668 0.6096368061228854
0.591383623797823 0.5826444607802825
0.5500450864060037 0.6224372406498484
0.6172818783906276 0.5172661616717473
0.6488687740799332 0.5657288073225339
0.3688318547404408 0.656874843861557
0.518129641829402 0.31762777199493575
0.34543863734541025 0.633565217975454
0.4634565686603863 0.5949655637297586
0.5215779095059471 0.20785543964715825
0.41752603199049254 0.6270993543018079
0.2999478959232046 0.6203569736977944
0.6431573595303972 0.48902558544733465
0.6230581351549326 0.5341428174207714
0.46165857487202855 0.5884905337389051
0.6238711352072147 0.5730165283869023
0.538949163227229 0.6574241331274238
0.5327458632605035 0.317231952322958
0.4336991782462405 0.523590588815093
0.5844583900820081 0.5927541947124463
0.417699931216172 0.5890227146625348
0.5732249317230423 0.43071375814533974
0.409854133766529 0.33782890548135047
0.3939750259560153 0.4096906651010962
0.6617628298550705 0.6086899521373154
0.5014926209649725 0.6519410464769503
0.622801547845532 0.5215542269762744
0.6441219358903618 0.6246772454494252
0.5465695891005046 0.4812948952929649
0.5319268516255253 0.23183968173799785
0.505074730463493 0.5653070706587996
0.479832340672256 0.44084677209929124
0.5411464977819171 0.6555911203199504
0.5840906546891587 0.5620306694217232
0.29887049049663317 0.5262431389216834
0.35936630146602344 0.6258335503862996
0.3329479290127677 0.5912345975270042
0.38028145829808646 0.40688641416001725
0.6041130129228002 0.3471800568374104
0.611894185352385 0.5156633410180089
0.4792624761098284 0.41480772900217133
0.5243006873198096 0.4791816212929102
0.2587932802072035 0.6114684253510754
0.5163053430557818 0.38765418491024484
0.5659792638020722 0.5530759010905776
0.6312003596626098 0.5180337287023496
0.4876114462730443 0.4851710183623592
0.47892004935296906 0.2808524833370013
0.3801090120948779 0.5448764675336586
0.6150273744486172 0.648686633415065
0.5709928239518347 0.34632402035288656
0.553551644084705 0.4028399405767581
0.6716026434757351 0.6582836658115501
0.48978887636902846 0.5623983775181599
0.7207215706439449 0.6388518013136231
0.5869354217581965 0.6594166655575274
0.5330700113496439 0.37825035493868553
0.364600044672312 0.649415206345444
0.5782356322890733 0.562123318691314
0.4525441378275027 0.4712625312045594
0.391486351529153 0.5393736435874699
0.5770294766622117 0.574683157572706
0.47868329747726757 0.653969911892132
0.5486726258735888 0.4328996949429814
0.658096719662856 0.4719008221614346
0.47445174233469867 0.2592924636926116
0.48533309346108233 0.477433385058856
0.39989258401718597 0.6648168432653316
0.6191004558483304 0.6261179138878411
0.5271519475208836 0.3155319137499477
0.35681034787605603 0.4346750170877236
0.24571825321125018 0.6117779610581788
0.5159960663951529 0.638910536708174
0.7102283952562449 0.5595123647157857
0.7116681884162761 0.5447086070293159
0.4833426524969059 0.2534497350310595
0.4483786878422257 0.5991455589771094
0.5898481722773266 0.5531815250780832
0.3795874511214009 0.5970772297493705
0.3207811436382815 0.5946291824165428
0.3882754753385371 0.5704313809956396
0.5026977849197095 0.28641574082288845
0.6144655980337008 0.4328939583921534
0.2690166977533406 0.6302785264208068
0.41410969115324736 0.42811064897650764
0.3707683751454218 0.5402808763177804
0.52081177496938 0.4756528030964561
0.49649414625529564 0.4840501279846523
0.6588265231484531 0.4456061405947459
0.4222709580070564 0.5914485500237204
0.6640263230034116 0.5149281016943505
0.4601831874539576 0.41690366674484824
0.3702405758527225 0.5257466051643944
0.5378770546853938 0.49157795440598684
0.6164690696773797 0.6046818751867066
0.7063153092053875 0.6388250740902214
0.5180124954778592 0.535079394217122
0.4777186824719398 0.2544056417480497
0.4054511906044914 0.4228524245946368
0.5076552020582397 0.44350597076894094
0.6324723963898485 0.5685006748999134
0.32834084584928935 0.5568346277901574
0.501577184449098 0.5106377634102165
0.6076698296846071 0.36897777932362463
0.43913688558047415 0.5335722801067395
0.36018194880572607 0.5490695650572374
0.33928164229762936 0.48569623047271004
0.46142400016046126 0.4818864546231486
0.5267933715668407 0.49349366099194547
0.6012061495705535 0.42654459014770363
0.5192046663637687 0.4819013969060506
0.3014591542642715 0.6112807066298023
0.41382397572184126 0.6073557524628495
0.5166157230084689 0.4808878425033227
0.7077694177875169 0.6004337946093405
0.6647450170908716 0.48923833277961326
0.637663293083802 0.575714695706178
0.732389012606796 0.5851311061515142
0.2300771650682537 0.6548734847933839
0.6171819899496049 0.441559142560899
0.4621394286631546 0.5055231985880972
0.5903981265990262 0.3261648584717467
0.40085680305002036 0.5492932193170449
0.48705170441382006 0.5057873592743373
0.4985418162209492 0.2719796493469202
0.40671718607761564 0.46142805301750633
0.5680790091069369 0.3029952513003624
0.44346215263609834 0.5758843991360186
0.47233583172097837 0.4641040833876007
0.5583093826693853 0.29402996278301763
0.49013796988112257 0.3263435992716648
0.6052380117674566 0.4456477838466182
0.5743583023543526 0.6084697098518868
0.6041748253759504 0.4257672599236615
0.6454526079180193 0.6057905631093774
0.637989831812587 0.6279661509657884
0.38328148997431144 0.6250544342883191
0.448251827236708 0.4184362785129049
0.42521474962487993 0.3503551822496177
0.2958849100274388 0.6657746765818292
0.6329955573379756 0.6231188929255366
0.5301432562625858 0.3568309990319146
0.4092645182790957 0.6648617873628375
0.74268838691136 0.6021782292021728
0.7380947017346667 0.6101764270716682
0.5698089098443715 0.5188280871700628
0.6937586366030343 0.5529139435629152
0.45704016088843646 0.6257797804329215
0.5764800257762319 0.6069762280669188
0.6623613778832085 0.5704671406137565
0.3750482706058774 0.6361524912626517
0.44302754278861867 0.6588055672519941
0.511891233161474 0.36991448783040304
0.6849076176603083 0.645870400752654
0.4944621324086703 0.5342792418680818
0.5345893620043062 0.263700202582658
0.5063899091846729 0.5132425080948432
0.3869506153379827 0.5565498373219336
0.6458918036781902 0.524198690943497
0.48066397590232757 0.27066867343211076
0.43702436713427273 0.4776288341166335
0.3586275071622821 0.5444322300544236
0.575823435855015 0.553070060364488
0.5055159351841093 0.32333069615768006
0.4979206548684961 0.4492004064251499
0.278083331530798 0.6434022397794978
0.39622185903149343 0.5582836952202158
0.3644323333606687 0.40934768461867066
0.39950874815090376 0.6298617524645955
0.5652953828466849 0.6465916853077199
0.5395254911949122 0.3765099025557922
0.5199813499583211 0.2496869039531847
0.6511843115761504 0.5746698912789744
0.31613707066713004 0.6090325636646696
0.5524369998599142 0.3974069099846722
0.49711687772520596 0.44556919876072787
0.6388700679068245 0.6063132622877369
0.5055258393268176 0.4640055610265206
0.4702686716259148 0.49929208049404816
0.3485046792861103 0.544280986747459
0.660898151184771 0.5759066266750528
0.3690327723807434 0.504309705343828
0.5312570090409098 0.3352758953358175
0.4400757686046949 0.46046459702425757
0.36592361087762193 0.41569401502077585
0.5412366787385412 0.4387378705320102
0.45401726084308924 0.40701952052263946
0.6061165456000481 0.5857254034173448
0.6093956142533813 0.49362101408470016
0.5907424112824623 0.36292701484523104
0.5371186013593225 0.34447807236332884
0.4144367933943476 0.4793040326020852
0.590973303414268 0.3414829498783334
0.5238979787084859 0.4488848656804959
0.43594410169933406 0.5877110077633589
0.6834822601384893 0.5781958258625459
0.6088863012887623 0.4363857049911313
0.7545148740591464 0.6524248824785128
0.5557691433969556 0.5642329727832918
0.5517689958680496 0.3168154029697733
0.49609071528474746 0.26236489892647286
0.5605526198771845 0.6592441939009854
0.6218786474794484 0.45525968836869246
0.6645157784611917 0.5270472680285935
0.4855065269529949 0.48009875148584624
0.4181186743830493 0.433595877947498
0.3388512906965737 0.5442537466495045
0.5816102721799845 0.6470275264005415
0.6364056748564243 0.4676290979704004
0.4780585852086823 0.37047447080335005
0.5513984212428322 0.6401227433222235
0.6110581851527619 0.5263017421013015
0.48476696153695154 0.3961460826674764
0.5319452425365759 0.2298619444822404
0.370093179623178 0.4280405504259087
0.524900447776995 0.2852883823928398
0.5478097444140577 0.41989487548658244
0.5728539333750244 0.6640926133683944
0.7280978967965359 0.5939810201956335
0.7229658481788955 0.5939810584669836
0.48686013548647444 0.24124714066285824
0.7170984635732061 0.6154572935438516
0.6700929424147047 0.5173294486001313
0.5345221476866155 0.5871573756436398
0.49299014642484495 0.27203860204946895
0.6881728254731639 0.5250134370103801
0.4741557437415336 0.4371423383910058
0.5964886854239161 0.36724920007522754
0.30169080871086873 0.6216780785680079
0.5819428573012503 0.32822827275097366
0.4821771143206981 0.208743236660621
0.2864446966694558 0.5619786772236384
0.6735740856834577 0.647127866865011
0.5157108027971374 0.24454917188095637
0.7322945343057515 0.6632575697194572
0.26203596932767725 0.6478145943747126
0.4992848251665706 0.4647135314514992
0.49194599387585813 0.47600646553773107
0.6157912169455584 0.5990737552703891
0.3549192859088999 0.5074303486451409
0.39432997838514416 0.6446695103939355
0.5358420568898978 0.4996667791144157
0.682867703111757 0.5310701935621011
0.5584343634646827 0.3803464999054128
0.5218618599291462 0.29405701551773655
0.5695368454074725 0.5152659561170349
0.400244898784637 0.40648589766496057
0.4863860638671118 0.29606842585707716
0.3589167515578877 0.6513386969590813
0.3571998800473386 0.5585628362487282
0.33919567899010095 0.4753444836613231
0.4578357597316175 0.5109344377336659
0.622492745884338 0.48862279855193524
0.47453736230488663 0.4627432621938874
0.5898642894578804 0.45572316418226033
0.34611325789193204 0.6027917816674518
0.5825473873534233 0.44141270946920297
0.6702133510134777 0.5805688802661857
0.38235997721503645 0.4227630679057123
0.47570934982439594 0.44903153787371186
0.5401174478858558 0.4839858753222652
0.5787878662550296 0.4821097700372513
0.5631606812473302 0.4325073880897322
0.26183872666029195 0.5918544096942917
0.4227225969298152 0.32258123537887706
0.5235044704551438 0.23766289277493835
0.3586882037851774 0.4800913064275727
0.2927382247065007 0.5602994972438158
0.422810187856531 0.47016856062593015
0.28156751200772023 0.5960249302904022
0.3047511188775518 0.6490487545611755
0.4810299661787013 0.4199555670685873
0.4445415548971211 0.37411440709855315
0.7215600465295026 0.5782626620832423
0.5779240621343694 0.6025437503315749
0.48703964738882277 0.3826187026719541
0.3311768347304802 0.5410672155620789
0.5045036235797676 0.4116458812693974
0.6080219492585883 0.44264068315649285
0.5143834440115425 0.2180647126323173
0.3431413975896963 0.47561073453636515
0.5916434601319024 0.5050096858619202
0.5647802435061116 0.4380650096825981
0.36507467420100514 0.5188467443064725
0.3672296557449184 0.6519299999794247
0.576760259801337 0.6587539936134484
0.34104283285117476 0.49217864359815955
0.47504736887697685 0.5382683651513526
0.4253199376473076 0.6331290798103771
0.294829681398287 0.6133391529801431
0.49522920515055546 0.6441336433419848
0.4963624948834069 0.5696982486830543
0.5372435588787184 0.5276222215260222
0.7651386986965398 0.630238625079763
0.5796159562431802 0.5269979247563394
0.7656109832094614 0.6452304604810292
0.39646525047817227 0.6299646817598155
0.47606828818348257 0.27756159117593404
0.5694230515081287 0.3814391164973464
0.6488012203371925 0.6560002347566503
0.588505497355036 0.5838927163259753
0.4134089414566239 0.5547385797704117
0.35272810315162384 0.6623606903559239
0.48354343981721926 0.6206406037315759
0.5350258880387582 0.6330057308431205
0.4951769288249056 0.6050711323525773
0.4236100893398457 0.6655911720353888
0.517540859831881 0.3678259484113491
0.47505442391692176 0.42830566853611407
0.3823054098556268 0.6474795448120756
0.6870776465453277 0.6364213369034516
0.6164908942959645 0.40210727096148613
0.3570265057557723 0.6494182526998468
0.535884424007853 0.5451719068506988
0.5633425161475982 0.5063480250948537
0.5678055547906552 0.41338398258147824
0.6745999738390486 0.5763735968928269
0.6526174243423176 0.5718111420713943
0.3656637798555816 0.5466421072403703
0.480598214057141 0.21637113530222618
0.7470465597756496 0.607736923529643
0.37177608550085106 0.5684283686034005
0.720228226689707 0.6278219563186148
0.4798202269956272 0.2420378773461005
0.5499323050591406 0.41183474336463977
0.31957414108227333 0.6324054276538307
0.6876721069595635 0.5604757423285088
0.4771690432398813 0.3114261686691483
0.4440842335220365 0.4010660423372864
0.587845450479939 0.5488925862564878
0.3721905930906695 0.6011067374708465
0.38361842087518383 0.472738981004723
0.49665880965679265 0.6616907441666915
0.2439782962179512 0.6277411359816552
0.5427353522439186 0.47070003849334174
0.4022738969848403 0.5527236472944675
0.3428796242202665 0.4984734513720097
0.4438680802146232 0.5731104787422585
0.5301176527072456 0.47932945408218985
0.5641695299359787 0.31567736823399983
0.6103607723531792 0.5272223748822727
0.33058226231427634 0.5854068260973428
0.5199319209223564 0.4374376507103843
0.3120040103693137 0.6045349459427599
0.3438331175440934 0.5572721265006652
0.6813135288644314 0.491088114196224
0.3258157690346317 0.6643316023494877
0.35987136027086 0.543088322445863
0.31055130483733584 0.5550774813730028
0.4867379058571242 0.4078955943639381
0.7529496826798889 0.6111456729206111
0.7699582508066777 0.6486949896278096
0.5032688830319209 0.3955913637674091
0.41883570568617645 0.47309721624105316
0.5858532704620522 0.3671247615309948
0.6103222298917692 0.5151933881990244
0.5517672414091057 0.541296112556908
0.7001200213005138 0.5280506215627488
0.40429406983069127 0.5492192384018455
0.5466755500587961 0.5061713098843373
0.27926042582368205 0.601318525051074
0.53129020645328 0.29817399081170626
0.5301589644266821 0.47231142599892373
0.5100457118924323 0.3943396086659249
0.6458957194015227 0.5697768697448379
0.5848710994953898 0.42121613761219157
0.28307218944536994 0.5839711777161781
0.5468077112105418 0.3369269614880622
0.5174836298921129 0.5994828675748088
0.4842274328482653 0.28700655087711435
0.4327351181992076 0.31151944138046295
0.47420823883348706 0.28313156009730245
0.6805332959527169 0.5840618839743755
0.39603349538456034 0.49342027367265906
0.34490789099466146 0.5286042367253072
0.5757302188624864 0.5173700267411127
0.2852370795782966 0.5968085565600875
0.49359744142352824 0.18867355053548462
0.3807443697249643 0.42339936104134923
0.5361960248462195 0.3860928915009073
0.22409978864892977 0.6502862237256282
0.5740481853626184 0.557806941099968
0.47528338555143457 0.40823211336338316
0.6903561598338374 0.6252154102608188
0.4587091794518309 0.5372424927473919
0.5664555139300184 0.6309832062331296
0.38884718191348433 0.6549239400345016
0.5565846645014992 0.5710538923084945
0.5362363284383774 0.5989449463023957
0.49121882709225184 0.46069117936245163
0.4182356040281918 0.43127350008761034
0.5560218981262312 0.520895672043333
0.5535989158660208 0.3212915962109507
0.6289684634548472 0.5274344305289944
0.40388886675193836 0.6304252273365889
0.4081473428425858 0.3614277889526888
0.5040659181125131 0.39539357831473165
0.37558788567910073 0.5646950623932138
0.7462662251117359 0.6626858545640542
0.4728984755265343 0.5517972059175854
0.49030382292655594 0.412508006349082
0.5424096363190966 0.484391395273311
0.3500448155025194 0.46278373549232976
0.6237364225266064 0.4939704525271026
0.4175185640670881 0.6266679456287141
0.5038094577913086 0.4376477768134941
0.4998668054798451 0.5516637990204606
0.39267501039967634 0.43443857607457026
0.6037533071825761 0.5205850250058778
0.3149134597418711 0.513853903043796
0.4666778481280842 0.3730705325938187
0.5490514087968651 0.35056370232994605
0.6440873080373755 0.5156633813783006
0.6787917857147227 0.5425979208169253
0.6233560150741105 0.6097690497860939
0.5948412320432377 0.5201187395033935
0.5763073723447917 0.6165226415969918
0.49373535059054185 0.5703720232619469
0.6474042397883479 0.523163651309522
0.33840895431092877 0.6236244058847327
0.6425571146656943 0.6632954338479548
0.44657806972642 0.6400538138300279
0.5268307297300685 0.5467472409857299
0.5164068100508005 0.6397347179486652
0.5110367406987626 0.3354485519959982
0.5085283494520559 0.3789227172454229
0.5424309033229006 0.301060043554108
0.6568816190458859 0.5234506620591843
0.33508691554510395 0.45393159087109924
0.40696192418229304 0.5492525223777197
0.5841424145968873 0.34220848909472446
0.49873180956935415 0.37053015628085706
0.34726788450471846 0.6199087020428089
0.5813030003936362 0.6390881945614196
0.5269373244173432 0.41351716043353737
0.6025929686119543 0.6353612448226953
0.4677748445841401 0.34188934091693857
0.4305781800223657 0.38515845296698425
0.5784706656013759 0.4486216595482728
0.445524041397914 0.42583768736903904
0.3909307028910841 0.5795861834185041
0.5598856742047472 0.6260287715875588
0.2966632896228065 0.603829510599267
0.3947429854974789 0.533293800596789
0.6456612349197725 0.543693918987532
0.5697090263974863 0.5102907848113276
0.4868165843520871 0.6317930250940805
0.6597850436234246 0.6315638148940498
0.48605666406992776 0.3733831162435193
0.5800328700267723 0.5815728712940464
0.6637355851970567 0.4885738109329639
0.4252720540384919 0.31054777883628026
0.44521524106381927 0.4712419722975413
0.4054394763500464 0.38876631791328686
0.5020618542439768 0.4418778676043973
0.424072048284728 0.6303210846818518
0.5183071187689582 0.47055667562675485
0.3961322639903093 0.5075789940837564
0.5569714956029986 0.5063361611467662
0.373939885852666 0.637098730593884
0.7271520815403303 0.5774287360665983
0.6047359460647537 0.4123875964923337
0.47574922759260796 0.569356184267053
0.5486896982404437 0.4093330155029564
0.4058151981920506 0.3429960094379907
0.5305171217195461 0.46709106244731347
0.30122829190680767 0.5620751347101506
0.6643050581601635 0.5821033752907883
0.4708557942305337 0.419240311527455
0.3912808900139485 0.6060881836348879
0.4432140157799559 0.5975936711305526
0.5705768319019914 0.6417379979311707
0.44680995676325486 0.5731297099406661
0.5443662972757494 0.5437982409980335
0.46017116949957215 0.5929887565375523
0.665119303019353 0.5293364816901193
0.4147321656123153 0.36782642051032255
0.3599618627142488 0.5474840353073376
0.40776529323061417 0.35160297807184837
0.7380532768170781 0.5901282909544089
0.7355174480032631 0.654612311109905
0.44168130544620743 0.45136635391146196
0.48336010056792533 0.3781662357810479
0.46898135702463006 0.36916688598524083
0.7016584541790694 0.6570342410922968
0.5307285741557772 0.30724087227492336
0.6232981429152781 0.4289478533720501
0.5278584985765173 0.43965408940210937
0.7293016204798116 0.6563557549148598
0.6592239401444911 0.5637438820897611
0.5988118828924053 0.38381667387711016
0.28479992591001524 0.5545108045475972
0.5439649129608835 0.2759719886011287
0.41043640270340953 0.47062598178919546
0.4919617252291141 0.3641267252443
0.49467668938852283 0.345392615968074
0.5597320429186531 0.6112019138658116
0.6033733412684513 0.4538517994764343
0.7101649405281145 0.6260578995322529
0.46250757724596814 0.3973481641628076
0.485296413026175 0.37317740284551626
0.6017041268227942 0.3760654624665193
0.5144416406572481 0.2857915439901598
0.5043482956785272 0.2468320589957742
0.5193343508773499 0.20657402607036468
0.4652715242137706 0.28989682363020974
0.3831859750358291 0.556543665033067
0.7105772545181663 0.5565921960488569
0.576565069928308 0.5120307489527367
0.5264501366921523 0.506683031631635
0.3325052589698787 0.5320115895306876
0.4947480831003612 0.20723230861390451
0.392152155933014 0.572077777274763
0.47531879189679227 0.5239709465176852
0.33355730432742714 0.5392854363190659
0.4091123792296233 0.643696621166375
0.32770571012811134 0.5529740736816412
0.5266506487973296 0.24997506435524897
0.611005388557368 0.5000308459665752
0.40036369087530443 0.40902661576633803
0.6105129346025965 0.5820586869371718
0.38200867593444376 0.45749478836965796
0.30557476291111585 0.5324466549533977
0.6558628027285056 0.6578295423004581
0.567779141027071 0.6118587490665583
0.43953509249556744 0.5827353776737169
0.3786922876117357 0.4149950079325003
0.5183158998366235 0.5301432299605189
0.5106483214112718 0.3891596764215248
0.6263747262452194 0.6638058987826254
0.38864168393872056 0.5249679716741695
0.4727727223397573 0.3073839425522342
0.3806522416753979 0.6513678235174725
0.4252281393095435 0.6661701119618403
0.3934195487062322 0.6367225511279038
0.43133058161171534 0.31796655208458824
0.5279840217721773 0.31617784807670857
0.5740226485528009 0.5756152436120597
0.4800730045232826 0.5362246486580655
0.4728234192029295 0.3946860311503537
0.3690850563561089 0.4489503800773428
0.4910472698439937 0.5385192721948577
0.6252783731904275 0.6324548130606032
0.5539564877034494 0.38887923320172546
0.528808529145042 0.447795726977156
0.6565977959061274 0.5638649660290396
0.48894998544583024 0.46513026760399445
0.5817566835157036 0.6329859818880371
0.6620251980371101 0.5111790171263602
0.5092838665264384 0.6009519866598299
0.6148765492269763 0.41214956911328304
0.3077168797040417 0.6196289420006743
0.4307613969547841 0.4561305430826048
0.5270294242600686 0.4169887434999515
0.6213872624071717 0.6497448353346996
0.4262817794755127 0.6355529081298154
0.4361299651549537 0.3147013184359837
0.24419070910826868 0.6533332138366577
0.5879829068516971 0.6198078235821515
0.6141031289303701 0.5111963166911583
0.468293784310438 0.6390465126138068
0.5641874050987362 0.5827388355036943
0.4172267293191425 0.3995494039323234
0.6205509499872159 0.5557561220311698
0.3477271337714549 0.43703795125277634
0.3856461380385916 0.583510734225867
0.506382968616532 0.560696984799003
0.5460415971486988 0.2685214283756425
0.6651134997703909 0.6196388746472946
0.4476792437966055 0.49248297528515816
0.5454907456723967 0.31566681878925085
0.4425629173177156 0.657120855445473
0.38673029416659277 0.5682046465039928
0.5793804305828998 0.39079194349324065
0.4949050163190971 0.6347702675223921
0.3470132293327888 0.5188424241482613
0.3969635405761843 0.4106414244626291
0.4079411087519671 0.3634373558974715
0.4238351791172128 0.5446953407851015
0.45756914069531096 0.3628124689744189
0.5527668221558 0.41124922952286413
0.4776567781223803 0.4868197692114685
0.32213340240108856 0.48981887957999115
0.5298953773193875 0.378385557330129
0.7503880303940091 0.6640264232545263
0.4020127883668556 0.5461965600666733
0.5244316184112288 0.5195815917881607
0.3574968231056458 0.550045643348466
0.5667268734488173 0.5011488961494417
0.2598725351603064 0.6613569287663159
0.42901669440529433 0.4992877726538202
0.5031848531151658 0.31499305077458495
0.2688876564430227 0.6310644805082176
0.5699355167715994 0.37177986345020464
0.2910765487627369 0.6383142552732536
0.49393875779881613 0.6582809114076551
0.5504401492343802 0.6062723009603161
0.4206124291293807 0.4901352237183535
0.5041146997439131 0.26677198830024795
0.42959516151208177 0.4364214832462717
0.5724988652709332 0.4189746475552285
0.49839743910223655 0.18016902744783403
0.5195850669689114 0.30840721850075103
0.6946260975882784 0.6383580684371938
0.4636645936684771 0.5024387261108693
0.683414683824184 0.6173228717308843
0.422048634027113 0.42886677330039813
0.471502560905226 0.6326707038839351
0.5130212898259179 0.305821500770992
0.38462791590541656 0.4743268551139195
0.4281669801237262 0.6560681880957168
0.5516188983109142 0.3202836410087786
0.5113219373857072 0.6161363078501535
0.6794298503328238 0.5842445701088124
0.5423020357618453 0.2998894701609186
0.5086790109848512 0.1915002628726119
0.7018729188532022 0.6074616298331402
0.5293469828992626 0.59262358589992
0.6541014516945913 0.5967244510587624
0.4273044830871229 0.6417095698380102
0.3779487241054309 0.42571453065578824
0.40795909758527493 0.37183288529656866
0.427950908647336 0.34271177635790895
0.5546833043165235 0.5205504581171687
0.31338295781500813 0.5303586429815594
0.2904323826274907 0.649252870801124
0.36790947873192603 0.4082746519002235
0.6868919666340803 0.5845309668303543
0.5050971478283853 0.4551788402557727
0.36528261064176804 0.42786535360670075
0.5963228854271381 0.4060963360611226
0.4698345473435358 0.25441822161633465
0.31878912535186155 0.630915691662597
0.4122859208085139 0.5081508609629107
0.5476789152775303 0.2628987976992949
0.514798329641089 0.43415970172614493
0.4950297428708258 0.4020333373478888
0.6035874354273812 0.5851526151367857
0.4079580893365482 0.45600803095683506
0.39612105701469147 0.3633007550994001
0.5999642981666102 0.6633755069424488
0.3257527521138118 0.6382062598980276
0.5878664119526305 0.598201372876822
0.7745133301484671 0.6549538146318783
0.5543084719709692 0.4827091310105929
0.5312677051672152 0.6597719528111904
0.5363108334247684 0.6026069533579211
0.2382368180178399 0.6508933606070406
0.5065097463447995 0.25822442679176605
0.4241227525401805 0.5554784496681294
0.3030033653537493 0.6452608735504098
0.49730206714587966 0.23750250528174954
0.5145712953599354 0.4149990279085891
0.6409761020252358 0.6392817860166378
0.48723014787926056 0.3325287555488564
0.3974178652411845 0.38389663332157076
0.4500173038833549 0.2694299508334037
0.5445125282251155 0.6033968170782218
0.568724080627677 0.3515053240113798
0.47756438458267725 0.3104023858008188
0.6792767012673 0.4809486348755384
0.690526534180829 0.5444428790415496
0.41406330454842144 0.3988150878464848
0.6287886901272796 0.43617627117698354
0.37013421692043436 0.5108204659021135
0.4311831645560942 0.58415114891891
0.3089824845345641 0.49928733659097213
0.33231389903774167 0.4980823954901584
0.5243938386280699 0.2510406720161932
0.5811938698837993 0.6391060595970566
0.7406008480267005 0.6096617018865049
0.6884183193575661 0.6092813150548391
0.4324074004699342 0.37054658936706886
0.4687319296046648 0.5236350321464801
0.5406103737450864 0.23828723009210573
0.4347745670145329 0.3442738156425911
0.40366276689892566 0.3895284121463285
0.5399930370984869 0.4638762885561586
0.5598355762649567 0.6245309234695106
0.6000633069956391 0.5598802507890357
0.4766499873060719 0.3653960073077056
0.6732844694532301 0.5045006027913073
0.48087400632054944 0.5425248682687649
0.48964067025485836 0.26606392892188224
0.6630341504358775 0.515491196623887
0.4982013477252266 0.6613627144133981
0.417644232265178 0.5556765221198051
0.6064009946698268 0.5666760441834722
0.5007250226477583 0.64201516469579
0.41458749432472464 0.45809300503301775
0.6002853345460225 0.4763077177026952
0.5760478427951785 0.5634366742538556
0.3064699874749045 0.6162629824277363
0.3077848591814859 0.6561026471809794
0.5122755929388112 0.4563770906041672
0.4376915195236063 0.6477113911354356
0.49852386193828524 0.527783191614249
0.5046545911297013 0.3014164675891583
0.7753042285415586 0.6586028852468445
0.65733121648677 0.6132305479167892
0.5597031276815057 0.4605833178098686
0.4813840463197955 0.26042483035090924
0.47306954210819696 0.4826591777707362
0.37632165272647466 0.416579759770177
0.3433100914382171 0.5914783867590173
0.38171490722373935 0.38831869574972855
0.5484895037135323 0.4839144236774626
0.6501276096474097 0.4605896868738122
0.48659583758022096 0.26059204301413286
0.5308495202078827 0.4995230278694277
0.33666206807672994 0.46163332500012655
0.42755780359962436 0.6417728882992214
0.47785428049435597 0.5278597050091117
0.586472905567099 0.5823943249346742
0.5069273935336124 0.4450685591117194
0.5990914755201633 0.40855360645865446
0.4270612409606146 0.41932517589345963
0.6007034600432346 0.4709359001264942
0.5865775684151928 0.5677893987151621
0.38006567256958146 0.5464713558389601
0.5031395268431382 0.21546204744643627
0.5869298461259915 0.6075811212282818
0.31669246155833275 0.5348421992367905
0.5340754698500305 0.36030197238232464
0.43419470610944333 0.6153854356547777
0.45205377544035863 0.5674393046549188
0.5461460939926989 0.2978925364264964
0.45096803242818106 0.628150171330309
0.535629797977717 0.3321797381911207
0.48203479889305056 0.2498266502162988
0.4332222632659498 0.6095005438246539
0.6129227737456691 0.5835230495760482
0.6520246465696029 0.49235161232209856
0.5809348819852426 0.5136842640668015
0.5518245400002225 0.5871828156148292
0.4452563045023906 0.4528837986193851
0.6246700445253381 0.5691440589918323
0.36326636542139046 0.5225408660670295
0.42189818361281384 0.39198699980019336
0.47570437602857474 0.2594230181557914
0.6856999945140284 0.5451844158189368
0.34604173719651354 0.6574321258038498
0.41079198438760345 0.35041224180582864
0.29821509688327097 0.5282096924491886
0.30879509502340197 0.549242734135855
0.2921564617338209 0.5825207406257457
0.48150198393797594 0.3365785878928832
0.29669194386350395 0.6081509003181685
0.4416735678219561 0.37800935244037426
0.7328363407097314 0.6400387513143767
0.39869154953353225 0.6401389691133598
0.569730519572642 0.45022730391073185
0.4850452916550876 0.38473855644285226
0.3180725379393461 0.6358390997022637
0.4516683525428541 0.6637964854235006
0.6473547794242746 0.6296280557340536
0.4785597789799686 0.5623031400446018
0.4466292250835039 0.640702001398554
0.6167264099341152 0.6320949273071679
0.4252230433019062 0.3455853218983548
0.3770852778597883 0.45501506726995467
0.4595802936703127 0.4702263182991089
0.5729358655284889 0.42509921897288205
0.7121892776499518 0.614249991061685
0.49355449907795645 0.5531725648335333
0.44998169742275684 0.3495462717429253
0.3206187491758512 0.6662995121052834
0.7207677922647122 0.6224663339049055
0.48943973961034515 0.3411515200933418
0.603823274768349 0.6344482258809786
0.6433849956984373 0.5098441001963256
0.5019863267886427 0.37779165881434396
0.5423115577861589 0.41817309650762746
0.4543446298978959 0.4433796905383969
0.38383790327693823 0.5137197747504
0.5634216618875311 0.38259356769392994
0.32294126284318514 0.61793785616125
0.4726181519884902 0.4747837607990526
0.5175983661480843 0.3129130620677656
0.5821437377283298 0.4905389647724555
0.48939629622232206 0.35432467980462234
0.6110818633924053 0.39311250961632416
0.6849809365218775 0.5306767506118479
0.6379812485034133 0.5145048874076301
0.4768565802036896 0.3845270837206125
0.5246261553112269 0.4076878619038796
0.4747050497323494 0.5666316515306759
0.32614320542350805 0.47607304502642966
0.5162200699327032 0.5410416873292897
0.4419789798322872 0.3603638243303309
0.3904816091756541 0.4973570751011329
0.46699557964108906 0.5812265140139172
0.4376313767572574 0.4264697798239153
0.4563622346330266 0.2506973905684263
0.3097084551357874 0.6048471839680712
0.5811384924476953 0.3379565736577248
0.5186793984586983 0.5185776685510814
0.6240997813057608 0.5969426638975641
0.3714021743492396 0.6328549598021469
0.5457041030328996 0.45401247273000833
0.43562282196312274 0.40007392341003833
0.4065057286747472 0.6420010689950929
0.35521925387581355 0.45235909741511193
0.37595640017028986 0.5670617172528682
0.7731385406286916 0.6518984301970921
0.5478194423087511 0.6156347879361909
0.7063237153764098 0.5654877610114514
0.32310163794644475 0.6056874373268513
0.3341998234723922 0.5694095311874621
0.6965458725202575 0.6356243233840635
0.5037747569743919 0.42175523102095047
0.2525608681241871 0.6356814935588049
0.46621283098451505 0.4557973365423319
0.4038754763469067 0.6342896311193579
0.6474166728882286 0.43419101312455943
0.40367999580111 0.4808026273531879
0.42973029720693123 0.36501780884205726
0.5162996664616011 0.3361582263270544
0.6661402577618717 0.5974758160454263
0.4041139783327945 0.6296514599984918
0.6022537702363249 0.5789995645566565
0.3536105025384224 0.5727838624820955
0.4813171780700036 0.3655863852400085
0.6363620174563088 0.5499246613464259
0.6238374937608725 0.4086518310012953
0.3421064668060101 0.568071296893404
0.3494374565041458 0.5042322152050889
0.6026416932333465 0.6168534949385525
0.6331128540581457 0.6567047847023866
0.3222826784261603 0.6345198105227158
0.6941078324901043 0.5032731815388728
0.4426072355418579 0.4603993310076139
0.6003910720443978 0.6552476592540639
0.5295503388792796 0.40172918151116177
0.7031906139588018 0.5273014247129767
0.506718045831089 0.25771245434489487
0.35918031706390563 0.487764401746024
0.5299837221575191 0.4096949890916999
0.4765221300221888 0.27112968251033365
0.44837984262663433 0.44642337089012785
0.5240308443647166 0.6260980420643453
0.5538708096969583 0.44979372412625895
0.4039957294075974 0.5870127524732903
0.5785971289019078 0.6279459059922372
